Frequency_MHz,Power_dBHz
4.663620000000000232e+02,-9.417213898254470905e+01
4.663622929687500118e+02,-9.319783201217606461e+01
4.663625859375000005e+02,-9.510644252992071301e+01
4.663628789062499891e+02,-9.793536356498657369e+01
4.663631718750000346e+02,-1.027023160549579757e+02
4.663634648437500232e+02,-9.846972754133318517e+01
4.663637578125000118e+02,-1.000885962663753901e+02
4.663640507812500005e+02,-1.021058585750047740e+02
4.663643437499999891e+02,-9.894512361233275044e+01
4.663646367187500346e+02,-1.066421727602363632e+02
4.663649296875000232e+02,-9.694249788525569045e+01
4.663652226562500118e+02,-8.931104730459914265e+01
4.663655156250000005e+02,-9.047348528257900568e+01
4.663658085937499891e+02,-9.661503142408635370e+01
4.663661015625000346e+02,-1.011754841362554060e+02
4.663663945312500232e+02,-9.882776122193297397e+01
4.663666875000000118e+02,-9.802807434702081935e+01
4.663669804687500005e+02,-9.356209677143533554e+01
4.663672734374999891e+02,-9.211460747194108478e+01
4.663675664062500346e+02,-9.241606765636831256e+01
4.663678593750000232e+02,-9.359413257215237536e+01
4.663681523437500118e+02,-9.876449605588548764e+01
4.663684453125000005e+02,-9.607147787250083582e+01
4.663687382812499891e+02,-9.846396777829943403e+01
4.663690312500000346e+02,-1.078245467367151633e+02
4.663693242187500232e+02,-1.117234511832361932e+02
4.663696171875000118e+02,-9.578653238467876463e+01
4.663699101562500005e+02,-9.140803967857139867e+01
4.663702031249999891e+02,-9.212522213041110319e+01
4.663704960937500346e+02,-9.608005445342372752e+01
4.663707890625000232e+02,-9.355994985881963544e+01
4.663710820312500118e+02,-1.017329881796501923e+02
4.663713750000000005e+02,-9.695419637752701192e+01
4.663716679687499891e+02,-9.575778675366792925e+01
4.663719609375000346e+02,-9.587460528445900820e+01
4.663722539062500232e+02,-9.642748524638014374e+01
4.663725468750000118e+02,-9.764622566672812809e+01
4.663728398437500005e+02,-9.356982157906858788e+01
4.663731328124999891e+02,-9.126749905914125804e+01
4.663734257812500346e+02,-9.538099329155735973e+01
4.663737187500000232e+02,-9.800216831830761066e+01
4.663740117187500118e+02,-9.950357016952861500e+01
4.663743046875000005e+02,-1.091785669122829745e+02
4.663745976562499891e+02,-9.829543858440102611e+01
4.663748906250000346e+02,-1.083277996149718234e+02
4.663751835937500232e+02,-9.384135510668875213e+01
4.663754765625000118e+02,-9.261636594558409286e+01
4.663757695312500005e+02,-9.403698500572160413e+01
4.663760624999999891e+02,-9.234196882868603495e+01
4.663763554687500346e+02,-9.023070916504093475e+01
4.663766484375000232e+02,-8.893510653468609917e+01
4.663769414062500118e+02,-9.582800195990256498e+01
4.663772343750000005e+02,-1.048705827579522065e+02
4.663775273437499891e+02,-9.747567351369811206e+01
4.663778203125000346e+02,-9.900235631546011916e+01
4.663781132812500232e+02,-1.052258544031538179e+02
4.663784062500000118e+02,-1.056610467502228943e+02
4.663786992187500005e+02,-9.778824770064605332e+01
4.663789921874999891e+02,-9.386031740511880628e+01
4.663792851562500346e+02,-9.661200726506055503e+01
4.663795781250000232e+02,-9.937665836279930431e+01
4.663798710937500118e+02,-1.093074792918299778e+02
4.663801640625000005e+02,-9.594826809073620666e+01
4.663804570312499891e+02,-9.118724848827029916e+01
4.663807500000000346e+02,-9.169330191527657803e+01
4.663810429687500232e+02,-9.007158302295941610e+01
4.663813359375000118e+02,-8.895146496680837345e+01
4.663816289062500005e+02,-8.819676164383093919e+01
4.663819218749999891e+02,-9.605125693752464144e+01
4.663822148437500346e+02,-9.755976725550229389e+01
4.663825078125000232e+02,-9.706152246976540710e+01
4.663828007812500118e+02,-1.191065276998186278e+02
4.663830937500000005e+02,-9.882599387905038668e+01
4.663833867187499891e+02,-1.011046057939638558e+02
4.663836796875000346e+02,-1.008420017214212123e+02
4.663839726562500232e+02,-1.017285051940628193e+02
4.663842656250000118e+02,-1.014975819007662352e+02
4.663845585937500005e+02,-1.016834825786353491e+02
4.663848515624999891e+02,-1.085065836826201178e+02
4.663851445312500346e+02,-9.684357453698596885e+01
4.663854375000000232e+02,-8.955448005413552437e+01
4.663857304687500118e+02,-9.387042111882198014e+01
4.663860234375000005e+02,-9.134506463927283448e+01
4.663863164062499891e+02,-9.618260896600031629e+01
4.663866093750000346e+02,-9.726945661428777612e+01
4.663869023437500232e+02,-9.251681182569193140e+01
4.663871953125000118e+02,-9.232357900928568029e+01
4.663874882812500005e+02,-9.486064902704099211e+01
4.663877812499999891e+02,-1.004029894300407477e+02
4.663880742187500346e+02,-1.027144809245806982e+02
4.663883671875000232e+02,-9.798336303836907746e+01
4.663886601562500118e+02,-9.677570706739578554e+01
4.663889531250000005e+02,-9.988899616827728778e+01
4.663892460937499891e+02,-9.487004852606857241e+01
4.663895390625000346e+02,-1.031653479655764585e+02
4.663898320312500232e+02,-1.014446990740394767e+02
4.663901250000000118e+02,-1.002718964368227716e+02
4.663904179687500005e+02,-9.568428617849390605e+01
4.663907109374999891e+02,-9.636056566713436666e+01
4.663910039062500346e+02,-9.328967433930584718e+01
4.663912968750000232e+02,-1.022510376819406588e+02
4.663915898437500118e+02,-9.445322172104516767e+01
4.663918828125000005e+02,-9.305316200743986599e+01
4.663921757812499891e+02,-9.304549673824456590e+01
4.663924687500000346e+02,-9.326294943236518975e+01
4.663927617187500232e+02,-9.334413640437890081e+01
4.663930546875000118e+02,-9.251660188750756220e+01
4.663933476562500005e+02,-9.635415973483461016e+01
4.663936406249999891e+02,-9.732234786952686534e+01
4.663939335937500346e+02,-9.515047281580974925e+01
4.663942265625000232e+02,-9.769050803963392582e+01
4.663945195312500118e+02,-9.982613617838515552e+01
4.663948125000000005e+02,-1.062868704411617102e+02
4.663951054687499891e+02,-1.212604982198903372e+02
4.663953984375000346e+02,-1.001195693361854211e+02
4.663956914062500232e+02,-9.374847460774221020e+01
4.663959843750000118e+02,-9.499127560713455409e+01
4.663962773437500005e+02,-9.851485059207932693e+01
4.663965703124999891e+02,-9.226821281037003075e+01
4.663968632812500346e+02,-9.342200581555863437e+01
4.663971562500000232e+02,-9.848667581863324472e+01
4.663974492187500118e+02,-9.556246629056653319e+01
4.663977421875000005e+02,-1.046352353884470290e+02
4.663980351562499891e+02,-9.427588944018827988e+01
4.663983281250000346e+02,-9.018159825715676448e+01
4.663986210937500232e+02,-8.958925843404061595e+01
4.663989140625000118e+02,-9.712061536529944306e+01
4.663992070312500005e+02,-9.882415695663377164e+01
4.663994999999999891e+02,-9.311312182469936261e+01
4.663997929687500346e+02,-9.735001456650209661e+01
4.664000859375000232e+02,-9.371680198770759773e+01
4.664003789062500118e+02,-9.182071761324016279e+01
4.664006718750000005e+02,-1.020980815339907792e+02
4.664009648437499891e+02,-9.376010627393768004e+01
4.664012578125000346e+02,-9.149505707073583949e+01
4.664015507812500232e+02,-8.999633549807059296e+01
4.664018437500000118e+02,-9.291338801621826349e+01
4.664021367187500005e+02,-1.087760925639917673e+02
4.664024296874999891e+02,-9.552987137546438134e+01
4.664027226562500346e+02,-9.791419981299151232e+01
4.664030156250000232e+02,-9.825166928675514555e+01
4.664033085937500118e+02,-1.058546917146123576e+02
4.664036015625000005e+02,-9.202842708468507738e+01
4.664038945312499891e+02,-9.146985967458057587e+01
4.664041875000000346e+02,-1.066069088045578184e+02
4.664044804687500232e+02,-1.013425366957115301e+02
4.664047734375000118e+02,-9.747363828044322531e+01
4.664050664062500005e+02,-9.264193212350048157e+01
4.664053593749999891e+02,-9.734388765626897566e+01
4.664056523437500346e+02,-1.014879354364852020e+02
4.664059453125000232e+02,-9.769487943847543931e+01
4.664062382812500118e+02,-9.739688425529888605e+01
4.664065312500000005e+02,-9.501214539310046803e+01
4.664068242187499891e+02,-1.006887712328862676e+02
4.664071171875000346e+02,-9.215935612496421925e+01
4.664074101562500232e+02,-1.091863718839776567e+02
4.664077031250000118e+02,-9.000455321891220706e+01
4.664079960937500005e+02,-9.174759696460395730e+01
4.664082890624999891e+02,-9.681416959418154988e+01
4.664085820312500346e+02,-9.317538518049730101e+01
4.664088750000000232e+02,-9.312403395187305932e+01
4.664091679687500118e+02,-9.770890368997287112e+01
4.664094609375000005e+02,-9.677705669958996282e+01
4.664097539062499891e+02,-9.549425135542321641e+01
4.664100468750000346e+02,-9.721234934767713298e+01
4.664103398437500232e+02,-9.271838369963511184e+01
4.664106328125000118e+02,-9.799827483680354590e+01
4.664109257812500005e+02,-1.102427539555770011e+02
4.664112187499999891e+02,-1.061781044539027903e+02
4.664115117187500346e+02,-1.024517461289752305e+02
4.664118046875000232e+02,-9.731542663583130093e+01
4.664120976562500118e+02,-1.018541790128185767e+02
4.664123906250000005e+02,-9.788615394921600910e+01
4.664126835937499891e+02,-1.001156573600525235e+02
4.664129765625000346e+02,-9.049568065201691525e+01
4.664132695312500232e+02,-9.002047179559239964e+01
4.664135625000000118e+02,-9.228492509037610603e+01
4.664138554687500005e+02,-9.489337341777510915e+01
4.664141484374999891e+02,-9.548491397957890570e+01
4.664144414062500346e+02,-9.851869306965429018e+01
4.664147343750000232e+02,-9.480035899899743868e+01
4.664150273437500118e+02,-9.475962317961861459e+01
4.664153203125000005e+02,-9.729359298403595346e+01
4.664156132812499891e+02,-8.972917518467934883e+01
4.664159062500000346e+02,-9.460643744191877147e+01
4.664161992187500232e+02,-1.006595256096300943e+02
4.664164921875000118e+02,-9.569013821472067605e+01
4.664167851562500005e+02,-1.018763328441802116e+02
4.664170781249999891e+02,-1.012299714458095110e+02
4.664173710937500346e+02,-1.004524221329837701e+02
4.664176640625000232e+02,-1.062384394489721871e+02
4.664179570312500118e+02,-1.003272083378837465e+02
4.664182500000000005e+02,-9.454860558449496466e+01
4.664185429687499891e+02,-9.120755337775869975e+01
4.664188359375000346e+02,-9.484930565791465540e+01
4.664191289062500232e+02,-9.232617997938274357e+01
4.664194218750000118e+02,-1.004207118944492549e+02
4.664197148437500005e+02,-9.675339611384039529e+01
4.664200078124999891e+02,-9.941570772367890640e+01
4.664203007812500346e+02,-1.051809982983644289e+02
4.664205937500000232e+02,-1.068474998060119106e+02
4.664208867187500118e+02,-9.928201800569357260e+01
4.664211796875000005e+02,-9.670110534541036884e+01
4.664214726562499891e+02,-1.029463087572435853e+02
4.664217656250000346e+02,-9.015067724573634678e+01
4.664220585937500232e+02,-8.806537836978735356e+01
4.664223515625000118e+02,-9.612869055516098626e+01
4.664226445312500005e+02,-9.490080691661552237e+01
4.664229374999999891e+02,-9.570263727108294916e+01
4.664232304687500346e+02,-1.043748315438527499e+02
4.664235234375000232e+02,-1.023264742341093552e+02
4.664238164062500118e+02,-9.563026072236161212e+01
4.664241093750000005e+02,-9.226103177162087832e+01
4.664244023437499891e+02,-9.427263024687110260e+01
4.664246953125000346e+02,-1.028623654432575449e+02
4.664249882812500232e+02,-1.025180691526566790e+02
4.664252812500000118e+02,-1.047119025663398304e+02
4.664255742187500005e+02,-1.018338452910566048e+02
4.664258671874999891e+02,-9.236741945997462722e+01
4.664261601562500346e+02,-8.912835695726867868e+01
4.664264531250000232e+02,-8.926191792479832543e+01
4.664267460937500118e+02,-9.118785618179197172e+01
4.664270390625000005e+02,-8.826866092620809923e+01
4.664273320312499891e+02,-8.808848715878130520e+01
4.664276250000000346e+02,-8.876217243499745280e+01
4.664279179687500232e+02,-8.843691555059214693e+01
4.664282109375000118e+02,-9.737455518502684981e+01
4.664285039062500005e+02,-9.816404657905823683e+01
4.664287968749999891e+02,-9.956757697630079917e+01
4.664290898437500346e+02,-1.043859715444160798e+02
4.664293828125000232e+02,-9.427177350845427384e+01
4.664296757812500118e+02,-8.953910640088625428e+01
4.664299687500000005e+02,-8.966175651812086755e+01
4.664302617187499891e+02,-9.638510465819715023e+01
4.664305546875000346e+02,-9.566758849163775835e+01
4.664308476562500232e+02,-9.205650931504439427e+01
4.664311406250000118e+02,-9.153611034098790356e+01
4.664314335937500005e+02,-9.112049610861596705e+01
4.664317265624999891e+02,-9.227405543337926019e+01
4.664320195312500346e+02,-9.047871214340236179e+01
4.664323125000000232e+02,-9.143795860566527267e+01
4.664326054687500118e+02,-9.526132394410544180e+01
4.664328984375000005e+02,-9.308032494507374111e+01
4.664331914062499891e+02,-9.380848279364421671e+01
4.664334843750000346e+02,-9.499146980414190011e+01
4.664337773437500232e+02,-9.283582340720411707e+01
4.664340703125000118e+02,-9.303990071137029361e+01
4.664343632812500005e+02,-9.336682559872187426e+01
4.664346562499999891e+02,-1.023610683357197360e+02
4.664349492187500346e+02,-1.039829105074452116e+02
4.664352421875000232e+02,-1.035704871500546318e+02
4.664355351562500118e+02,-9.464806644788936296e+01
4.664358281250000005e+02,-1.003509171888318008e+02
4.664361210937499891e+02,-9.759887410304858690e+01
4.664364140625000346e+02,-9.269421429864831907e+01
4.664367070312500232e+02,-9.304428225917099837e+01
4.664370000000000118e+02,-9.038035898012928726e+01
4.664372929687500005e+02,-9.444224457813861306e+01
4.664375859374999891e+02,-1.037820582774192104e+02
4.664378789062500346e+02,-1.012343796783646752e+02
4.664381718750000232e+02,-1.057676339904082141e+02
4.664384648437500118e+02,-1.009408590951016294e+02
4.664387578125000005e+02,-1.041925897456389123e+02
4.664390507812499891e+02,-9.578302727791293592e+01
4.664393437500000346e+02,-9.273330695624375153e+01
4.664396367187500232e+02,-9.164329902250928228e+01
4.664399296875000118e+02,-9.839681573542877402e+01
4.664402226562500005e+02,-9.800335807443289582e+01
4.664405156249999891e+02,-9.275144418683767356e+01
4.664408085937500346e+02,-1.080038288001884723e+02
4.664411015625000232e+02,-9.159449358526876495e+01
4.664413945312500118e+02,-9.204450689666387575e+01
4.664416875000000005e+02,-9.132475958561492746e+01
4.664419804687499891e+02,-9.338362468283804674e+01
4.664422734375000346e+02,-9.322610710820151780e+01
4.664425664062500232e+02,-1.084347351755220359e+02
4.664428593750000118e+02,-1.133900994738903307e+02
4.664431523437500005e+02,-1.011105747875393348e+02
4.664434453124999891e+02,-9.716791289064850901e+01
4.664437382812500346e+02,-9.249344356660509447e+01
4.664440312500000232e+02,-9.299727528773226481e+01
4.664443242187500118e+02,-1.073091173512598857e+02
4.664446171875000005e+02,-9.624902542745914502e+01
4.664449101562499891e+02,-9.622176758322743240e+01
4.664452031250000346e+02,-1.034424951065905276e+02
4.664454960937500232e+02,-9.237314575460055721e+01
4.664457890625000118e+02,-9.536272564869923940e+01
4.664460820312500005e+02,-1.035554030323202142e+02
4.664463749999999891e+02,-1.013340728648251599e+02
4.664466679687500346e+02,-1.073807393019109924e+02
4.664469609375000232e+02,-9.900159617143833657e+01
4.664472539062500118e+02,-9.993842607404371847e+01
4.664475468750000005e+02,-9.677453975489355287e+01
4.664478398437499891e+02,-9.279214439930183289e+01
4.664481328125000346e+02,-9.151398153599346585e+01
4.664484257812500232e+02,-1.042099978402819431e+02
4.664487187500000118e+02,-9.484393995066170646e+01
4.664490117187500005e+02,-9.436183756804751965e+01
4.664493046874999891e+02,-1.058752186676623097e+02
4.664495976562500346e+02,-1.067108591734866536e+02
4.664498906250000232e+02,-9.764167170447193200e+01
4.664501835937500118e+02,-9.497413511209487069e+01
4.664504765625000005e+02,-9.568199616975475408e+01
4.664507695312499891e+02,-9.211793595678869906e+01
4.664510625000000346e+02,-9.207396003341810342e+01
4.664513554687500232e+02,-9.324262990563414633e+01
4.664516484375000118e+02,-9.153815734557498729e+01
4.664519414062500005e+02,-9.016258681765962990e+01
4.664522343749999891e+02,-8.882907367178592040e+01
4.664525273437500346e+02,-9.135739360661017372e+01
4.664528203125000232e+02,-9.070398200106799891e+01
4.664531132812500118e+02,-1.037489143956410373e+02
4.664534062500000005e+02,-9.332272787546132520e+01
4.664536992187499891e+02,-9.306208406777669495e+01
4.664539921875000346e+02,-9.652568841929046073e+01
4.664542851562500232e+02,-9.377470257371975038e+01
4.664545781250000118e+02,-1.068478105074844251e+02
4.664548710937500005e+02,-9.027264456943771620e+01
4.664551640624999891e+02,-9.040181104998681860e+01
4.664554570312500346e+02,-9.599560706153599199e+01
4.664557500000000232e+02,-9.934186338021844165e+01
4.664560429687500118e+02,-9.702961593712275601e+01
4.664563359375000005e+02,-1.046852166645618496e+02
4.664566289062499891e+02,-9.678198463403137453e+01
4.664569218750000346e+02,-9.868361722731143004e+01
4.664572148437500232e+02,-9.570351469877293482e+01
4.664575078125000118e+02,-9.885632872820772832e+01
4.664578007812500005e+02,-1.079735332834492425e+02
4.664580937499999891e+02,-1.040512250966316543e+02
4.664583867187500346e+02,-9.929349929427964128e+01
4.664586796875000232e+02,-9.856305372502606588e+01
4.664589726562500118e+02,-9.690455863704359274e+01
4.664592656250000005e+02,-1.060120396501707489e+02
4.664595585937499891e+02,-9.581935680301188540e+01
4.664598515625000346e+02,-1.047910537036024294e+02
4.664601445312500232e+02,-9.869156353908340407e+01
4.664604375000000118e+02,-1.042663729100902401e+02
4.664607304687500005e+02,-1.007931338411199533e+02
4.664610234374999891e+02,-9.861382656935481350e+01
4.664613164062500346e+02,-9.388361956134792763e+01
4.664616093750000232e+02,-9.014416505556597770e+01
4.664619023437500118e+02,-9.324325990734622849e+01
4.664621953125000005e+02,-9.627594539553894037e+01
4.664624882812499891e+02,-9.822860339280688891e+01
4.664627812500000346e+02,-9.900337893991989802e+01
4.664630742187500232e+02,-9.359982570645222211e+01
4.664633671875000118e+02,-9.206466922144406340e+01
4.664636601562500005e+02,-9.299267301048729450e+01
4.664639531249999891e+02,-9.389274980334450049e+01
4.664642460937500346e+02,-1.005815410558243030e+02
4.664645390625000232e+02,-9.600595221456573825e+01
4.664648320312500118e+02,-9.547540234682199412e+01
4.664651250000000005e+02,-9.223136275779822313e+01
4.664654179687499891e+02,-9.205531386380326353e+01
4.664657109375000346e+02,-9.515129115932933246e+01
4.664660039062500232e+02,-9.953031907947413970e+01
4.664662968750000118e+02,-1.070408744770144551e+02
4.664665898437500005e+02,-1.034782058348668130e+02
4.664668828124999891e+02,-1.028961865991972360e+02
4.664671757812500346e+02,-1.006769859385482704e+02
4.664674687500000232e+02,-9.889848854419069824e+01
4.664677617187500118e+02,-9.414898692417857262e+01
4.664680546875000005e+02,-9.850484234746544132e+01
4.664683476562499891e+02,-9.149136279056996557e+01
4.664686406250000346e+02,-8.648097478873424393e+01
4.664689335937500232e+02,-8.745974772641439188e+01
4.664692265625000118e+02,-9.047301715670596423e+01
4.664695195312500005e+02,-9.546514147345034473e+01
4.664698124999999891e+02,-9.928666391725194273e+01
4.664701054687500346e+02,-9.126173266181970689e+01
4.664703984375000232e+02,-9.549401228538519604e+01
4.664706914062500118e+02,-1.041749986811505835e+02
4.664709843750000005e+02,-1.132439636203517210e+02
4.664712773437499891e+02,-1.041263965618500009e+02
4.664715703125000346e+02,-9.797003563869709808e+01
4.664718632812500232e+02,-1.045724890570364209e+02
4.664721562500000118e+02,-9.747400734844123349e+01
4.664724492187500005e+02,-9.975341136251516616e+01
4.664727421874999891e+02,-9.579065160031113635e+01
4.664730351562500346e+02,-8.987794020746250112e+01
4.664733281250000232e+02,-9.538472296061839018e+01
4.664736210937500118e+02,-1.012911974992915844e+02
4.664739140625000005e+02,-9.872633844775940304e+01
4.664742070312499891e+02,-9.291031822946146690e+01
4.664745000000000346e+02,-8.956059628905356362e+01
4.664747929687500232e+02,-9.157334612527792217e+01
4.664750859375000118e+02,-9.794364955521911043e+01
4.664753789062500005e+02,-9.782771120197577375e+01
4.664756718749999891e+02,-1.019045331230115750e+02
4.664759648437500346e+02,-9.663180061742941973e+01
4.664762578125000232e+02,-9.041699126729301383e+01
4.664765507812500118e+02,-9.047070639234664213e+01
4.664768437500000005e+02,-9.241481925017401977e+01
4.664771367187499891e+02,-1.032048629609846273e+02
4.664774296875000346e+02,-8.847388135499559780e+01
4.664777226562500232e+02,-8.949543914921721921e+01
4.664780156250000118e+02,-9.342444516580060565e+01
4.664783085937500005e+02,-1.026709174052651861e+02
4.664786015624999891e+02,-9.904062955959865633e+01
4.664788945312500346e+02,-9.724012081255537510e+01
4.664791875000000232e+02,-9.208355031235529964e+01
4.664794804687500118e+02,-8.898064456460774352e+01
4.664797734375000005e+02,-8.736050036035069866e+01
4.664800664062499891e+02,-8.789312570699362936e+01
4.664803593750000346e+02,-8.918025167710125345e+01
4.664806523437500232e+02,-1.023811449612098272e+02
4.664809453125000118e+02,-9.824900852950952412e+01
4.664812382812500005e+02,-9.380195472681288038e+01
4.664815312499999891e+02,-9.784880679031243744e+01
4.664818242187500346e+02,-9.277753686976672043e+01
4.664821171875000232e+02,-8.830514139483594249e+01
4.664824101562500118e+02,-9.259396288754049920e+01
4.664827031250000005e+02,-9.927158928482192835e+01
4.664829960937499891e+02,-9.542231141554026408e+01
4.664832890625000346e+02,-9.582760894093593151e+01
4.664835820312500232e+02,-9.793184254895749064e+01
4.664838750000000118e+02,-9.554108611818399766e+01
4.664841679687500005e+02,-9.442186468413706280e+01
4.664844609374999891e+02,-9.026525951122742697e+01
4.664847539062500346e+02,-9.056226234850329604e+01
4.664850468750000232e+02,-9.202418312874273454e+01
4.664853398437500118e+02,-8.959070360095850560e+01
4.664856328125000005e+02,-1.045733758413582564e+02
4.664859257812499891e+02,-9.854905999850878118e+01
4.664862187500000346e+02,-9.916406849107225696e+01
4.664865117187500232e+02,-9.823351287053324654e+01
4.664868046875000118e+02,-1.026456585047967707e+02
4.664870976562500005e+02,-9.394211988008621006e+01
4.664873906249999891e+02,-9.914948215491725136e+01
4.664876835937500346e+02,-1.134593288478731665e+02
4.664879765625000232e+02,-9.422430003354968164e+01
4.664882695312500118e+02,-9.158698240744740815e+01
4.664885625000000005e+02,-8.997605285389295204e+01
4.664888554687499891e+02,-9.039030409836401248e+01
4.664891484375000346e+02,-9.045867854507817185e+01
4.664894414062500232e+02,-8.944167659579157714e+01
4.664897343750000118e+02,-9.406528680376658258e+01
4.664900273437500005e+02,-9.561145835231903334e+01
4.664903203124999891e+02,-9.933915493367025817e+01
4.664906132812500346e+02,-9.150371499059276914e+01
4.664909062500000232e+02,-9.840091513386784072e+01
4.664911992187500118e+02,-1.009016255395302721e+02
4.664914921875000005e+02,-9.723468988800672719e+01
4.664917851562499891e+02,-1.095148796994060945e+02
4.664920781250000346e+02,-1.083331347502817010e+02
4.664923710937500232e+02,-1.036743841148301613e+02
4.664926640625000118e+02,-1.030871903169109061e+02
4.664929570312500005e+02,-9.323961725571386694e+01
4.664932499999999891e+02,-9.016511399646654468e+01
4.664935429687500346e+02,-9.010303303305792610e+01
4.664938359375000232e+02,-9.139581327352721019e+01
4.664941289062500118e+02,-1.010636987638718978e+02
4.664944218750000005e+02,-9.405194732457596274e+01
4.664947148437499891e+02,-9.018530429742604326e+01
4.664950078125000346e+02,-9.332882982161017082e+01
4.664953007812500232e+02,-9.265940033657179242e+01
4.664955937500000118e+02,-9.330245947722082178e+01
4.664958867187500005e+02,-1.046011769544523275e+02
4.664961796874999891e+02,-9.785723735819998126e+01
4.664964726562500346e+02,-8.925129070666966413e+01
4.664967656250000232e+02,-8.986288017694833741e+01
4.664970585937500118e+02,-9.281171706151400258e+01
4.664973515625000005e+02,-8.789773880413500251e+01
4.664976445312499891e+02,-8.754827625358431931e+01
4.664979375000000346e+02,-9.283350984627956848e+01
4.664982304687500232e+02,-9.282398523547834657e+01
4.664985234375000118e+02,-8.752387699376370733e+01
4.664988164062500005e+02,-8.781297442793973573e+01
4.664991093749999891e+02,-8.587449536556269436e+01
4.664994023437500346e+02,-8.665208397614139813e+01
4.664996953125000232e+02,-9.292574994337243766e+01
4.664999882812500118e+02,-1.120671507254901513e+02
4.665002812500000005e+02,-9.315248325808207142e+01
4.665005742187499891e+02,-9.773607302840524369e+01
4.665008671875000346e+02,-9.129728661467213158e+01
4.665011601562500232e+02,-9.223854602415886461e+01
4.665014531250000118e+02,-9.715327908290905157e+01
4.665017460937500005e+02,-1.013061304374307667e+02
4.665020390624999891e+02,-9.209752630886372060e+01
4.665023320312500346e+02,-9.024510796203151131e+01
4.665026250000000232e+02,-8.834144026328759480e+01
4.665029179687500118e+02,-9.474831874222144279e+01
4.665032109375000005e+02,-1.016519808833873952e+02
4.665035039062499891e+02,-1.009373247056834657e+02
4.665037968750000346e+02,-9.284451143189446043e+01
4.665040898437500232e+02,-9.076975366971454662e+01
4.665043828125000118e+02,-9.253738808199385346e+01
4.665046757812500005e+02,-9.516410906191691765e+01
4.665049687499999891e+02,-9.604060461005431648e+01
4.665052617187500346e+02,-9.197354750756861108e+01
4.665055546875000232e+02,-9.105273610238961624e+01
4.665058476562500118e+02,-9.352406652017614874e+01
4.665061406250000005e+02,-1.047648856240211614e+02
4.665064335937499891e+02,-9.910698153538830013e+01
4.665067265625000346e+02,-9.717924796923435338e+01
4.665070195312500232e+02,-9.873903712792723297e+01
4.665073125000000118e+02,-9.452426921609800559e+01
4.665076054687500005e+02,-9.103504799402620051e+01
4.665078984374999891e+02,-9.322480078611663146e+01
4.665081914062500346e+02,-9.587773098391949134e+01
4.665084843750000232e+02,-9.653340010508317448e+01
4.665087773437500118e+02,-9.169508358049728258e+01
4.665090703125000005e+02,-9.370383664748651142e+01
4.665093632812499891e+02,-9.802903092422116060e+01
4.665096562500000346e+02,-9.367308648683574290e+01
4.665099492187500232e+02,-1.040394815077644211e+02
4.665102421875000118e+02,-9.680214396351978223e+01
4.665105351562500005e+02,-9.376021003899302286e+01
4.665108281249999891e+02,-9.582444222733818151e+01
4.665111210937500346e+02,-1.030415785879412880e+02
4.665114140625000232e+02,-9.460485479846589385e+01
4.665117070312500118e+02,-9.630792069136100508e+01
4.665120000000000005e+02,-9.468670682624990320e+01
4.665122929687499891e+02,-8.632681992188852860e+01
4.665125859375000346e+02,-8.523190168606188877e+01
4.665128789062500232e+02,-8.908286544440042576e+01
4.665131718750000118e+02,-9.231735356121316727e+01
4.665134648437500005e+02,-9.249490926040955685e+01
4.665137578124999891e+02,-8.921227443944955837e+01
4.665140507812500346e+02,-9.058391417085458386e+01
4.665143437500000232e+02,-9.316236864174717880e+01
4.665146367187500118e+02,-1.050335465771623120e+02
4.665149296875000005e+02,-9.526099500178490587e+01
4.665152226562499891e+02,-8.661000996429336851e+01
4.665155156250000346e+02,-8.748236144725314034e+01
4.665158085937500232e+02,-9.516449218097476148e+01
4.665161015625000118e+02,-9.066308373819012445e+01
4.665163945312500005e+02,-9.682788572010537109e+01
4.665166874999999891e+02,-9.709657978171210857e+01
4.665169804687500346e+02,-1.016834139909254304e+02
4.665172734375000232e+02,-9.583145375937689892e+01
4.665175664062500118e+02,-1.085470188318485043e+02
4.665178593750000005e+02,-9.540695835124070356e+01
4.665181523437499891e+02,-9.324038054388664420e+01
4.665184453125000346e+02,-9.229520576298709500e+01
4.665187382812500232e+02,-8.881096166366830857e+01
4.665190312500000118e+02,-9.421428600169431888e+01
4.665193242187500005e+02,-9.671528490331826333e+01
4.665196171874999891e+02,-9.481861908238354886e+01
4.665199101562500346e+02,-9.025374863940524506e+01
4.665202031250000232e+02,-9.148948923122348731e+01
4.665204960937500118e+02,-9.942532009317670827e+01
4.665207890625000005e+02,-9.623723402797416782e+01
4.665210820312499891e+02,-1.048144976710392768e+02
4.665213750000000346e+02,-9.433931208388958112e+01
4.665216679687500232e+02,-9.356999894902020287e+01
4.665219609375000118e+02,-9.301389260057662511e+01
4.665222539062500005e+02,-9.540176660442148204e+01
4.665225468749999891e+02,-9.503177147291017945e+01
4.665228398437500346e+02,-9.613754844944867273e+01
4.665231328125000232e+02,-9.807237847650279150e+01
4.665234257812500118e+02,-9.365838002645402582e+01
4.665237187500000005e+02,-1.039236086571501119e+02
4.665240117187499891e+02,-9.342506537736255723e+01
4.665243046875000346e+02,-9.231631824073639336e+01
4.665245976562500232e+02,-1.104344684308384359e+02
4.665248906250000118e+02,-9.867431352864151961e+01
4.665251835937500005e+02,-9.524356681696389160e+01
4.665254765624999891e+02,-9.276216563885071764e+01
4.665257695312500346e+02,-9.405886570028415861e+01
4.665260625000000232e+02,-1.036030596310212957e+02
4.665263554687500118e+02,-9.891928939219411632e+01
4.665266484375000005e+02,-8.927464392513037694e+01
4.665269414062499891e+02,-9.068018880513361069e+01
4.665272343750000346e+02,-9.573770262814393561e+01
4.665275273437500232e+02,-1.013431095574530900e+02
4.665278203125000118e+02,-1.029118669346453316e+02
4.665281132812500005e+02,-9.291286618908826256e+01
4.665284062499999891e+02,-9.615009788945903324e+01
4.665286992187500346e+02,-9.653590611712397163e+01
4.665289921875000232e+02,-9.457017919317225108e+01
4.665292851562500118e+02,-9.385758960508314885e+01
4.665295781250000005e+02,-9.262248024055965345e+01
4.665298710937499891e+02,-9.063655508140278982e+01
4.665301640625000346e+02,-9.604628617547133729e+01
4.665304570312500232e+02,-1.000954627050316503e+02
4.665307500000000118e+02,-1.014366854645899139e+02
4.665310429687500005e+02,-1.048832348403162200e+02
4.665313359374999891e+02,-9.427888207971255952e+01
4.665316289062500346e+02,-9.480885779733610264e+01
4.665319218750000232e+02,-9.358379367094256907e+01
4.665322148437500118e+02,-1.132336195136064134e+02
4.665325078125000005e+02,-9.337745287815741335e+01
4.665328007812499891e+02,-9.696341172190982149e+01
4.665330937500000346e+02,-9.889972862001715725e+01
4.665333867187500232e+02,-9.431200311064877440e+01
4.665336796875000118e+02,-9.610292466047802407e+01
4.665339726562500005e+02,-9.371991827415101284e+01
4.665342656249999891e+02,-1.025703085763993840e+02
4.665345585937500346e+02,-8.998323386118951817e+01
4.665348515625000232e+02,-9.607386383575806121e+01
4.665351445312500118e+02,-9.508800351037081100e+01
4.665354375000000005e+02,-9.529274711628906402e+01
4.665357304687499891e+02,-1.015599061079561807e+02
4.665360234375000346e+02,-9.330602218361484290e+01
4.665363164062500232e+02,-9.834664592012302364e+01
4.665366093750000118e+02,-1.043219163044860522e+02
4.665369023437500005e+02,-1.021047741047274258e+02
4.665371953124999891e+02,-8.949625905510731627e+01
4.665374882812500346e+02,-8.815834892437661097e+01
4.665377812500000232e+02,-9.202427054829729514e+01
4.665380742187500118e+02,-9.371154846810041761e+01
4.665383671875000005e+02,-1.001706251683917515e+02
4.665386601562499891e+02,-9.591830546354844955e+01
4.665389531250000346e+02,-9.462857477893466296e+01
4.665392460937500232e+02,-9.783062117722599282e+01
4.665395390625000118e+02,-9.731846058367491992e+01
4.665398320312500005e+02,-9.105759829585119292e+01
4.665401249999999891e+02,-9.237205965785091166e+01
4.665404179687500346e+02,-9.655832178577726665e+01
4.665407109375000232e+02,-1.001551733241242772e+02
4.665410039062500118e+02,-9.751512888873627105e+01
4.665412968750000005e+02,-9.283487118255177961e+01
4.665415898437499891e+02,-9.377218133374054787e+01
4.665418828125000346e+02,-9.659467333231148700e+01
4.665421757812500232e+02,-9.610497109583766928e+01
4.665424687500000118e+02,-1.025825350489078005e+02
4.665427617187500005e+02,-1.030927984982265002e+02
4.665430546874999891e+02,-9.917236512972422702e+01
4.665433476562500346e+02,-9.745561313495242928e+01
4.665436406250000232e+02,-1.051417012037412064e+02
4.665439335937500118e+02,-1.027051605786611645e+02
4.665442265625000005e+02,-9.506521699052058239e+01
4.665445195312499891e+02,-9.568178068812052572e+01
4.665448125000000346e+02,-8.991412012406412657e+01
4.665451054687500232e+02,-9.072826330369582593e+01
4.665453984375000118e+02,-8.719880153560166036e+01
4.665456914062500005e+02,-8.555969807677121253e+01
4.665459843749999891e+02,-8.759485783778086443e+01
4.665462773437500346e+02,-9.290949287742341767e+01
4.665465703125000232e+02,-1.074446457176191529e+02
4.665468632812500118e+02,-1.118861146636016315e+02
4.665471562500000005e+02,-1.007845964022611724e+02
4.665474492187499891e+02,-9.606474106705564964e+01
4.665477421875000346e+02,-9.372615933525219134e+01
4.665480351562500232e+02,-9.608423813625512366e+01
4.665483281250000118e+02,-1.016420324160487780e+02
4.665486210937500005e+02,-1.044937641982953522e+02
4.665489140624999891e+02,-9.528563462593956501e+01
4.665492070312500346e+02,-9.474192224103491355e+01
4.665495000000000232e+02,-9.821682139765303532e+01
4.665497929687500118e+02,-9.710738908515325818e+01
4.665500859375000005e+02,-9.478007044222978550e+01
4.665503789062499891e+02,-9.171108550685562477e+01
4.665506718750000346e+02,-9.201634644766096471e+01
4.665509648437500232e+02,-9.089252684141966654e+01
4.665512578125000118e+02,-9.103707050055749050e+01
4.665515507812500005e+02,-9.437669994809704122e+01
4.665518437499999891e+02,-9.737336944984480169e+01
4.665521367187500346e+02,-9.569132194321205986e+01
4.665524296875000232e+02,-9.818940451888771292e+01
4.665527226562500118e+02,-1.018360318756570564e+02
4.665530156250000005e+02,-9.945545454160611598e+01
4.665533085937499891e+02,-9.621776792772253373e+01
4.665536015625000346e+02,-9.107415930068717103e+01
4.665538945312500232e+02,-9.327730091602222728e+01
4.665541875000000118e+02,-9.373514707779779087e+01
4.665544804687500005e+02,-9.162644099181119373e+01
4.665547734374999891e+02,-9.099554647367192217e+01
4.665550664062500346e+02,-8.763366957126670798e+01
4.665553593750000232e+02,-8.690714207969000427e+01
4.665556523437500118e+02,-9.406625386907613517e+01
4.665559453125000005e+02,-9.219209853160292312e+01
4.665562382812499891e+02,-9.258199719228480262e+01
4.665565312500000346e+02,-8.917524299403508792e+01
4.665568242187500232e+02,-9.093592385575404080e+01
4.665571171875000118e+02,-9.561170353732329374e+01
4.665574101562500005e+02,-9.575595119879739059e+01
4.665577031249999891e+02,-9.509953213712515208e+01
4.665579960937500346e+02,-1.069102256214888769e+02
4.665582890625000232e+02,-9.521442150338333477e+01
4.665585820312500118e+02,-9.044229940666718903e+01
4.665588750000000005e+02,-8.881311435150514910e+01
4.665591679687499891e+02,-8.817500797834424020e+01
4.665594609375000346e+02,-9.331714805020052950e+01
4.665597539062500232e+02,-9.470543048060606850e+01
4.665600468750000118e+02,-8.949721235894318738e+01
4.665603398437500005e+02,-9.105405938989756010e+01
4.665606328124999891e+02,-8.931319504771336426e+01
4.665609257812500346e+02,-9.516939521455992690e+01
4.665612187500000232e+02,-9.352175985098804745e+01
4.665615117187500118e+02,-8.834789093885936495e+01
4.665618046875000005e+02,-8.721702678033294376e+01
4.665620976562499891e+02,-9.458166206720397895e+01
4.665623906250000346e+02,-1.049920365817009156e+02
4.665626835937500232e+02,-1.174539188773925957e+02
4.665629765625000118e+02,-9.867231171463177475e+01
4.665632695312500005e+02,-9.694782248632691335e+01
4.665635624999999891e+02,-9.484281532253532987e+01
4.665638554687500346e+02,-9.397079570016130390e+01
4.665641484375000232e+02,-9.019706018749957366e+01
4.665644414062500118e+02,-8.941375464827299879e+01
4.665647343750000005e+02,-9.155674468041260639e+01
4.665650273437499891e+02,-9.201050670167060730e+01
4.665653203125000346e+02,-8.897663680980684831e+01
4.665656132812500232e+02,-9.324974109708037417e+01
4.665659062500000118e+02,-9.880299736639312869e+01
4.665661992187500005e+02,-9.675131940596588720e+01
4.665664921874999891e+02,-9.808193621265226625e+01
4.665667851562500346e+02,-9.581998723269074958e+01
4.665670781250000232e+02,-9.427836116473370964e+01
4.665673710937500118e+02,-9.632010120588921609e+01
4.665676640625000005e+02,-9.477591194794479179e+01
4.665679570312499891e+02,-9.732731932247871498e+01
4.665682500000000346e+02,-9.590849159402077362e+01
4.665685429687500232e+02,-9.432978368764268851e+01
4.665688359375000118e+02,-9.197038623583773642e+01
4.665691289062500005e+02,-9.042317319338449977e+01
4.665694218749999891e+02,-9.231980839494457314e+01
4.665697148437500346e+02,-9.488729659289563756e+01
4.665700078125000232e+02,-9.230654684764026285e+01
4.665703007812500118e+02,-9.208739199390711860e+01
4.665705937500000005e+02,-9.015041012869174608e+01
4.665708867187499891e+02,-9.657296043386574524e+01
4.665711796875000346e+02,-9.130907779304590122e+01
4.665714726562500232e+02,-9.645826180234551828e+01
4.665717656250000118e+02,-9.311238238338466999e+01
4.665720585937500005e+02,-8.906564190502459155e+01
4.665723515624999891e+02,-8.732156103746004305e+01
4.665726445312500346e+02,-8.976070454849205760e+01
4.665729375000000232e+02,-9.595399495180583926e+01
4.665732304687500118e+02,-8.733924147842739671e+01
4.665735234375000005e+02,-8.974766931218312038e+01
4.665738164062499891e+02,-9.213699768176502403e+01
4.665741093750000346e+02,-9.077413957186011828e+01
4.665744023437500232e+02,-8.547056135636388774e+01
4.665746953125000118e+02,-8.519870542599426244e+01
4.665749882812500005e+02,-8.967087731540367201e+01
4.665752812499999891e+02,-9.650647675157907202e+01
4.665755742187500346e+02,-9.644092863200327770e+01
4.665758671875000232e+02,-9.710949117249199958e+01
4.665761601562500118e+02,-9.131777773639392137e+01
4.665764531250000005e+02,-9.084331890041525526e+01
4.665767460937499891e+02,-9.532337521279778514e+01
4.665770390625000346e+02,-8.964247530735079295e+01
4.665773320312500232e+02,-9.667503548590580920e+01
4.665776250000000118e+02,-9.841155860700160929e+01
4.665779179687500005e+02,-9.337632338321841985e+01
4.665782109374999891e+02,-9.629185422873142386e+01
4.665785039062500346e+02,-9.249652512246454705e+01
4.665787968750000232e+02,-8.870281481362270881e+01
4.665790898437500118e+02,-8.797482263963139815e+01
4.665793828125000005e+02,-9.118113418193493658e+01
4.665796757812499891e+02,-1.031372457476104074e+02
4.665799687500000346e+02,-9.080829031958282371e+01
4.665802617187500232e+02,-8.879616849937939094e+01
4.665805546875000118e+02,-8.938653099734194996e+01
4.665808476562500005e+02,-9.862892192214955855e+01
4.665811406249999891e+02,-9.709489407945979167e+01
4.665814335937500346e+02,-9.728670898770403141e+01
4.665817265625000232e+02,-9.314166960617468760e+01
4.665820195312500118e+02,-9.098000906485636108e+01
4.665823125000000005e+02,-9.147072283404421000e+01
4.665826054687499891e+02,-1.000096114809096548e+02
4.665828984375000346e+02,-9.908126658592780700e+01
4.665831914062500232e+02,-9.492126756859693160e+01
4.665834843750000118e+02,-9.318770105200756859e+01
4.665837773437500005e+02,-1.009846357749458150e+02
4.665840703124999891e+02,-9.427625555635813726e+01
4.665843632812500346e+02,-8.313703953354819021e+01
4.665846562500000232e+02,-8.533455840258008607e+01
4.665849492187500118e+02,-9.283990138354647570e+01
4.665852421875000005e+02,-9.561912873390313905e+01
4.665855351562499891e+02,-9.271463340207459680e+01
4.665858281250000346e+02,-9.435005191935047719e+01
4.665861210937500232e+02,-1.010960339068049052e+02
4.665864140625000118e+02,-9.934312609598802624e+01
4.665867070312500005e+02,-9.885488819838408858e+01
4.665869999999999891e+02,-1.063316888836037322e+02
4.665872929687500346e+02,-9.377887936595909935e+01
4.665875859375000232e+02,-9.365955877212995517e+01
4.665878789062500118e+02,-9.125212760347119456e+01
4.665881718750000005e+02,-1.027250123999251343e+02
4.665884648437499891e+02,-1.002697112644070643e+02
4.665887578125000346e+02,-9.606772392159885499e+01
4.665890507812500232e+02,-9.850913268103924736e+01
4.665893437500000118e+02,-9.285068388175439225e+01
4.665896367187500005e+02,-8.619513736822216288e+01
4.665899296874999891e+02,-8.841776021226961291e+01
4.665902226562500346e+02,-9.274193981268584253e+01
4.665905156250000232e+02,-9.747214410832363285e+01
4.665908085937500118e+02,-9.929553271449721308e+01
4.665911015625000005e+02,-9.064191530521112838e+01
4.665913945312499891e+02,-1.065997598941518021e+02
4.665916875000000346e+02,-9.472843615732757883e+01
4.665919804687500232e+02,-1.003444037034329028e+02
4.665922734375000118e+02,-9.253837443106831984e+01
4.665925664062500005e+02,-9.369324653056924035e+01
4.665928593749999891e+02,-9.734766544896160667e+01
4.665931523437500346e+02,-9.997634623044382352e+01
4.665934453125000232e+02,-9.708611907240634764e+01
4.665937382812500118e+02,-9.327397175375566007e+01
4.665940312500000005e+02,-9.981398939204888165e+01
4.665943242187499891e+02,-9.255692044460312218e+01
4.665946171875000346e+02,-9.510634510547646414e+01
4.665949101562500232e+02,-9.162785984556377628e+01
4.665952031250000118e+02,-9.670293094893841612e+01
4.665954960937500005e+02,-9.215728544117766319e+01
4.665957890624999891e+02,-9.054538252560392664e+01
4.665960820312500346e+02,-8.860441922948878357e+01
4.665963750000000232e+02,-8.857251439537569127e+01
4.665966679687500118e+02,-9.339907618701519709e+01
4.665969609375000005e+02,-9.549535157898625926e+01
4.665972539062499891e+02,-9.537168423452266097e+01
4.665975468750000346e+02,-9.585986805148598933e+01
4.665978398437500232e+02,-9.318768836022158553e+01
4.665981328125000118e+02,-1.135989504149998197e+02
4.665984257812500005e+02,-1.048322249981152936e+02
4.665987187499999891e+02,-9.824038871506130022e+01
4.665990117187500346e+02,-9.793756888499090962e+01
4.665993046875000232e+02,-9.403171779289358767e+01
4.665995976562500118e+02,-8.645092669515034345e+01
4.665998906250000005e+02,-8.807443086389412201e+01
4.666001835937499891e+02,-1.053565922787841203e+02
4.666004765625000346e+02,-9.470255782970026814e+01
4.666007695312500232e+02,-9.276950437855865061e+01
4.666010625000000118e+02,-9.240048782597486365e+01
4.666013554687500005e+02,-9.635604217006618910e+01
4.666016484374999891e+02,-9.041732479979316395e+01
4.666019414062500346e+02,-8.917492468956433527e+01
4.666022343750000232e+02,-8.887038900401248043e+01
4.666025273437500118e+02,-9.034102679725349105e+01
4.666028203125000005e+02,-1.068387146557115130e+02
4.666031132812499891e+02,-1.143171260903583573e+02
4.666034062500000346e+02,-9.717311172205472758e+01
4.666036992187500232e+02,-9.749846973206365419e+01
4.666039921875000118e+02,-8.969868575502586339e+01
4.666042851562500005e+02,-9.734759961723626986e+01
4.666045781249999891e+02,-9.615127754440052854e+01
4.666048710937500346e+02,-1.078892346387250711e+02
4.666051640625000232e+02,-9.928693028779767360e+01
4.666054570312500118e+02,-1.119027901850070350e+02
4.666057500000000005e+02,-9.534179243257392500e+01
4.666060429687499891e+02,-9.522010942453555060e+01
4.666063359375000346e+02,-1.012758248988404972e+02
4.666066289062500232e+02,-9.442531220327053632e+01
4.666069218750000118e+02,-9.436703941693247089e+01
4.666072148437500005e+02,-1.115586383200373035e+02
4.666075078124999891e+02,-9.421835233885708760e+01
4.666078007812500346e+02,-9.808274382408765746e+01
4.666080937500000232e+02,-8.620949570514831350e+01
4.666083867187500118e+02,-8.998534406085676096e+01
4.666086796875000005e+02,-9.974034676126856880e+01
4.666089726562499891e+02,-9.933440664922903807e+01
4.666092656250000346e+02,-9.204266026474151374e+01
4.666095585937500232e+02,-1.013556921633471717e+02
4.666098515625000118e+02,-1.028032158432004906e+02
4.666101445312500005e+02,-8.916946491828613830e+01
4.666104374999999891e+02,-9.127642373963497846e+01
4.666107304687500346e+02,-9.289554862513557509e+01
4.666110234375000232e+02,-9.400770890543726921e+01
4.666113164062500118e+02,-9.052896853723355264e+01
4.666116093750000005e+02,-8.776894473915207584e+01
4.666119023437499891e+02,-9.122146462662185229e+01
4.666121953125000346e+02,-9.548146553268554726e+01
4.666124882812500232e+02,-9.872898359975934568e+01
4.666127812500000118e+02,-1.011580927887314658e+02
4.666130742187500005e+02,-9.370506858250435300e+01
4.666133671874999891e+02,-9.885228611030343870e+01
4.666136601562500346e+02,-8.824795178653374705e+01
4.666139531250000232e+02,-8.956830806243445409e+01
4.666142460937500118e+02,-9.338097871273623696e+01
4.666145390625000005e+02,-1.024779418180237798e+02
4.666148320312499891e+02,-9.390321405989750758e+01
4.666151250000000346e+02,-8.910383736523218090e+01
4.666154179687500232e+02,-9.312816949654310861e+01
4.666157109375000118e+02,-9.637005559599997184e+01
4.666160039062500005e+02,-9.737685596016268619e+01
4.666162968749999891e+02,-9.562736592505109456e+01
4.666165898437500346e+02,-9.563140669876679567e+01
4.666168828125000232e+02,-8.560352584793344022e+01
4.666171757812500118e+02,-8.584423625387913148e+01
4.666174687500000005e+02,-8.868144750308401569e+01
4.666177617187499891e+02,-9.428314366891427767e+01
4.666180546875000346e+02,-9.566867893709313364e+01
4.666183476562500232e+02,-9.599324456524753657e+01
4.666186406250000118e+02,-9.188267681266844988e+01
4.666189335937500005e+02,-9.431398445881336556e+01
4.666192265624999891e+02,-9.903988294381464641e+01
4.666195195312500346e+02,-1.049647773471817516e+02
4.666198125000000232e+02,-9.662984949227987386e+01
4.666201054687500118e+02,-9.067353800792187712e+01
4.666203984375000005e+02,-9.086654954569148401e+01
4.666206914062499891e+02,-8.968570937961862910e+01
4.666209843750000346e+02,-8.554646789078431368e+01
4.666212773437500232e+02,-8.625385539658691414e+01
4.666215703125000118e+02,-8.685540319525901509e+01
4.666218632812500005e+02,-9.082896252593967290e+01
4.666221562499999891e+02,-9.138895015636067853e+01
4.666224492187500346e+02,-8.712788013427558553e+01
4.666227421875000232e+02,-8.571681936872033702e+01
4.666230351562500118e+02,-8.958817950498851701e+01
4.666233281250000005e+02,-9.644034579495212256e+01
4.666236210937499891e+02,-8.943219076399488188e+01
4.666239140625000346e+02,-1.002217011448762918e+02
4.666242070312500232e+02,-9.509180433473203209e+01
4.666245000000000118e+02,-1.057972239129145464e+02
4.666247929687500005e+02,-9.564780292987505561e+01
4.666250859374999891e+02,-9.452359082335519247e+01
4.666253789062500346e+02,-9.240258458373773465e+01
4.666256718750000232e+02,-9.003392157767021331e+01
4.666259648437500118e+02,-8.746491960038761704e+01
4.666262578125000005e+02,-9.004013966532119184e+01
4.666265507812499891e+02,-9.343849547544542133e+01
4.666268437500000346e+02,-8.626729774181046650e+01
4.666271367187500232e+02,-8.649383223683841493e+01
4.666274296875000118e+02,-9.464346752239416105e+01
4.666277226562500005e+02,-9.314047062980600344e+01
4.666280156249999891e+02,-9.183904528668637113e+01
4.666283085937500346e+02,-9.905512590444544685e+01
4.666286015625000232e+02,-9.679320697748443081e+01
4.666288945312500118e+02,-9.694673122909983931e+01
4.666291875000000005e+02,-9.915900910738312746e+01
4.666294804687499891e+02,-9.611381717089294341e+01
4.666297734375000346e+02,-8.709533270329627896e+01
4.666300664062500232e+02,-8.785189545729471661e+01
4.666303593750000118e+02,-9.188684069517879038e+01
4.666306523437500005e+02,-9.110984591841634028e+01
4.666309453124999891e+02,-8.744266947538230283e+01
4.666312382812500346e+02,-8.323543898205056735e+01
4.666315312500000232e+02,-8.874123153854269219e+01
4.666318242187500118e+02,-9.489670744464517327e+01
4.666321171875000005e+02,-8.619885393141825602e+01
4.666324101562499891e+02,-8.464628477043842736e+01
4.666327031250000346e+02,-8.992791005137483751e+01
4.666329960937500232e+02,-9.508494920226154079e+01
4.666332890625000118e+02,-9.551932594359568895e+01
4.666335820312500005e+02,-9.549559306025227556e+01
4.666338749999999891e+02,-1.051353615338002498e+02
4.666341679687500346e+02,-8.719742949655122288e+01
4.666344609375000232e+02,-8.815638824129001705e+01
4.666347539062500118e+02,-9.670761525964374528e+01
4.666350468750000005e+02,-9.788883785289962702e+01
4.666353398437499891e+02,-1.014298166331187190e+02
4.666356328125000346e+02,-9.285668986273968528e+01
4.666359257812500232e+02,-8.767675788364729783e+01
4.666362187500000118e+02,-8.519749369973001762e+01
4.666365117187500005e+02,-8.460340080307841504e+01
4.666368046874999891e+02,-8.483769289041205752e+01
4.666370976562500346e+02,-8.549154145691197471e+01
4.666373906250000232e+02,-1.001587296117938308e+02
4.666376835937500118e+02,-8.851064821986523157e+01
4.666379765625000005e+02,-9.159918599848971610e+01
4.666382695312499891e+02,-9.471755551324298494e+01
4.666385625000000346e+02,-8.557350140842210351e+01
4.666388554687500232e+02,-8.571800171517344324e+01
4.666391484375000118e+02,-8.838366532223298577e+01
4.666394414062500005e+02,-9.063151937168009908e+01
4.666397343749999891e+02,-8.808555671283444610e+01
4.666400273437500346e+02,-8.834962241871423316e+01
4.666403203125000232e+02,-9.198904279085849112e+01
4.666406132812500118e+02,-9.084846542294548044e+01
4.666409062500000005e+02,-8.821556312501287778e+01
4.666411992187499891e+02,-8.771968868333803471e+01
4.666414921875000346e+02,-1.013708937894608511e+02
4.666417851562500232e+02,-9.812794783804207555e+01
4.666420781250000118e+02,-8.954418241766370556e+01
4.666423710937500005e+02,-9.154502566378313588e+01
4.666426640624999891e+02,-9.604082477511869342e+01
4.666429570312500346e+02,-1.004751947741249438e+02
4.666432500000000232e+02,-9.721045395820925705e+01
4.666435429687500118e+02,-9.433304079037391432e+01
4.666438359375000005e+02,-9.000651659103769475e+01
4.666441289062499891e+02,-9.118755667663783981e+01
4.666444218750000346e+02,-8.850880306624642913e+01
4.666447148437500232e+02,-8.649096304643821043e+01
4.666450078125000118e+02,-8.510061901888961700e+01
4.666453007812500005e+02,-8.457109601352200912e+01
4.666455937499999891e+02,-8.760269137496354119e+01
4.666458867187500346e+02,-8.951636089245704397e+01
4.666461796875000232e+02,-8.660052586059593693e+01
4.666464726562500118e+02,-8.492086658184669545e+01
4.666467656250000005e+02,-8.829370356327925151e+01
4.666470585937499891e+02,-8.909524908694672263e+01
4.666473515625000346e+02,-9.382500510997428478e+01
4.666476445312500232e+02,-9.631206120083751898e+01
4.666479375000000118e+02,-9.942004846997579648e+01
4.666482304687500005e+02,-9.781644911514678142e+01
4.666485234374999891e+02,-1.061426923727918563e+02
4.666488164062500346e+02,-9.865917416522617600e+01
4.666491093750000232e+02,-1.124103831103974755e+02
4.666494023437500118e+02,-9.257118588837579409e+01
4.666496953125000005e+02,-8.703429384886717912e+01
4.666499882812499891e+02,-8.459563609455032918e+01
4.666502812500000346e+02,-9.006298821079815298e+01
4.666505742187500232e+02,-9.890498530985574632e+01
4.666508671875000118e+02,-9.337540074995155237e+01
4.666511601562500005e+02,-1.006364851293984799e+02
4.666514531249999891e+02,-9.617344434354153293e+01
4.666517460937500346e+02,-9.776746430055760584e+01
4.666520390625000232e+02,-9.742252670081182941e+01
4.666523320312500118e+02,-1.002903604304177207e+02
4.666526250000000005e+02,-9.822450756084121792e+01
4.666529179687499891e+02,-9.795547635679952236e+01
4.666532109375000346e+02,-9.673775042826582649e+01
4.666535039062500232e+02,-9.751791137472477544e+01
4.666537968750000118e+02,-9.456726285387786390e+01
4.666540898437500005e+02,-9.038093211678557282e+01
4.666543828124999891e+02,-9.013825295366693524e+01
4.666546757812500346e+02,-9.438831644933456744e+01
4.666549687500000232e+02,-9.332124785761335772e+01
4.666552617187500118e+02,-9.031933649468724923e+01
4.666555546875000005e+02,-9.847230045128100073e+01
4.666558476562499891e+02,-9.358867634326546181e+01
4.666561406250000346e+02,-8.896998024460017973e+01
4.666564335937500232e+02,-9.078242971648538173e+01
4.666567265625000118e+02,-9.768059671896008922e+01
4.666570195312500005e+02,-1.035140909303000285e+02
4.666573124999999891e+02,-9.208535032052620295e+01
4.666576054687500346e+02,-9.382907999244520170e+01
4.666578984375000232e+02,-9.741323146927810228e+01
4.666581914062500118e+02,-9.989413251081997203e+01
4.666584843750000005e+02,-9.187465130089238130e+01
4.666587773437499891e+02,-8.960071734225093110e+01
4.666590703125000346e+02,-8.985238857712101890e+01
4.666593632812500232e+02,-9.197740240907100429e+01
4.666596562500000118e+02,-9.220771335552373671e+01
4.666599492187500005e+02,-9.749200118756122890e+01
4.666602421874999891e+02,-1.031152836631129048e+02
4.666605351562500346e+02,-8.856935894451621039e+01
4.666608281250000232e+02,-9.050803152541976715e+01
4.666611210937500118e+02,-9.860949917624455452e+01
4.666614140625000005e+02,-1.036910508721169890e+02
4.666617070312499891e+02,-1.207673527795912207e+02
4.666620000000000346e+02,-9.673838142759169045e+01
4.666622929687500232e+02,-9.289375642028011271e+01
4.666625859375000118e+02,-9.534616275664008356e+01
4.666628789062500005e+02,-9.737325560603024144e+01
4.666631718749999891e+02,-1.047420897190658593e+02
4.666634648437500346e+02,-9.273410116279362114e+01
4.666637578125000232e+02,-9.318261770722088499e+01
4.666640507812500118e+02,-1.052181182207410473e+02
4.666643437500000005e+02,-9.381374232695338833e+01
4.666646367187499891e+02,-9.197678149136571335e+01
4.666649296875000346e+02,-9.611477720833100591e+01
4.666652226562500232e+02,-9.205160140508650102e+01
4.666655156250000118e+02,-9.096652524786094318e+01
4.666658085937500005e+02,-9.319562357232805994e+01
4.666661015624999891e+02,-9.382716398375949041e+01
4.666663945312500346e+02,-9.316860186048825199e+01
4.666666875000000232e+02,-8.954393735029626100e+01
4.666669804687500118e+02,-1.089530601668351295e+02
4.666672734375000005e+02,-9.985004169189069501e+01
4.666675664062499891e+02,-1.047453725984862274e+02
4.666678593750000346e+02,-1.007122918666213707e+02
4.666681523437500232e+02,-9.774703082272360177e+01
4.666684453125000118e+02,-9.578383932586660876e+01
4.666687382812500005e+02,-9.581411989358278447e+01
4.666690312499999891e+02,-9.081329713633331835e+01
4.666693242187500346e+02,-9.251228820547693488e+01
4.666696171875000232e+02,-9.148424202828836371e+01
4.666699101562500118e+02,-9.135151954702919852e+01
4.666702031250000005e+02,-9.242741101735484222e+01
4.666704960937499891e+02,-9.535934630438288195e+01
4.666707890625000346e+02,-8.846618087344155867e+01
4.666710820312500232e+02,-9.187466279174682882e+01
4.666713750000000118e+02,-9.755531321775285392e+01
4.666716679687500005e+02,-1.016134755757093444e+02
4.666719609374999891e+02,-9.448400953929504453e+01
4.666722539062500346e+02,-9.121115581745127088e+01
4.666725468750000232e+02,-9.295333684398147511e+01
4.666728398437500118e+02,-9.638834333593366921e+01
4.666731328125000005e+02,-9.368930699382147509e+01
4.666734257812499891e+02,-1.007263172810163354e+02
4.666737187500000346e+02,-9.240322740652275968e+01
4.666740117187500232e+02,-9.808469147511797814e+01
4.666743046875000118e+02,-9.471178696842250133e+01
4.666745976562500005e+02,-1.062048861048277217e+02
4.666748906249999891e+02,-1.023486299030695648e+02
4.666751835937500346e+02,-1.002182368238581631e+02
4.666754765625000232e+02,-9.394163676486812165e+01
4.666757695312500118e+02,-9.617477971870135889e+01
4.666760625000000005e+02,-9.632484698833694381e+01
4.666763554687499891e+02,-9.087564397587024700e+01
4.666766484375000346e+02,-9.320209242751772649e+01
4.666769414062500232e+02,-9.375887922491813242e+01
4.666772343750000118e+02,-9.826998242424346586e+01
4.666775273437500005e+02,-9.219260025396945935e+01
4.666778203124999891e+02,-8.507525310074420588e+01
4.666781132812500346e+02,-8.812710817574121336e+01
4.666784062500000232e+02,-1.035271630980835056e+02
4.666786992187500118e+02,-9.527545551940946211e+01
4.666789921875000005e+02,-8.907807045824399950e+01
4.666792851562499891e+02,-8.859156006183907550e+01
4.666795781250000346e+02,-8.745469090246919563e+01
4.666798710937500232e+02,-9.180564929754899595e+01
4.666801640625000118e+02,-9.869109829557400815e+01
4.666804570312500005e+02,-8.940136196824812487e+01
4.666807499999999891e+02,-8.872200822431749145e+01
4.666810429687500346e+02,-9.230642535846268970e+01
4.666813359375000232e+02,-8.738028451047567557e+01
4.666816289062500118e+02,-9.160395551030397598e+01
4.666819218750000005e+02,-9.237273983249374965e+01
4.666822148437499891e+02,-9.141146218059149930e+01
4.666825078125000346e+02,-9.561079485278375500e+01
4.666828007812500232e+02,-1.013131172551033643e+02
4.666830937500000118e+02,-9.274903867430103332e+01
4.666833867187500005e+02,-8.891322164879721868e+01
4.666836796874999891e+02,-8.661601341952378164e+01
4.666839726562500346e+02,-9.357793695506927634e+01
4.666842656250000232e+02,-9.582574194484827501e+01
4.666845585937500118e+02,-8.834956960327481568e+01
4.666848515625000005e+02,-8.729929635312976188e+01
4.666851445312499891e+02,-9.355446061583654682e+01
4.666854375000000346e+02,-9.942833786715488031e+01
4.666857304687500232e+02,-1.036762413116239401e+02
4.666860234375000118e+02,-1.139050532872640389e+02
4.666863164062500005e+02,-9.264957674127347786e+01
4.666866093749999891e+02,-9.729032913008175854e+01
4.666869023437500346e+02,-9.512526991957541611e+01
4.666871953125000232e+02,-9.352141096250707619e+01
4.666874882812500118e+02,-8.887570772017500076e+01
4.666877812500000005e+02,-9.095263371185266976e+01
4.666880742187499891e+02,-9.084152364907305355e+01
4.666883671875000346e+02,-9.004581036738494504e+01
4.666886601562500232e+02,-9.545185009183990132e+01
4.666889531250000118e+02,-9.026703190881653427e+01
4.666892460937500005e+02,-8.929987825322419326e+01
4.666895390624999891e+02,-9.113496158782743350e+01
4.666898320312500346e+02,-9.393323091200633712e+01
4.666901250000000232e+02,-1.019639077717159381e+02
4.666904179687500118e+02,-9.871081309542960014e+01
4.666907109375000005e+02,-9.156091052042938827e+01
4.666910039062499891e+02,-1.003074502571172957e+02
4.666912968750000346e+02,-9.045375205717347455e+01
4.666915898437500232e+02,-1.003951661550262600e+02
4.666918828125000118e+02,-8.907950933549777517e+01
4.666921757812500005e+02,-8.799184444771653091e+01
4.666924687499999891e+02,-9.354605222646480911e+01
4.666927617187500346e+02,-9.209255026566582103e+01
4.666930546875000232e+02,-8.683118311541640821e+01
4.666933476562500118e+02,-8.526806359741783581e+01
4.666936406250000005e+02,-8.912524110791567011e+01
4.666939335937499891e+02,-9.026197437582797534e+01
4.666942265625000346e+02,-8.982548076544946980e+01
4.666945195312500232e+02,-9.435300355582457144e+01
4.666948125000000118e+02,-9.279796833121878308e+01
4.666951054687500005e+02,-9.363321392092882434e+01
4.666953984374999891e+02,-9.251062966440953517e+01
4.666956914062500346e+02,-9.182529342150598950e+01
4.666959843750000232e+02,-9.398802491965655292e+01
4.666962773437500118e+02,-9.355307672375559491e+01
4.666965703125000005e+02,-9.165388217163314266e+01
4.666968632812499891e+02,-8.899513130182924669e+01
4.666971562500000346e+02,-8.893327910268109804e+01
4.666974492187500232e+02,-8.722617669329298451e+01
4.666977421875000118e+02,-8.853199864841316469e+01
4.666980351562500005e+02,-8.645922492650021240e+01
4.666983281249999891e+02,-8.685227171663662205e+01
4.666986210937500346e+02,-8.904784304125865901e+01
4.666989140625000232e+02,-9.058710410857464979e+01
4.666992070312500118e+02,-9.600236612112168189e+01
4.666995000000000005e+02,-9.455094110020823450e+01
4.666997929687499891e+02,-9.177778969452671731e+01
4.667000859375000346e+02,-9.245313593948370112e+01
4.667003789062500232e+02,-9.697240282331650008e+01
4.667006718750000118e+02,-8.964604372930432419e+01
4.667009648437500005e+02,-9.607961616274002381e+01
4.667012578124999891e+02,-9.687126971695985844e+01
4.667015507812500346e+02,-9.283264538265164845e+01
4.667018437500000232e+02,-8.856562685882195751e+01
4.667021367187500118e+02,-8.734755980541774534e+01
4.667024296875000005e+02,-1.119810668723980029e+02
4.667027226562499891e+02,-9.897015868439447672e+01
4.667030156250000346e+02,-1.023576517787230671e+02
4.667033085937500232e+02,-9.269895718531731177e+01
4.667036015625000118e+02,-9.494261662554788472e+01
4.667038945312500005e+02,-9.096028861468403193e+01
4.667041874999999891e+02,-8.890107415492472853e+01
4.667044804687500346e+02,-9.382670764551104980e+01
4.667047734375000232e+02,-8.854655169415042337e+01
4.667050664062500118e+02,-8.799161650930214762e+01
4.667053593750000005e+02,-8.821632595229482376e+01
4.667056523437499891e+02,-9.109855714917399894e+01
4.667059453125000346e+02,-8.765912797715276383e+01
4.667062382812500232e+02,-8.655875977169428381e+01
4.667065312500000118e+02,-9.153246051241502812e+01
4.667068242187500005e+02,-8.489097441472658545e+01
4.667071171874999891e+02,-8.219146923274692540e+01
4.667074101562500346e+02,-8.617689107453990971e+01
4.667077031250000232e+02,-9.258854251775757405e+01
4.667079960937500118e+02,-9.241965693676479532e+01
4.667082890625000005e+02,-9.505002804046870324e+01
4.667085820312499891e+02,-9.261468079498003192e+01
4.667088750000000346e+02,-9.155378685467162825e+01
4.667091679687500232e+02,-9.219281889666902430e+01
4.667094609375000118e+02,-9.154070547995351603e+01
4.667097539062500005e+02,-9.777850513266329813e+01
4.667100468749999891e+02,-1.033452723936974706e+02
4.667103398437500346e+02,-9.241579252775473208e+01
4.667106328125000232e+02,-8.999340372206297900e+01
4.667109257812500118e+02,-1.037568509545897655e+02
4.667112187500000005e+02,-9.190241687897385248e+01
4.667115117187499891e+02,-8.518407728982293747e+01
4.667118046875000346e+02,-8.387008913898441165e+01
4.667120976562500232e+02,-8.474906509754268313e+01
4.667123906250000118e+02,-8.498105035599903090e+01
4.667126835937500005e+02,-8.549611435426847095e+01
4.667129765624999891e+02,-9.048286102938499198e+01
4.667132695312500346e+02,-9.290698812906396142e+01
4.667135625000000232e+02,-8.633610455166706288e+01
4.667138554687500118e+02,-8.743069551027446096e+01
4.667141484375000005e+02,-1.018312425735228715e+02
4.667144414062499891e+02,-9.280538202150026450e+01
4.667147343750000346e+02,-9.144416508873952409e+01
4.667150273437500232e+02,-8.978535641444844373e+01
4.667153203125000118e+02,-8.910040358883702538e+01
4.667156132812500005e+02,-9.492385778917969219e+01
4.667159062499999891e+02,-8.991759194672820854e+01
4.667161992187500346e+02,-9.145295408759126587e+01
4.667164921875000232e+02,-8.941896648264952319e+01
4.667167851562500118e+02,-8.656959200777575347e+01
4.667170781250000005e+02,-9.036230036022030276e+01
4.667173710937499891e+02,-9.099317071197990003e+01
4.667176640625000346e+02,-8.755096710356043843e+01
4.667179570312500232e+02,-9.056642435479581366e+01
4.667182500000000118e+02,-9.729545245482376004e+01
4.667185429687500005e+02,-9.730626244934809677e+01
4.667188359374999891e+02,-1.005895134538939146e+02
4.667191289062500346e+02,-1.080913249129580720e+02
4.667194218750000232e+02,-9.373498182643744769e+01
4.667197148437500118e+02,-9.755028504564248237e+01
4.667200078125000005e+02,-9.221713441762040020e+01
4.667203007812499891e+02,-9.030373382147161010e+01
4.667205937500000346e+02,-8.962164107337591190e+01
4.667208867187500232e+02,-1.001212302930969855e+02
4.667211796875000118e+02,-8.614652073283667733e+01
4.667214726562500005e+02,-9.100074211332268703e+01
4.667217656249999891e+02,-1.038829495198838657e+02
4.667220585937500346e+02,-8.957561724095911870e+01
4.667223515625000232e+02,-8.864996983545941589e+01
4.667226445312500118e+02,-9.144668315516457824e+01
4.667229375000000005e+02,-9.128965152157390150e+01
4.667232304687499891e+02,-9.042428709457848868e+01
4.667235234375000346e+02,-1.001396749141326552e+02
4.667238164062500232e+02,-9.283756390823752724e+01
4.667241093750000118e+02,-9.986057198828065395e+01
4.667244023437500005e+02,-8.872304832771126826e+01
4.667246953124999891e+02,-9.838977915708574074e+01
4.667249882812500346e+02,-9.247802658425136713e+01
4.667252812500000232e+02,-8.920217156284151372e+01
4.667255742187500118e+02,-8.922248089848099539e+01
4.667258671875000005e+02,-8.831387125416088679e+01
4.667261601562499891e+02,-9.783368827928003952e+01
4.667264531250000346e+02,-1.070656818425343317e+02
4.667267460937500232e+02,-9.448570388415076593e+01
4.667270390625000118e+02,-9.772884032380160590e+01
4.667273320312500005e+02,-9.074655435471142084e+01
4.667276249999999891e+02,-1.044842290993231870e+02
4.667279179687500346e+02,-9.095257729807789815e+01
4.667282109375000232e+02,-8.863067759077225105e+01
4.667285039062500118e+02,-8.967750803807948046e+01
4.667287968750000005e+02,-9.210158349897017160e+01
4.667290898437499891e+02,-9.612709814057190272e+01
4.667293828125000346e+02,-9.941051166845666387e+01
4.667296757812500232e+02,-9.559484051998566656e+01
4.667299687500000118e+02,-9.297957236386491786e+01
4.667302617187500005e+02,-9.324238140671424446e+01
4.667305546874999891e+02,-8.469977539580952453e+01
4.667308476562500346e+02,-9.155842326865692371e+01
4.667311406250000232e+02,-8.935408106068086909e+01
4.667314335937500118e+02,-8.614916345437315215e+01
4.667317265625000005e+02,-8.377322898460924705e+01
4.667320195312499891e+02,-8.702005443788115713e+01
4.667323125000000346e+02,-9.211639104958651103e+01
4.667326054687500232e+02,-9.025361831768643128e+01
4.667328984375000118e+02,-8.950561823625086788e+01
4.667331914062500005e+02,-9.760371296633806537e+01
4.667334843749999891e+02,-9.219726498520216751e+01
4.667337773437500346e+02,-9.053990979950036433e+01
4.667340703125000232e+02,-1.084662054703055247e+02
4.667343632812500118e+02,-9.566213214054974401e+01
4.667346562500000005e+02,-9.418606710580419872e+01
4.667349492187499891e+02,-9.264749165684611398e+01
4.667352421875000346e+02,-8.950610893894626940e+01
4.667355351562500232e+02,-9.801477727151556962e+01
4.667358281250000118e+02,-9.970517051572232958e+01
4.667361210937500005e+02,-9.988096975592794990e+01
4.667364140624999891e+02,-1.042733806587882270e+02
4.667367070312500346e+02,-9.660095403000423175e+01
4.667370000000000232e+02,-9.415868141642602041e+01
4.667372929687500118e+02,-8.641075916579626437e+01
4.667375859375000005e+02,-9.005754501189568373e+01
4.667378789062499891e+02,-8.855703994998719963e+01
4.667381718750000346e+02,-9.204766108791146451e+01
4.667384648437500232e+02,-9.842576476797502494e+01
4.667387578125000118e+02,-9.546942943512419788e+01
4.667390507812500005e+02,-8.683005822693056075e+01
4.667393437499999891e+02,-9.281353592688680010e+01
4.667396367187500346e+02,-9.463487237597563251e+01
4.667399296875000232e+02,-9.622817647173930311e+01
4.667402226562500118e+02,-8.975387393659079294e+01
4.667405156250000005e+02,-9.044173961546988494e+01
4.667408085937499891e+02,-9.547504148135959667e+01
4.667411015625000346e+02,-9.724169186568607870e+01
4.667413945312500232e+02,-9.494705357887210084e+01
4.667416875000000118e+02,-1.025863923991646089e+02
4.667419804687500005e+02,-8.935312267244397333e+01
4.667422734374999891e+02,-8.538635040315645597e+01
4.667425664062500346e+02,-8.565865721402576582e+01
4.667428593750000232e+02,-9.036193953982264304e+01
4.667431523437500118e+02,-9.105233334831947900e+01
4.667434453125000005e+02,-1.054473987028470390e+02
4.667437382812499891e+02,-9.370980889358469312e+01
4.667440312500000346e+02,-9.003841101418154835e+01
4.667443242187500232e+02,-1.063132553773763505e+02
4.667446171875000118e+02,-9.207885823989825269e+01
4.667449101562500005e+02,-1.085961416797568688e+02
4.667452031249999891e+02,-8.997469338902305935e+01
4.667454960937500346e+02,-8.614407775207834561e+01
4.667457890625000232e+02,-8.530158330237460973e+01
4.667460820312500118e+02,-8.626672994552620821e+01
4.667463750000000005e+02,-9.317625768937658393e+01
4.667466679687499891e+02,-9.418434173871759185e+01
4.667469609375000346e+02,-1.010033958405375358e+02
4.667472539062500232e+02,-9.468230737865839330e+01
4.667475468750000118e+02,-8.677178676205051033e+01
4.667478398437500005e+02,-8.515128284176846307e+01
4.667481328124999891e+02,-8.845962675819990295e+01
4.667484257812500346e+02,-9.793298933214741453e+01
4.667487187500000232e+02,-9.099595517019990609e+01
4.667490117187500118e+02,-9.129072125243540370e+01
4.667493046875000005e+02,-8.587864892544580186e+01
4.667495976562499891e+02,-8.848912960397727545e+01
4.667498906250000346e+02,-9.448489107449586299e+01
4.667501835937500232e+02,-9.245582597732692420e+01
4.667504765625000118e+02,-8.620102205297234832e+01
4.667507695312500005e+02,-9.802793157630667054e+01
4.667510624999999891e+02,-9.809207163305160293e+01
4.667513554687500346e+02,-9.880444500391540430e+01
4.667516484375000232e+02,-9.355515389985518482e+01
4.667519414062500118e+02,-8.956742470963804692e+01
4.667522343750000005e+02,-8.846331069105573874e+01
4.667525273437499891e+02,-8.771194127648354311e+01
4.667528203125000346e+02,-8.945340805004262563e+01
4.667531132812500232e+02,-9.385643693238958463e+01
4.667534062500000118e+02,-8.825448608911335668e+01
4.667536992187500005e+02,-8.616197865647379217e+01
4.667539921874999891e+02,-8.681552416066554656e+01
4.667542851562500346e+02,-8.341887028362391732e+01
4.667545781250000232e+02,-8.698044614645441186e+01
4.667548710937500118e+02,-9.116079135001493228e+01
4.667551640625000005e+02,-9.493681685459314679e+01
4.667554570312499891e+02,-8.791825967184917090e+01
4.667557500000000346e+02,-8.891404467669792666e+01
4.667560429687500232e+02,-8.839709780429429031e+01
4.667563359375000118e+02,-8.556709957920197951e+01
4.667566289062500005e+02,-8.875744005088486688e+01
4.667569218749999891e+02,-9.127865319503970909e+01
4.667572148437500346e+02,-1.123786592114865925e+02
4.667575078125000232e+02,-9.027175894651763599e+01
4.667578007812500118e+02,-9.192320336245195733e+01
4.667580937500000005e+02,-9.158939751977690946e+01
4.667583867187499891e+02,-9.680370791783261097e+01
4.667586796875000346e+02,-1.021986704092792024e+02
4.667589726562500232e+02,-9.691576443833761800e+01
4.667592656250000118e+02,-8.732636548982827662e+01
4.667595585937500005e+02,-8.373816055697443517e+01
4.667598515624999891e+02,-9.137919566850311526e+01
4.667601445312500346e+02,-9.203283990018076111e+01
4.667604375000000232e+02,-9.142846322831553607e+01
4.667607304687500118e+02,-9.599491357845761286e+01
4.667610234375000005e+02,-9.406493203590827079e+01
4.667613164062499891e+02,-8.727622220200628078e+01
4.667616093750000346e+02,-8.828412885585410663e+01
4.667619023437500232e+02,-8.716601733510051986e+01
4.667621953125000118e+02,-8.472156859106397064e+01
4.667624882812500005e+02,-8.743126920908160571e+01
4.667627812499999891e+02,-9.129884585381594775e+01
4.667630742187500346e+02,-9.341971279068717138e+01
4.667633671875000232e+02,-9.115842592758372120e+01
4.667636601562500118e+02,-9.038277897467662569e+01
4.667639531250000005e+02,-8.762441586257313020e+01
4.667642460937499891e+02,-9.098797917558235326e+01
4.667645390625000346e+02,-9.870470999475828933e+01
4.667648320312500232e+02,-9.979127933369653647e+01
4.667651250000000118e+02,-8.693562395994703706e+01
4.667654179687500005e+02,-9.001113254393575858e+01
4.667657109374999891e+02,-8.948872265004533233e+01
4.667660039062500346e+02,-9.515452093496287489e+01
4.667662968750000232e+02,-9.456312337391304368e+01
4.667665898437500118e+02,-9.733673692471629124e+01
4.667668828125000005e+02,-9.725382808546386570e+01
4.667671757812499891e+02,-9.568123928991877847e+01
4.667674687500000346e+02,-8.843634400822949715e+01
4.667677617187500232e+02,-8.217477228411152623e+01
4.667680546875000118e+02,-8.191349060978890861e+01
4.667683476562500005e+02,-8.248689070159255721e+01
4.667686406249999891e+02,-8.702454341315865349e+01
4.667689335937500346e+02,-8.889847483633144520e+01
4.667692265625000232e+02,-8.434308881427092786e+01
4.667695195312500118e+02,-8.430843224675041370e+01
4.667698125000000005e+02,-8.604584273809840056e+01
4.667701054687499891e+02,-8.530488514484582652e+01
4.667703984375000346e+02,-8.565031854867406480e+01
4.667706914062500232e+02,-9.068555759867216182e+01
4.667709843750000118e+02,-9.430531859560773000e+01
4.667712773437500005e+02,-9.096650344958294454e+01
4.667715703124999891e+02,-9.120114528180211266e+01
4.667718632812500346e+02,-9.281470448602483714e+01
4.667721562500000232e+02,-9.600672944696698607e+01
4.667724492187500118e+02,-9.368678206043645673e+01
4.667727421875000005e+02,-9.744646786205790079e+01
4.667730351562499891e+02,-9.668811508596526494e+01
4.667733281250000346e+02,-8.771736902525663027e+01
4.667736210937500232e+02,-8.822937685646084560e+01
4.667739140625000118e+02,-8.845376034729585513e+01
4.667742070312500005e+02,-8.677739877508037125e+01
4.667744999999999891e+02,-9.331318497251385224e+01
4.667747929687500346e+02,-8.913959640718809396e+01
4.667750859375000232e+02,-8.889952094618249134e+01
4.667753789062500118e+02,-9.229635674666434397e+01
4.667756718750000005e+02,-9.401809935220779835e+01
4.667759648437499891e+02,-9.444470348488320610e+01
4.667762578125000346e+02,-8.831725829838015329e+01
4.667765507812500232e+02,-8.566927297189018020e+01
4.667768437500000118e+02,-8.510065850117194941e+01
4.667771367187500005e+02,-9.021121169946938778e+01
4.667774296874999891e+02,-8.899442895941430720e+01
4.667777226562500346e+02,-8.612302143448174263e+01
4.667780156250000232e+02,-8.766836246877767280e+01
4.667783085937500118e+02,-8.712538096926223830e+01
4.667786015625000005e+02,-8.651773973263431117e+01
4.667788945312499891e+02,-9.039506118131458834e+01
4.667791875000000346e+02,-1.023555208473074316e+02
4.667794804687500232e+02,-9.224486821402157943e+01
4.667797734375000118e+02,-8.904445037000957086e+01
4.667800664062500005e+02,-9.282883176482700094e+01
4.667803593749999891e+02,-1.046317480289352631e+02
4.667806523437500346e+02,-9.194369451241691138e+01
4.667809453125000232e+02,-1.185979336931625596e+02
4.667812382812500118e+02,-9.638495984638632308e+01
4.667815312500000005e+02,-8.515163601771213564e+01
4.667818242187499891e+02,-8.496945695262881770e+01
4.667821171875000346e+02,-8.529827812449312319e+01
4.667824101562500232e+02,-8.913507321816210549e+01
4.667827031250000118e+02,-1.079687005028237650e+02
4.667829960937500005e+02,-8.823129965994327506e+01
4.667832890624999891e+02,-8.754196124033249760e+01
4.667835820312500346e+02,-9.687297368057512870e+01
4.667838750000000232e+02,-8.991262937113653209e+01
4.667841679687500118e+02,-8.835012358411921696e+01
4.667844609375000005e+02,-9.060403001674296775e+01
4.667847539062499891e+02,-9.174477045053765778e+01
4.667850468750000346e+02,-9.859174649845488148e+01
4.667853398437500232e+02,-9.683839256700137810e+01
4.667856328125000118e+02,-9.624604520157996035e+01
4.667859257812500005e+02,-1.005847898242240177e+02
4.667862187499999891e+02,-9.316815618702253232e+01
4.667865117187500346e+02,-9.559518496501966922e+01
4.667868046875000232e+02,-9.059049088268736227e+01
4.667870976562500118e+02,-8.739022598632280392e+01
4.667873906250000005e+02,-8.881157934140881594e+01
4.667876835937499891e+02,-8.867028069008807734e+01
4.667879765625000346e+02,-8.623797668551148377e+01
4.667882695312500232e+02,-8.354953020263511121e+01
4.667885625000000118e+02,-9.196422314857132108e+01
4.667888554687500005e+02,-1.124745714698408960e+02
4.667891484374999891e+02,-8.869571382781114721e+01
4.667894414062500346e+02,-8.915112218554634183e+01
4.667897343750000232e+02,-9.878319779689650204e+01
4.667900273437500118e+02,-1.088474957356535100e+02
4.667903203125000005e+02,-1.000698452091594675e+02
4.667906132812499891e+02,-8.930188749831648920e+01
4.667909062500000346e+02,-8.842714417766552515e+01
4.667911992187500232e+02,-9.176080350436572530e+01
4.667914921875000118e+02,-9.442693331421693870e+01
4.667917851562500005e+02,-9.902985161936823033e+01
4.667920781249999891e+02,-9.543615306957597966e+01
4.667923710937500346e+02,-9.526384287536842521e+01
4.667926640625000232e+02,-8.734262024883045683e+01
4.667929570312500118e+02,-9.424010528463850278e+01
4.667932500000000005e+02,-9.737856459802885922e+01
4.667935429687499891e+02,-9.066702104533747786e+01
4.667938359375000346e+02,-9.264801460450313186e+01
4.667941289062500232e+02,-9.163958392612805426e+01
4.667944218750000118e+02,-8.474108985280287243e+01
4.667947148437500005e+02,-8.670616605679784072e+01
4.667950078124999891e+02,-8.957808804097618349e+01
4.667953007812500346e+02,-9.141942567932916575e+01
4.667955937500000232e+02,-9.871068765730581163e+01
4.667958867187500118e+02,-8.713000826431292012e+01
4.667961796875000005e+02,-8.340906710435012883e+01
4.667964726562499891e+02,-8.961815088339874080e+01
4.667967656250000346e+02,-9.434238422040708372e+01
4.667970585937500232e+02,-9.587481827030417492e+01
4.667973515625000118e+02,-9.418005143396075596e+01
4.667976445312500005e+02,-8.965037756319036077e+01
4.667979374999999891e+02,-9.027117097625500719e+01
4.667982304687500346e+02,-1.015610293710970211e+02
4.667985234375000232e+02,-9.440053826481302224e+01
4.667988164062500118e+02,-8.502586651220455849e+01
4.667991093750000005e+02,-8.483489025241615877e+01
4.667994023437499891e+02,-9.360932941398955620e+01
4.667996953125000346e+02,-1.038654108663987188e+02
4.667999882812500232e+02,-9.279504371591210088e+01
4.668002812500000118e+02,-9.003663298470658560e+01
4.668005742187500005e+02,-1.002248073310549614e+02
4.668008671874999891e+02,-9.261919331027230839e+01
4.668011601562500346e+02,-8.670857866879556752e+01
4.668014531250000232e+02,-8.519838999929916667e+01
4.668017460937500118e+02,-8.808126354606655184e+01
4.668020390625000005e+02,-9.945584387368012358e+01
4.668023320312499891e+02,-9.168545404864595127e+01
4.668026250000000346e+02,-9.053186332368804301e+01
4.668029179687500232e+02,-9.457221845525887716e+01
4.668032109375000118e+02,-8.976134444631045994e+01
4.668035039062500005e+02,-9.199754625880400738e+01
4.668037968749999891e+02,-9.266297787462696078e+01
4.668040898437500346e+02,-9.399163028029475697e+01
4.668043828125000232e+02,-8.812007057847813485e+01
4.668046757812500118e+02,-8.683075544828689374e+01
4.668049687500000005e+02,-8.802698858931314874e+01
4.668052617187499891e+02,-8.907483902046480750e+01
4.668055546875000346e+02,-8.933673956087831414e+01
4.668058476562500232e+02,-9.064951842670944870e+01
4.668061406250000118e+02,-8.892185258121698155e+01
4.668064335937500005e+02,-8.731185843692976789e+01
4.668067265624999891e+02,-8.858516984915191017e+01
4.668070195312500346e+02,-9.062626124338476075e+01
4.668073125000000232e+02,-9.794179650363973622e+01
4.668076054687500118e+02,-9.611914891565581343e+01
4.668078984375000005e+02,-9.356721209740912570e+01
4.668081914062499891e+02,-1.012337887843338251e+02
4.668084843750000346e+02,-8.653057113562687164e+01
4.668087773437500232e+02,-8.345510330767172036e+01
4.668090703125000118e+02,-8.684983188988874758e+01
4.668093632812500005e+02,-9.469885838376157494e+01
4.668096562499999891e+02,-1.005012842936475010e+02
4.668099492187500346e+02,-9.836937124266130184e+01
4.668102421875000232e+02,-8.439070458329020141e+01
4.668105351562500118e+02,-8.185578364755726000e+01
4.668108281250000005e+02,-8.563982212092096802e+01
4.668111210937499891e+02,-9.438403959027934320e+01
4.668114140625000346e+02,-9.317828597116107403e+01
4.668117070312500232e+02,-8.579647539097567233e+01
4.668120000000000118e+02,-9.126857132277520179e+01
4.668122929687500005e+02,-1.005057471271585570e+02
4.668125859374999891e+02,-8.824754550720919610e+01
4.668128789062500346e+02,-8.443922504715283139e+01
4.668131718750000232e+02,-8.860648568643949829e+01
4.668134648437500118e+02,-9.408914405675682247e+01
4.668137578125000005e+02,-9.620830312385763250e+01
4.668140507812499891e+02,-8.807658729825368482e+01
4.668143437500000346e+02,-8.789804947662894108e+01
4.668146367187500232e+02,-8.946178531607219497e+01
4.668149296875000118e+02,-9.077233440088350847e+01
4.668152226562500005e+02,-9.762679457981612074e+01
4.668155156249999891e+02,-9.468186128806570423e+01
4.668158085937500346e+02,-9.221013330308784361e+01
4.668161015625000232e+02,-8.999460882493846725e+01
4.668163945312500118e+02,-8.693424836715195170e+01
4.668166875000000005e+02,-8.830983227628553323e+01
4.668169804687499891e+02,-8.673497304312019196e+01
4.668172734375000346e+02,-8.776335592491356863e+01
4.668175664062500232e+02,-8.594471406773978117e+01
4.668178593750000118e+02,-8.659018951812655018e+01
4.668181523437500005e+02,-9.061415413234888661e+01
4.668184453124999891e+02,-8.995705814812831136e+01
4.668187382812500346e+02,-8.940884253703636375e+01
4.668190312500000232e+02,-1.045688040646009398e+02
4.668193242187500118e+02,-8.932689335303813039e+01
4.668196171875000005e+02,-8.643088517260946446e+01
4.668199101562499891e+02,-8.684598787662000063e+01
4.668202031250000346e+02,-9.350664862163571911e+01
4.668204960937500232e+02,-9.497786007649359874e+01
4.668207890625000118e+02,-9.232207014600197681e+01
4.668210820312500005e+02,-9.836955990310032405e+01
4.668213749999999891e+02,-9.940388693259080810e+01
4.668216679687500346e+02,-9.092146668435583479e+01
4.668219609375000232e+02,-1.081667397957216394e+02
4.668222539062500118e+02,-1.016105980995565403e+02
4.668225468750000005e+02,-8.747329402276996291e+01
4.668228398437499891e+02,-8.263202828227019836e+01
4.668231328125000346e+02,-8.503741480868183089e+01
4.668234257812500232e+02,-8.855626400820898425e+01
4.668237187500000118e+02,-9.211960517606378573e+01
4.668240117187500005e+02,-8.794945159915320687e+01
4.668243046874999891e+02,-8.715026085572128522e+01
4.668245976562500346e+02,-8.852569062502962538e+01
4.668248906250000232e+02,-9.698591426122001735e+01
4.668251835937500118e+02,-8.748536789018034199e+01
4.668254765625000005e+02,-8.494899991094453640e+01
4.668257695312499891e+02,-8.798176176608075139e+01
4.668260625000000346e+02,-1.024063542283283965e+02
4.668263554687500232e+02,-9.347018565020795222e+01
4.668266484375000118e+02,-8.943731551870243379e+01
4.668269414062500005e+02,-9.254898230475619414e+01
4.668272343749999891e+02,-9.836876081741608857e+01
4.668275273437500346e+02,-9.269176374528856854e+01
4.668278203125000232e+02,-9.058169881592374395e+01
4.668281132812500118e+02,-9.348511114759278939e+01
4.668284062500000005e+02,-1.010824877680274199e+02
4.668286992187499891e+02,-9.425003672246467090e+01
4.668289921875000346e+02,-9.000469564484671992e+01
4.668292851562500232e+02,-9.523897521432489555e+01
4.668295781250000118e+02,-8.947959478504213848e+01
4.668298710937500005e+02,-9.789313723403520839e+01
4.668301640624999891e+02,-9.085862294777379589e+01
4.668304570312500346e+02,-8.921482062597181084e+01
4.668307500000000232e+02,-9.594522569354572283e+01
4.668310429687500118e+02,-9.789151455046662420e+01
4.668313359375000005e+02,-1.199533640378932233e+02
4.668316289062499891e+02,-8.900022882301070126e+01
4.668319218750000346e+02,-9.223514300762168716e+01
4.668322148437500232e+02,-9.120942250400895546e+01
4.668325078125000118e+02,-9.403853009564875265e+01
4.668328007812500005e+02,-8.734077616498176155e+01
4.668330937499999891e+02,-9.184916169181391865e+01
4.668333867187500346e+02,-9.066660503711146646e+01
4.668336796875000232e+02,-8.811295335148943764e+01
4.668339726562500118e+02,-9.061109653745126025e+01
4.668342656250000005e+02,-9.021060754930702785e+01
4.668345585937499891e+02,-9.577014456938260878e+01
4.668348515625000346e+02,-9.159668745283389057e+01
4.668351445312500232e+02,-9.777349676003331069e+01
4.668354375000000118e+02,-8.963210947222233926e+01
4.668357304687500005e+02,-9.366596603252310160e+01
4.668360234374999891e+02,-8.970318514565076384e+01
4.668363164062500346e+02,-8.876914255861265701e+01
4.668366093750000232e+02,-8.851458662953474743e+01
4.668369023437500118e+02,-8.664313552461584322e+01
4.668371953125000005e+02,-8.820876173752090210e+01
4.668374882812499891e+02,-9.361078592889781191e+01
4.668377812500000346e+02,-9.432279493215850152e+01
4.668380742187500232e+02,-1.043402531422296988e+02
4.668383671875000118e+02,-9.072358694690778691e+01
4.668386601562500005e+02,-8.820477855850712956e+01
4.668389531249999891e+02,-8.644925838319386457e+01
4.668392460937500346e+02,-8.331679084988691386e+01
4.668395390625000232e+02,-8.550709569111668884e+01
4.668398320312500118e+02,-8.740964268823761074e+01
4.668401250000000005e+02,-9.148860414655545981e+01
4.668404179687499891e+02,-8.534780210341259021e+01
4.668407109375000346e+02,-8.970236597097840558e+01
4.668410039062500232e+02,-8.660490706284974749e+01
4.668412968750000118e+02,-8.804110113039625674e+01
4.668415898437500005e+02,-9.792886298633207787e+01
4.668418828124999891e+02,-9.838325339522553747e+01
4.668421757812500346e+02,-1.037989462055594458e+02
4.668424687500000232e+02,-9.734906827726018719e+01
4.668427617187500118e+02,-8.898067660748625940e+01
4.668430546875000005e+02,-9.299668162953169315e+01
4.668433476562499891e+02,-1.114938214621632255e+02
4.668436406250000346e+02,-9.851225413766748318e+01
4.668439335937500232e+02,-8.643393066214923692e+01
4.668442265625000118e+02,-8.393738296597166482e+01
4.668445195312500005e+02,-8.369172393394831033e+01
4.668448124999999891e+02,-8.626985777545817768e+01
4.668451054687500346e+02,-8.468650220868826750e+01
4.668453984375000232e+02,-8.260983615348946785e+01
4.668456914062500118e+02,-8.643268073404037466e+01
4.668459843750000005e+02,-9.697100486805891251e+01
4.668462773437499891e+02,-9.340068076075262127e+01
4.668465703125000346e+02,-9.109496213217778404e+01
4.668468632812500232e+02,-8.826635740688020348e+01
4.668471562500000118e+02,-8.837186623320710055e+01
4.668474492187500005e+02,-9.253944987136401323e+01
4.668477421874999891e+02,-9.413844360658153221e+01
4.668480351562500346e+02,-9.133722530542107165e+01
4.668483281250000232e+02,-8.806090790062137330e+01
4.668486210937500118e+02,-1.002971213203876175e+02
4.668489140625000005e+02,-8.931457140386643800e+01
4.668492070312499891e+02,-8.634069418365845650e+01
4.668495000000000346e+02,-8.820165866611050376e+01
4.668497929687500232e+02,-9.620492476876223975e+01
4.668500859375000118e+02,-8.894193469232831717e+01
4.668503789062500005e+02,-8.580297813576544286e+01
4.668506718749999891e+02,-9.370192632004477673e+01
4.668509648437500346e+02,-8.712841267025295622e+01
4.668512578125000232e+02,-8.935295616596029333e+01
4.668515507812500118e+02,-9.461300648096866439e+01
4.668518437500000005e+02,-9.306195945262943781e+01
4.668521367187499891e+02,-9.145618135753710476e+01
4.668524296875000346e+02,-8.955434816940442033e+01
4.668527226562500232e+02,-9.702144150345014850e+01
4.668530156250000118e+02,-9.377209632014795204e+01
4.668533085937500005e+02,-8.967297242852345107e+01
4.668536015624999891e+02,-9.188594145231610355e+01
4.668538945312500346e+02,-1.021823744377152110e+02
4.668541875000000232e+02,-9.343039272946813867e+01
4.668544804687500118e+02,-8.482727698406101524e+01
4.668547734375000005e+02,-8.425423012176625548e+01
4.668550664062499891e+02,-8.691371420185888041e+01
4.668553593750000346e+02,-9.131982370660664117e+01
4.668556523437500232e+02,-9.210908450924613078e+01
4.668559453125000118e+02,-9.130639372392849396e+01
4.668562382812500005e+02,-8.974940585218328692e+01
4.668565312499999891e+02,-9.464868105980409041e+01
4.668568242187500346e+02,-8.862640396123342157e+01
4.668571171875000232e+02,-9.166912772842758272e+01
4.668574101562500118e+02,-9.714391972963613853e+01
4.668577031250000005e+02,-9.618344592239152746e+01
4.668579960937499891e+02,-9.190742291111828877e+01
4.668582890625000346e+02,-9.687459167314023034e+01
4.668585820312500232e+02,-9.735085950407238897e+01
4.668588750000000118e+02,-8.773640198682066682e+01
4.668591679687500005e+02,-8.846606566108205527e+01
4.668594609374999891e+02,-9.261691740419310293e+01
4.668597539062500346e+02,-8.845498033961797546e+01
4.668600468750000232e+02,-8.801114948311550279e+01
4.668603398437500118e+02,-8.591780060007070574e+01
4.668606328125000005e+02,-8.568560423810048121e+01
4.668609257812499891e+02,-8.873306720185658492e+01
4.668612187500000346e+02,-9.752215923422831167e+01
4.668615117187500232e+02,-8.664827919492132935e+01
4.668618046875000118e+02,-8.857544868696012941e+01
4.668620976562500005e+02,-8.998728011667887472e+01
4.668623906249999891e+02,-9.400972339764177832e+01
4.668626835937500346e+02,-9.764381954337325453e+01
4.668629765625000232e+02,-8.880037382542374758e+01
4.668632695312500118e+02,-9.281903178501396212e+01
4.668635625000000005e+02,-9.937338701425431964e+01
4.668638554687499891e+02,-8.768233157310342563e+01
4.668641484375000346e+02,-8.300086112750068423e+01
4.668644414062500232e+02,-8.401601551447485861e+01
4.668647343750000118e+02,-9.396428533495770807e+01
4.668650273437500005e+02,-8.650904051180017973e+01
4.668653203124999891e+02,-8.504424606734333736e+01
4.668656132812500346e+02,-8.887678048623669724e+01
4.668659062500000232e+02,-9.533265309360054118e+01
4.668661992187500118e+02,-9.431126357184724895e+01
4.668664921875000005e+02,-9.329257916860950672e+01
4.668667851562499891e+02,-9.541909317155372605e+01
4.668670781250000346e+02,-8.618970209543985561e+01
4.668673710937500232e+02,-8.714382188167274990e+01
4.668676640625000118e+02,-9.041090110221156806e+01
4.668679570312500005e+02,-8.725920886919956843e+01
4.668682499999999891e+02,-1.032340153101102089e+02
4.668685429687500346e+02,-8.575800292652974122e+01
4.668688359375000232e+02,-8.811038017311247472e+01
4.668691289062500118e+02,-9.362078085219084755e+01
4.668694218750000005e+02,-8.738308104515724040e+01
4.668697148437499891e+02,-8.311105524952668588e+01
4.668700078125000346e+02,-9.859056827006158130e+01
4.668703007812500232e+02,-9.448970787824987383e+01
4.668705937500000118e+02,-8.583422941770615466e+01
4.668708867187500005e+02,-8.594095498222264951e+01
4.668711796874999891e+02,-8.824013002846646714e+01
4.668714726562500346e+02,-9.230807087873884598e+01
4.668717656250000232e+02,-8.732834253615079945e+01
4.668720585937500118e+02,-9.040581553044657426e+01
4.668723515625000005e+02,-9.339658967658543531e+01
4.668726445312499891e+02,-9.320516901407167154e+01
4.668729375000000346e+02,-8.565089924675027078e+01
4.668732304687500232e+02,-8.653380587686623926e+01
4.668735234375000118e+02,-9.477362445169646321e+01
4.668738164062500005e+02,-8.917993389862218123e+01
4.668741093749999891e+02,-9.302882572121748694e+01
4.668744023437500346e+02,-8.924791791731121293e+01
4.668746953125000232e+02,-8.890526933909509921e+01
4.668749882812500118e+02,-8.511816310124254414e+01
4.668752812500000005e+02,-8.964638013121984272e+01
4.668755742187499891e+02,-8.876741208833203700e+01
4.668758671875000346e+02,-9.819920953701824828e+01
4.668761601562500232e+02,-9.418928876662991456e+01
4.668764531250000118e+02,-1.005318916314660385e+02
4.668767460937500005e+02,-9.414547969430195451e+01
4.668770390624999891e+02,-1.018866264086998541e+02
4.668773320312500346e+02,-8.886362304818788971e+01
4.668776250000000232e+02,-9.027681234416442635e+01
4.668779179687500118e+02,-8.977309275721634663e+01
4.668782109375000005e+02,-8.714625741981370766e+01
4.668785039062499891e+02,-8.941663034814281730e+01
4.668787968750000346e+02,-9.441296799990152522e+01
4.668790898437500232e+02,-8.994004189171006658e+01
4.668793828125000118e+02,-8.997799864685563875e+01
4.668796757812500005e+02,-8.821906204515757111e+01
4.668799687499999891e+02,-8.270596035892120312e+01
4.668802617187500346e+02,-8.845962006290994850e+01
4.668805546875000232e+02,-9.723643589768171580e+01
4.668808476562500118e+02,-8.682784469799231886e+01
4.668811406250000005e+02,-8.598704233713193901e+01
4.668814335937499891e+02,-8.612368976181458891e+01
4.668817265625000346e+02,-8.488651359725102452e+01
4.668820195312500232e+02,-8.618621002951533683e+01
4.668823125000000118e+02,-9.519465597662193090e+01
4.668826054687500005e+02,-9.767136552337832711e+01
4.668828984374999891e+02,-8.376494620957421944e+01
4.668831914062500346e+02,-8.577385823075007920e+01
4.668834843750000232e+02,-8.561505836692293769e+01
4.668837773437500118e+02,-9.066559452857056556e+01
4.668840703125000005e+02,-8.932836541330088664e+01
4.668843632812499891e+02,-8.941644605915675470e+01
4.668846562500000346e+02,-9.281696723224791867e+01
4.668849492187500232e+02,-8.596855595466206523e+01
4.668852421875000118e+02,-8.229342708948951213e+01
4.668855351562500005e+02,-8.502436673396529443e+01
4.668858281249999891e+02,-8.591351923017356285e+01
4.668861210937500346e+02,-9.584774620375709731e+01
4.668864140625000232e+02,-9.067889915811355195e+01
4.668867070312500118e+02,-8.946599366172978307e+01
4.668870000000000005e+02,-8.806434203611850364e+01
4.668872929687499891e+02,-9.302670942693166012e+01
4.668875859375000346e+02,-8.797650895338934163e+01
4.668878789062500232e+02,-8.567409728202078156e+01
4.668881718750000118e+02,-9.352946508069143761e+01
4.668884648437500005e+02,-1.012324572781638352e+02
4.668887578124999891e+02,-1.011453803965060843e+02
4.668890507812500346e+02,-9.858835931799973196e+01
4.668893437500000232e+02,-9.248501563995063179e+01
4.668896367187500118e+02,-8.774323867421205136e+01
4.668899296875000005e+02,-8.910102929269601191e+01
4.668902226562499891e+02,-8.577136209032991587e+01
4.668905156250000346e+02,-8.910711965476127716e+01
4.668908085937500232e+02,-9.403156194867237616e+01
4.668911015625000118e+02,-9.141066688606592550e+01
4.668913945312500005e+02,-9.327400316229109478e+01
4.668916874999999891e+02,-8.738889530025909380e+01
4.668919804687500346e+02,-8.748595132348079062e+01
4.668922734375000232e+02,-9.782355160559335161e+01
4.668925664062500118e+02,-9.666136148542024387e+01
4.668928593750000005e+02,-8.651860407068102177e+01
4.668931523437499891e+02,-8.718088197340534862e+01
4.668934453125000346e+02,-8.529564690182992592e+01
4.668937382812500232e+02,-8.265065900165282642e+01
4.668940312500000118e+02,-8.765205071505880596e+01
4.668943242187500005e+02,-9.118693040999764321e+01
4.668946171874999891e+02,-9.108890477655400275e+01
4.668949101562500346e+02,-9.265723254994270519e+01
4.668952031250000232e+02,-9.291249916846196300e+01
4.668954960937500118e+02,-9.181122330775301066e+01
4.668957890625000005e+02,-8.608883664601020769e+01
4.668960820312499891e+02,-9.662658211232569272e+01
4.668963750000000346e+02,-9.790160685458558021e+01
4.668966679687500232e+02,-8.796758373990967073e+01
4.668969609375000118e+02,-9.375987298149610183e+01
4.668972539062500005e+02,-9.038550287446661002e+01
4.668975468749999891e+02,-9.173002227290182020e+01
4.668978398437500346e+02,-9.898342368732033947e+01
4.668981328125000232e+02,-9.384963640393492312e+01
4.668984257812500118e+02,-9.304753246806328093e+01
4.668987187500000005e+02,-9.070051331091532631e+01
4.668990117187499891e+02,-9.060598412759730991e+01
4.668993046875000346e+02,-8.917108716645941513e+01
4.668995976562500232e+02,-8.083111458436198404e+01
4.668998906250000118e+02,-8.150457261709057377e+01
4.669001835937500005e+02,-9.050933494842531957e+01
4.669004765624999891e+02,-9.242929448954353688e+01
4.669007695312500346e+02,-1.011422837237319925e+02
4.669010625000000232e+02,-8.881516267495624106e+01
4.669013554687500118e+02,-8.894046182694866332e+01
4.669016484375000005e+02,-8.475310734987830585e+01
4.669019414062499891e+02,-8.770382068548565258e+01
4.669022343750000346e+02,-8.720728326807902420e+01
4.669025273437500232e+02,-8.891804449029841351e+01
4.669028203125000118e+02,-9.508892542822808025e+01
4.669031132812500005e+02,-9.143147393361850561e+01
4.669034062499999891e+02,-8.547606672290029906e+01
4.669036992187500346e+02,-8.970945589238621665e+01
4.669039921875000232e+02,-9.052161753723625282e+01
4.669042851562500118e+02,-8.374763712714938890e+01
4.669045781250000005e+02,-8.422403116618121999e+01
4.669048710937499891e+02,-8.628897011243223858e+01
4.669051640625000346e+02,-8.892036748176548144e+01
4.669054570312500232e+02,-8.257130605493692599e+01
4.669057500000000118e+02,-8.449971502220464004e+01
4.669060429687500005e+02,-9.471681891150252852e+01
4.669063359374999891e+02,-9.167895169741422023e+01
4.669066289062500346e+02,-9.142704231754770205e+01
4.669069218750000232e+02,-9.316422270282929219e+01
4.669072148437500118e+02,-9.189442813253594977e+01
4.669075078125000005e+02,-9.043109763490882358e+01
4.669078007812499891e+02,-9.283700493313034485e+01
4.669080937500000346e+02,-9.142846842260901497e+01
4.669083867187500232e+02,-8.916067415342594416e+01
4.669086796875000118e+02,-8.470835804977372163e+01
4.669089726562500005e+02,-8.573305738881990123e+01
4.669092656249999891e+02,-8.658662651514616471e+01
4.669095585937500346e+02,-8.932234731054776944e+01
4.669098515625000232e+02,-8.956518983311875104e+01
4.669101445312500118e+02,-9.182104016869584484e+01
4.669104375000000005e+02,-9.505546884121996243e+01
4.669107304687499891e+02,-8.701186448028931864e+01
4.669110234375000346e+02,-8.433422882773805895e+01
4.669113164062500232e+02,-8.636811834831587475e+01
4.669116093750000118e+02,-8.803356696876436160e+01
4.669119023437500005e+02,-8.729758464217083258e+01
4.669121953124999891e+02,-9.171705646863750871e+01
4.669124882812500346e+02,-9.086311376943241669e+01
4.669127812500000232e+02,-9.467710240451060599e+01
4.669130742187500118e+02,-8.593537321380054550e+01
4.669133671875000005e+02,-8.576129558966127320e+01
4.669136601562499891e+02,-9.212938040530424644e+01
4.669139531250000346e+02,-8.766214278772280011e+01
4.669142460937500232e+02,-8.900777492594292539e+01
4.669145390625000118e+02,-8.850426129353181182e+01
4.669148320312500005e+02,-9.616166340682272562e+01
4.669151249999999891e+02,-9.824300477688876754e+01
4.669154179687500346e+02,-8.562946520791595617e+01
4.669157109375000232e+02,-9.163312603802454248e+01
4.669160039062500118e+02,-8.671910382138440809e+01
4.669162968750000005e+02,-8.517669813938852030e+01
4.669165898437499891e+02,-8.427590137399531045e+01
4.669168828125000346e+02,-9.061524061212094239e+01
4.669171757812500232e+02,-9.472909657602605193e+01
4.669174687500000118e+02,-8.635563314404390667e+01
4.669177617187500005e+02,-8.502143884607903601e+01
4.669180546874999891e+02,-9.301024037650699938e+01
4.669183476562500346e+02,-8.590983392207924396e+01
4.669186406250000232e+02,-8.123572345370405401e+01
4.669189335937500118e+02,-8.905364737640880435e+01
4.669192265625000005e+02,-9.312992451031421126e+01
4.669195195312499891e+02,-9.595391716580733998e+01
4.669198125000000346e+02,-9.745134817320732168e+01
4.669201054687500232e+02,-9.592717631798996081e+01
4.669203984375000118e+02,-9.278693751948947011e+01
4.669206914062500005e+02,-8.709789762059571672e+01
4.669209843749999891e+02,-8.314048141586083318e+01
4.669212773437500346e+02,-8.724639176004798458e+01
4.669215703125000232e+02,-8.940805487596128387e+01
4.669218632812500118e+02,-8.600663642223071292e+01
4.669221562500000005e+02,-8.729605461208811334e+01
4.669224492187499891e+02,-9.228333543848901854e+01
4.669227421875000346e+02,-8.695983801830443838e+01
4.669230351562500232e+02,-8.882769368888193640e+01
4.669233281250000118e+02,-9.088672250570920141e+01
4.669236210937500005e+02,-9.772795792471640652e+01
4.669239140624999891e+02,-9.724804146589625020e+01
4.669242070312500346e+02,-9.549832414574792949e+01
4.669245000000000232e+02,-9.320305357485663933e+01
4.669247929687500118e+02,-9.068135337970076648e+01
4.669250859375000005e+02,-8.391391978664063345e+01
4.669253789062499891e+02,-8.416112744111526922e+01
4.669256718750000346e+02,-9.572329520648128209e+01
4.669259648437500232e+02,-8.693204731644868843e+01
4.669262578125000118e+02,-9.009473492249622950e+01
4.669265507812500005e+02,-8.998225599420067056e+01
4.669268437499999891e+02,-8.846997732004513182e+01
4.669271367187500346e+02,-9.559473945304020503e+01
4.669274296875000232e+02,-8.728371387000055392e+01
4.669277226562500118e+02,-8.224774951340614848e+01
4.669280156250000005e+02,-8.720708468693905502e+01
4.669283085937499891e+02,-8.294046881020040018e+01
4.669286015625000346e+02,-8.337337888778571937e+01
4.669288945312500232e+02,-9.159433880400563055e+01
4.669291875000000118e+02,-9.851072184045196423e+01
4.669294804687500005e+02,-9.321384202271943309e+01
4.669297734374999891e+02,-9.146442918303188208e+01
4.669300664062500346e+02,-9.100418137023513054e+01
4.669303593750000232e+02,-8.936280053921898059e+01
4.669306523437500118e+02,-8.693509571686904280e+01
4.669309453125000005e+02,-9.123902469297362927e+01
4.669312382812499891e+02,-8.993671394650476714e+01
4.669315312500000346e+02,-9.460185739905637092e+01
4.669318242187500232e+02,-9.436071267938504548e+01
4.669321171875000118e+02,-1.102888029725266392e+02
4.669324101562500005e+02,-9.258174020761666156e+01
4.669327031249999891e+02,-8.671730412594590121e+01
4.669329960937500346e+02,-8.775260462298541597e+01
4.669332890625000232e+02,-9.578117097738477526e+01
4.669335820312500118e+02,-8.730586225938739631e+01
4.669338750000000005e+02,-8.301531043368483154e+01
4.669341679687499891e+02,-8.671984504532912297e+01
4.669344609375000346e+02,-1.147337946882550597e+02
4.669347539062500232e+02,-9.005421119357737325e+01
4.669350468750000118e+02,-9.426972926832242194e+01
4.669353398437500005e+02,-9.147509473676365133e+01
4.669356328124999891e+02,-8.911464828817921102e+01
4.669359257812500346e+02,-9.044211752471721866e+01
4.669362187500000232e+02,-8.510974538924033084e+01
4.669365117187500118e+02,-8.387584299268132781e+01
4.669368046875000005e+02,-8.498291138820354718e+01
4.669370976562499891e+02,-8.415259179435548731e+01
4.669373906250000346e+02,-8.580553964626476215e+01
4.669376835937500232e+02,-8.945256220830034977e+01
4.669379765625000118e+02,-9.801536699769923189e+01
4.669382695312500005e+02,-9.137274393208451784e+01
4.669385624999999891e+02,-9.232616707709146908e+01
4.669388554687500346e+02,-9.601512215210945556e+01
4.669391484375000232e+02,-9.851946729583804085e+01
4.669394414062500118e+02,-9.663691716401794451e+01
4.669397343750000005e+02,-9.554213625002844879e+01
4.669400273437499891e+02,-8.883824124606412909e+01
4.669403203125000346e+02,-8.681149904332072254e+01
4.669406132812500232e+02,-9.269546873775638574e+01
4.669409062500000118e+02,-9.875765977832384124e+01
4.669411992187500005e+02,-9.422054577917315044e+01
4.669414921874999891e+02,-9.012033634870297760e+01
4.669417851562500346e+02,-9.204548110783329662e+01
4.669420781250000232e+02,-8.427743041836822613e+01
4.669423710937500118e+02,-8.257357343662540927e+01
4.669426640625000005e+02,-8.847722096496859479e+01
4.669429570312499891e+02,-8.912736364287114554e+01
4.669432500000000346e+02,-9.329142034591527022e+01
4.669435429687500232e+02,-9.774928374991310420e+01
4.669438359375000118e+02,-9.228761809958577089e+01
4.669441289062500005e+02,-9.359210482616795446e+01
4.669444218749999891e+02,-8.907113910044694194e+01
4.669447148437500346e+02,-9.167024402346646639e+01
4.669450078125000232e+02,-9.080502442421639842e+01
4.669453007812500118e+02,-8.848274406290801153e+01
4.669455937500000005e+02,-8.937460118309793700e+01
4.669458867187499891e+02,-9.284313858163274347e+01
4.669461796875000346e+02,-1.031716729213307531e+02
4.669464726562500232e+02,-9.331342159113521006e+01
4.669467656250000118e+02,-8.918144400481416767e+01
4.669470585937500005e+02,-8.529327067885040492e+01
4.669473515624999891e+02,-8.328623660982331955e+01
4.669476445312500346e+02,-8.814312163955356993e+01
4.669479375000000232e+02,-9.552126918551013546e+01
4.669482304687500118e+02,-9.774566747693634738e+01
4.669485234375000005e+02,-9.830412568784998939e+01
4.669488164062499891e+02,-1.023404267713388407e+02
4.669491093750000346e+02,-1.001286853726649184e+02
4.669494023437500232e+02,-8.996403615231743345e+01
4.669496953125000118e+02,-8.466365627961549478e+01
4.669499882812500005e+02,-9.108432275384734567e+01
4.669502812499999891e+02,-8.861498921549326724e+01
4.669505742187500346e+02,-9.001076492396498452e+01
4.669508671875000232e+02,-8.430515543531952005e+01
4.669511601562500118e+02,-8.604104050938889259e+01
4.669514531250000005e+02,-8.944077469248807688e+01
4.669517460937499891e+02,-9.040959205643605401e+01
4.669520390625000346e+02,-8.828346280084701903e+01
4.669523320312500232e+02,-9.124431142838855635e+01
4.669526250000000118e+02,-8.886349739543032911e+01
4.669529179687500005e+02,-8.584371385491249384e+01
4.669532109374999891e+02,-8.478752347604144290e+01
4.669535039062500346e+02,-9.367446994872211974e+01
4.669537968750000232e+02,-9.426972749054881717e+01
4.669540898437500118e+02,-9.203468277867176539e+01
4.669543828125000005e+02,-9.112368014620321333e+01
4.669546757812499891e+02,-8.298088367564604084e+01
4.669549687500000346e+02,-7.981946662050675911e+01
4.669552617187500232e+02,-8.377401999720682113e+01
4.669555546875000118e+02,-9.410289139709200867e+01
4.669558476562500005e+02,-9.305776277968323029e+01
4.669561406249999891e+02,-8.405178379152475543e+01
4.669564335937500346e+02,-8.585383560315682416e+01
4.669567265625000232e+02,-8.894131467171479244e+01
4.669570195312500118e+02,-9.364984343318006665e+01
4.669573125000000005e+02,-9.114734552690495661e+01
4.669576054687499891e+02,-9.537005161917294060e+01
4.669578984375000346e+02,-8.713054636187833069e+01
4.669581914062500232e+02,-8.630914694248241403e+01
4.669584843750000118e+02,-8.580022288048341750e+01
4.669587773437500005e+02,-8.641972222761928890e+01
4.669590703124999891e+02,-8.955051080177481992e+01
4.669593632812500346e+02,-9.361776533493926422e+01
4.669596562500000232e+02,-9.125714244596223068e+01
4.669599492187500118e+02,-9.205650687708411795e+01
4.669602421875000005e+02,-9.575934296877602492e+01
4.669605351562499891e+02,-9.519949387214242620e+01
4.669608281250000346e+02,-9.899430009170697531e+01
4.669611210937500232e+02,-8.584804011738842178e+01
4.669614140625000118e+02,-8.637056968763430120e+01
4.669617070312500005e+02,-8.446181767235734128e+01
4.669619999999999891e+02,-8.465664255366448288e+01
4.669622929687500346e+02,-9.896829070067443013e+01
4.669625859375000232e+02,-9.061012360100320961e+01
4.669628789062500118e+02,-8.715468203794003443e+01
4.669631718750000005e+02,-9.669539985418170147e+01
4.669634648437499891e+02,-8.682609578224597158e+01
4.669637578125000346e+02,-9.140256248337558986e+01
4.669640507812500232e+02,-8.947637623023027231e+01
4.669643437500000118e+02,-8.937334258689246269e+01
4.669646367187500005e+02,-8.460872824450800067e+01
4.669649296874999891e+02,-8.292771545335669714e+01
4.669652226562500346e+02,-8.804689911220448550e+01
4.669655156250000232e+02,-9.130554449719922161e+01
4.669658085937500118e+02,-9.410315657074291096e+01
4.669661015625000005e+02,-9.386057709349243794e+01
4.669663945312499891e+02,-9.172345988913407666e+01
4.669666875000000346e+02,-9.792551770954631252e+01
4.669669804687500232e+02,-8.960117904754429219e+01
4.669672734375000118e+02,-1.008649288918326334e+02
4.669675664062500005e+02,-8.786668611226103565e+01
4.669678593749999891e+02,-8.804552713475536052e+01
4.669681523437500346e+02,-8.992412780758320423e+01
4.669684453125000232e+02,-8.794081630522615001e+01
4.669687382812500118e+02,-8.731629240571695050e+01
4.669690312500000005e+02,-9.202726203107700087e+01
4.669693242187499891e+02,-9.567180522222896855e+01
4.669696171875000346e+02,-9.189114970871550270e+01
4.669699101562500232e+02,-8.707764353087466702e+01
4.669702031250000118e+02,-1.009470053195084347e+02
4.669704960937500005e+02,-8.741343693585513108e+01
4.669707890624999891e+02,-8.583149524093633431e+01
4.669710820312500346e+02,-9.801033548955665253e+01
4.669713750000000232e+02,-1.033315556601004630e+02
4.669716679687500118e+02,-8.618891893317544373e+01
4.669719609375000005e+02,-8.955822994922910141e+01
4.669722539062499891e+02,-9.738817094863442492e+01
4.669725468750000346e+02,-8.854806067531283986e+01
4.669728398437500232e+02,-8.419628782202005368e+01
4.669731328125000118e+02,-8.472258368235057446e+01
4.669734257812500005e+02,-8.931951125936494407e+01
4.669737187499999891e+02,-9.844037088034710337e+01
4.669740117187500346e+02,-9.466071637417350360e+01
4.669743046875000232e+02,-1.018316934659836193e+02
4.669745976562500118e+02,-8.606884754687266081e+01
4.669748906250000005e+02,-9.482628330697474439e+01
4.669751835937499891e+02,-8.150438804293278849e+01
4.669754765625000346e+02,-8.285931933945428796e+01
4.669757695312500232e+02,-9.261997792297637488e+01
4.669760625000000118e+02,-9.248738640917012788e+01
4.669763554687500005e+02,-8.631809594466346880e+01
4.669766484374999891e+02,-8.743676994899124111e+01
4.669769414062500346e+02,-8.741736419497738098e+01
4.669772343750000232e+02,-8.934592204309426222e+01
4.669775273437500118e+02,-9.088045572966798602e+01
4.669778203125000005e+02,-9.018885107841470017e+01
4.669781132812499891e+02,-8.966378345637097880e+01
4.669784062500000346e+02,-8.951277735713293282e+01
4.669786992187500232e+02,-8.739181961753669725e+01
4.669789921875000118e+02,-8.592889498024737804e+01
4.669792851562500005e+02,-8.793178839550006387e+01
4.669795781249999891e+02,-9.304449293914981922e+01
4.669798710937500346e+02,-8.870096232164189587e+01
4.669801640625000232e+02,-1.025060851276488307e+02
4.669804570312500118e+02,-8.762738691042306982e+01
4.669807500000000005e+02,-9.660943161696002335e+01
4.669810429687499891e+02,-9.504112605302843519e+01
4.669813359375000346e+02,-9.249618971632062880e+01
4.669816289062500232e+02,-8.904904086843563960e+01
4.669819218750000118e+02,-8.492553255496481768e+01
4.669822148437500005e+02,-8.552495802345619325e+01
4.669825078124999891e+02,-9.006257366197333170e+01
4.669828007812500346e+02,-9.266262140739021902e+01
4.669830937500000232e+02,-9.596101268117324423e+01
4.669833867187500118e+02,-9.589307375999186434e+01
4.669836796875000005e+02,-9.641335280046531864e+01
4.669839726562499891e+02,-1.046542139516525083e+02
4.669842656250000346e+02,-8.789113420907575858e+01
4.669845585937500232e+02,-9.166539210489774803e+01
4.669848515625000118e+02,-8.901273178536732189e+01
4.669851445312500005e+02,-8.757312563621553636e+01
4.669854374999999891e+02,-1.029906879552326018e+02
4.669857304687500346e+02,-1.025030857655853964e+02
4.669860234375000232e+02,-9.484475225595159031e+01
4.669863164062500118e+02,-9.020270325423958013e+01
4.669866093750000005e+02,-8.403634104907138180e+01
4.669869023437499891e+02,-8.572534941715747436e+01
4.669871953125000346e+02,-8.509221973241132275e+01
4.669874882812500232e+02,-8.671461565892150247e+01
4.669877812500000118e+02,-9.623436919472636930e+01
4.669880742187500005e+02,-9.091950377809332906e+01
4.669883671874999891e+02,-8.573144953255152245e+01
4.669886601562500346e+02,-8.532241475198546254e+01
4.669889531250000232e+02,-8.972456547355227485e+01
4.669892460937500118e+02,-9.407477678580013958e+01
4.669895390625000005e+02,-9.681357905544393816e+01
4.669898320312499891e+02,-8.911324943512244090e+01
4.669901250000000346e+02,-9.379921234580692158e+01
4.669904179687500232e+02,-8.521153809701235105e+01
4.669907109375000118e+02,-8.663192716798621973e+01
4.669910039062500005e+02,-9.668715355342371254e+01
4.669912968749999891e+02,-9.164459989332524970e+01
4.669915898437500346e+02,-9.103803997928028480e+01
4.669918828125000232e+02,-8.909817693135613581e+01
4.669921757812500118e+02,-8.324886200769145717e+01
4.669924687500000005e+02,-8.108486154268663881e+01
4.669927617187499891e+02,-8.128612813016877681e+01
4.669930546875000346e+02,-8.831542005226204139e+01
4.669933476562500232e+02,-8.903573075008816318e+01
4.669936406250000118e+02,-8.740471530611785056e+01
4.669939335937500005e+02,-8.974214201286758907e+01
4.669942265624999891e+02,-8.528600348635984574e+01
4.669945195312500346e+02,-8.555237992234626176e+01
4.669948125000000232e+02,-8.829491542160683082e+01
4.669951054687500118e+02,-8.739782589273886515e+01
4.669953984375000005e+02,-8.869160386534997542e+01
4.669956914062499891e+02,-8.717147944489978784e+01
4.669959843750000346e+02,-9.779975549628103693e+01
4.669962773437500232e+02,-8.876050697547822210e+01
4.669965703125000118e+02,-8.694049578491167551e+01
4.669968632812500005e+02,-9.985669622734022255e+01
4.669971562499999891e+02,-8.678242105605853851e+01
4.669974492187500346e+02,-8.504863198029532612e+01
4.669977421875000232e+02,-8.237921370122860765e+01
4.669980351562500118e+02,-8.228926671441217877e+01
4.669983281250000005e+02,-9.427740945601827605e+01
4.669986210937499891e+02,-9.222876026240761860e+01
4.669989140625000346e+02,-8.980662755233906580e+01
4.669992070312500232e+02,-9.188814821858812820e+01
4.669995000000000118e+02,-9.411289424677522675e+01
4.669997929687500005e+02,-9.755861957619990221e+01
4.670000859374999891e+02,-9.076978750636898496e+01
4.670003789062500346e+02,-8.321317273690750937e+01
4.670006718750000232e+02,-8.397078881343713874e+01
4.670009648437500118e+02,-8.448214903703252787e+01
4.670012578125000005e+02,-8.465875815809903315e+01
4.670015507812499891e+02,-9.367892781160276172e+01
4.670018437500000346e+02,-8.798878785992913265e+01
4.670021367187500232e+02,-8.247417220940079119e+01
4.670024296875000118e+02,-8.608696072418709377e+01
4.670027226562500005e+02,-8.743537475960829397e+01
4.670030156249999891e+02,-8.976938640464342711e+01
4.670033085937500346e+02,-9.039384575794628063e+01
4.670036015625000232e+02,-8.745810116049931082e+01
4.670038945312500118e+02,-9.443172129966987427e+01
4.670041875000000005e+02,-1.025360142920571604e+02
4.670044804687499891e+02,-8.766804767730138792e+01
4.670047734375000346e+02,-8.661588622898078427e+01
4.670050664062500232e+02,-9.096538724916065632e+01
4.670053593750000118e+02,-8.442197626936577137e+01
4.670056523437500005e+02,-8.642039326728948367e+01
4.670059453124999891e+02,-9.512652177674617349e+01
4.670062382812500346e+02,-8.930937293940391442e+01
4.670065312500000232e+02,-9.586467774528517793e+01
4.670068242187500118e+02,-9.639336799401186795e+01
4.670071171875000005e+02,-9.845524068976081367e+01
4.670074101562499891e+02,-9.112905855030567182e+01
4.670077031250000346e+02,-8.447137994490233837e+01
4.670079960937500232e+02,-8.458309155913282495e+01
4.670082890625000118e+02,-9.568247847637506709e+01
4.670085820312500005e+02,-9.478399005149319123e+01
4.670088749999999891e+02,-9.186716762013261928e+01
4.670091679687500346e+02,-9.945351042372138295e+01
4.670094609375000232e+02,-9.163900009342269470e+01
4.670097539062500118e+02,-8.467335046219798755e+01
4.670100468750000005e+02,-9.328974655440254082e+01
4.670103398437499891e+02,-8.683628319425852737e+01
4.670106328125000346e+02,-9.817244820802984862e+01
4.670109257812500232e+02,-9.954446554705870653e+01
4.670112187500000118e+02,-8.477359150127639964e+01
4.670115117187500005e+02,-8.427528567572716156e+01
4.670118046874999891e+02,-9.305558451148824872e+01
4.670120976562500346e+02,-9.173689270776353055e+01
4.670123906250000232e+02,-8.283881197807069441e+01
4.670126835937500118e+02,-8.560954681086811036e+01
4.670129765625000005e+02,-8.373241291184925217e+01
4.670132695312499891e+02,-8.390061644003311869e+01
4.670135625000000346e+02,-8.755689390425352769e+01
4.670138554687500232e+02,-8.865692614316893128e+01
4.670141484375000118e+02,-8.877083797672864307e+01
4.670144414062500005e+02,-9.382811829593140374e+01
4.670147343749999891e+02,-9.001101122732887916e+01
4.670150273437500346e+02,-8.777601847070356200e+01
4.670153203125000232e+02,-8.692254551180690214e+01
4.670156132812500118e+02,-9.025577943404856285e+01
4.670159062500000005e+02,-9.642396087648565128e+01
4.670161992187499891e+02,-9.158590878407645164e+01
4.670164921875000346e+02,-9.188414374395836148e+01
4.670167851562500232e+02,-9.063395800129599422e+01
4.670170781250000118e+02,-8.437426781725631031e+01
4.670173710937500005e+02,-8.296384280888501905e+01
4.670176640624999891e+02,-8.389453810280535606e+01
4.670179570312500346e+02,-8.762021708999982650e+01
4.670182500000000232e+02,-8.966944258698160297e+01
4.670185429687500118e+02,-8.865054868041384850e+01
4.670188359375000005e+02,-9.548007793518584663e+01
4.670191289062499891e+02,-9.704741122461213365e+01
4.670194218750000346e+02,-8.957468784698995989e+01
4.670197148437500232e+02,-8.704785606892284022e+01
4.670200078125000118e+02,-8.956568531995019100e+01
4.670203007812500005e+02,-8.915059224221880640e+01
4.670205937499999891e+02,-9.907064002347850362e+01
4.670208867187500346e+02,-9.198955225668640878e+01
4.670211796875000232e+02,-8.371080622517891356e+01
4.670214726562500118e+02,-8.656434643132993756e+01
4.670217656250000005e+02,-8.553171591049100186e+01
4.670220585937499891e+02,-8.293399259348467467e+01
4.670223515625000346e+02,-8.400380736879874632e+01
4.670226445312500232e+02,-9.449783470060702939e+01
4.670229375000000118e+02,-9.561825578100659584e+01
4.670232304687500005e+02,-8.505240294672719870e+01
4.670235234374999891e+02,-9.289057752216587005e+01
4.670238164062500346e+02,-8.945448947202267220e+01
4.670241093750000232e+02,-8.987556017608002890e+01
4.670244023437500118e+02,-9.647682236865182404e+01
4.670246953125000005e+02,-1.040117562006745118e+02
4.670249882812499891e+02,-8.946190016797837075e+01
4.670252812500000346e+02,-8.544037364337310692e+01
4.670255742187500232e+02,-8.436196362840036045e+01
4.670258671875000118e+02,-8.405361877699705531e+01
4.670261601562500005e+02,-8.494462099156378088e+01
4.670264531249999891e+02,-8.649259466037008792e+01
4.670267460937500346e+02,-8.972953398690820848e+01
4.670270390625000232e+02,-8.925187234854405460e+01
4.670273320312500118e+02,-8.415431304426661541e+01
4.670276250000000005e+02,-8.490095100060138122e+01
4.670279179687499891e+02,-8.770633565685363919e+01
4.670282109375000346e+02,-8.584083300503939995e+01
4.670285039062500232e+02,-9.163894358348650826e+01
4.670287968750000118e+02,-8.859679039924847643e+01
4.670290898437500005e+02,-8.621426244441452980e+01
4.670293828124999891e+02,-9.022195665848478541e+01
4.670296757812500346e+02,-1.074922246576433622e+02
4.670299687500000232e+02,-9.943936388528557302e+01
4.670302617187500118e+02,-9.558615075863441746e+01
4.670305546875000005e+02,-8.429147538297956999e+01
4.670308476562499891e+02,-8.760793119965265419e+01
4.670311406250000346e+02,-9.061717622792266980e+01
4.670314335937500232e+02,-9.286226179107384837e+01
4.670317265625000118e+02,-8.757318985147007595e+01
4.670320195312500005e+02,-8.650014889675431107e+01
4.670323124999999891e+02,-8.827485472663214239e+01
4.670326054687500346e+02,-8.762894145701631032e+01
4.670328984375000232e+02,-8.930840826881157568e+01
4.670331914062500118e+02,-8.457103550658666791e+01
4.670334843750000005e+02,-8.371252866819983751e+01
4.670337773437499891e+02,-9.071099290316828956e+01
4.670340703125000346e+02,-8.977847727497689334e+01
4.670343632812500232e+02,-8.633979357851839609e+01
4.670346562500000118e+02,-9.422263255494038958e+01
4.670349492187500005e+02,-8.279981490825403512e+01
4.670352421874999891e+02,-7.909582618712725832e+01
4.670355351562500346e+02,-8.239709254535813443e+01
4.670358281250000232e+02,-8.892799096059087560e+01
4.670361210937500118e+02,-8.230007256583162700e+01
4.670364140625000005e+02,-7.738302868359861009e+01
4.670367070312499891e+02,-8.059415014692389434e+01
4.670370000000000346e+02,-8.327225404379079521e+01
4.670372929687500232e+02,-1.103005990812687287e+02
4.670375859375000118e+02,-9.933841687266018994e+01
4.670378789062500005e+02,-8.843654035895039556e+01
4.670381718749999891e+02,-9.246000980398592617e+01
4.670384648437500346e+02,-9.244157478989100696e+01
4.670387578125000232e+02,-9.390055382048959132e+01
4.670390507812500118e+02,-9.837836368150446731e+01
4.670393437500000005e+02,-9.292586013166976500e+01
4.670396367187499891e+02,-9.039859015360185879e+01
4.670399296875000346e+02,-9.614700558611167480e+01
4.670402226562500232e+02,-1.176570218556975220e+02
4.670405156250000118e+02,-8.483214556109564342e+01
4.670408085937500005e+02,-8.775091893721156566e+01
4.670411015624999891e+02,-8.726285098800514106e+01
4.670413945312500346e+02,-8.688992935443576471e+01
4.670416875000000232e+02,-8.575551014329448662e+01
4.670419804687500118e+02,-8.611084242777124587e+01
4.670422734375000005e+02,-8.848419682202217018e+01
4.670425664062499891e+02,-9.280312422113826187e+01
4.670428593750000346e+02,-8.723008591054025374e+01
4.670431523437500232e+02,-8.041291889321431086e+01
4.670434453125000118e+02,-7.895552406926319122e+01
4.670437382812500005e+02,-8.308086294628026280e+01
4.670440312499999891e+02,-8.541629491505571536e+01
4.670443242187500346e+02,-9.084894690424638952e+01
4.670446171875000232e+02,-8.706832687107987567e+01
4.670449101562500118e+02,-8.535065303879551379e+01
4.670452031250000005e+02,-8.928794204694376901e+01
4.670454960937499891e+02,-8.496058240593789890e+01
4.670457890625000346e+02,-8.907331981763606166e+01
4.670460820312500232e+02,-9.408207174928176642e+01
4.670463750000000118e+02,-8.691229015989759432e+01
4.670466679687500005e+02,-8.411085583423965772e+01
4.670469609374999891e+02,-9.692730994022035418e+01
4.670472539062500346e+02,-9.083414448027102139e+01
4.670475468750000232e+02,-8.669530958827486700e+01
4.670478398437500118e+02,-8.793292283509445895e+01
4.670481328125000005e+02,-8.991653524415062293e+01
4.670484257812499891e+02,-8.984112093812285593e+01
4.670487187500000346e+02,-8.376101133191573922e+01
4.670490117187500232e+02,-8.913557929834011873e+01
4.670493046875000118e+02,-9.181105484319897414e+01
4.670495976562500005e+02,-8.898007868998237768e+01
4.670498906249999891e+02,-8.796488665224100600e+01
4.670501835937500346e+02,-9.582742403351264215e+01
4.670504765625000232e+02,-8.829974274104758081e+01
4.670507695312500118e+02,-8.158444962222691288e+01
4.670510625000000005e+02,-8.577956893196909505e+01
4.670513554687499891e+02,-9.493120326967115830e+01
4.670516484375000346e+02,-8.605261587068889639e+01
4.670519414062500232e+02,-8.535818283236253023e+01
4.670522343750000118e+02,-9.843884451807679170e+01
4.670525273437500005e+02,-9.187566889028148864e+01
4.670528203124999891e+02,-8.991671307918684874e+01
4.670531132812500346e+02,-9.069630786187509841e+01
4.670534062500000232e+02,-8.317821016809206469e+01
4.670536992187500118e+02,-8.815380716939871775e+01
4.670539921875000005e+02,-1.025221668020388393e+02
4.670542851562499891e+02,-9.141093849702450314e+01
4.670545781250000346e+02,-1.121537404029430434e+02
4.670548710937500232e+02,-8.835119681326293062e+01
4.670551640625000118e+02,-9.083270169698747054e+01
4.670554570312500005e+02,-9.464230177570554758e+01
4.670557499999999891e+02,-9.351225512646293225e+01
4.670560429687500346e+02,-8.615558593060490011e+01
4.670563359375000232e+02,-8.234234792646543610e+01
4.670566289062500118e+02,-8.447591297281130096e+01
4.670569218750000005e+02,-9.052190674938009352e+01
4.670572148437499891e+02,-9.737413732313322612e+01
4.670575078125000346e+02,-8.813109403028701649e+01
4.670578007812500232e+02,-8.886856375799990815e+01
4.670580937500000118e+02,-8.855521494955455353e+01
4.670583867187500005e+02,-8.863907962567721199e+01
4.670586796874999891e+02,-1.066960170152874525e+02
4.670589726562500346e+02,-8.909748457732759164e+01
4.670592656250000232e+02,-8.476849840554821469e+01
4.670595585937500118e+02,-8.362897516025978462e+01
4.670598515625000005e+02,-8.307480632833610912e+01
4.670601445312499891e+02,-8.364931746029228066e+01
4.670604375000000346e+02,-8.529770563468258615e+01
4.670607304687500232e+02,-8.751395793648714516e+01
4.670610234375000118e+02,-8.917924698393500194e+01
4.670613164062500005e+02,-1.080602808046440657e+02
4.670616093749999891e+02,-8.956885581229015258e+01
4.670619023437500346e+02,-8.780119584730094573e+01
4.670621953125000232e+02,-9.292865406434360409e+01
4.670624882812500118e+02,-9.035523736517889404e+01
4.670627812500000005e+02,-8.952559428537998087e+01
4.670630742187499891e+02,-8.556219454493603394e+01
4.670633671875000346e+02,-9.622171233712143135e+01
4.670636601562500232e+02,-8.960442520846656578e+01
4.670639531250000118e+02,-8.870491835992454810e+01
4.670642460937500005e+02,-8.917564987396102083e+01
4.670645390624999891e+02,-9.018579186275319159e+01
4.670648320312500346e+02,-8.489114115996359544e+01
4.670651250000000232e+02,-8.769600092823331750e+01
4.670654179687500118e+02,-8.675510956550266428e+01
4.670657109375000005e+02,-8.622436932851573488e+01
4.670660039062499891e+02,-8.920824332101561538e+01
4.670662968750000346e+02,-9.427496805539901459e+01
4.670665898437500232e+02,-8.934263129056907360e+01
4.670668828125000118e+02,-9.941414409627101634e+01
4.670671757812500005e+02,-8.614851561890350240e+01
4.670674687499999891e+02,-8.694924011969936828e+01
4.670677617187500346e+02,-9.832382935341156838e+01
4.670680546875000232e+02,-8.590214733383758983e+01
4.670683476562500118e+02,-8.401052892943928896e+01
4.670686406250000005e+02,-8.236830637252717224e+01
4.670689335937499891e+02,-8.569284314728531626e+01
4.670692265625000346e+02,-9.838093946050250338e+01
4.670695195312500232e+02,-9.823287613424079723e+01
4.670698125000000118e+02,-9.014414804326173680e+01
4.670701054687500005e+02,-8.676308239432731284e+01
4.670703984374999891e+02,-8.394449527560817614e+01
4.670706914062500346e+02,-8.229447535993811869e+01
4.670709843750000232e+02,-8.551928928843818767e+01
4.670712773437500118e+02,-9.233057939277598791e+01
4.670715703125000005e+02,-8.746777110621187035e+01
4.670718632812499891e+02,-8.795778407572743163e+01
4.670721562500000346e+02,-8.280592494097953704e+01
4.670724492187500232e+02,-8.383647932498554667e+01
4.670727421875000118e+02,-8.972327616470860789e+01
4.670730351562500005e+02,-9.245837277102765484e+01
4.670733281249999891e+02,-8.725885475228515986e+01
4.670736210937500346e+02,-9.834508446507950907e+01
4.670739140625000232e+02,-8.794993326844874559e+01
4.670742070312500118e+02,-8.998496314668275886e+01
4.670745000000000005e+02,-9.058337861649118850e+01
4.670747929687499891e+02,-9.669340052251563122e+01
4.670750859375000346e+02,-8.815997725496896464e+01
4.670753789062500232e+02,-1.120821944415870348e+02
4.670756718750000118e+02,-8.989952014771608901e+01
4.670759648437500005e+02,-8.382661149715795545e+01
4.670762578124999891e+02,-8.672051928828000200e+01
4.670765507812500346e+02,-9.131857901859598314e+01
4.670768437500000232e+02,-8.488978271536791453e+01
4.670771367187500118e+02,-8.249201370775924147e+01
4.670774296875000005e+02,-8.604501874230585656e+01
4.670777226562499891e+02,-8.739084336291846000e+01
4.670780156250000346e+02,-8.824855677977723190e+01
4.670783085937500232e+02,-8.808862842445194019e+01
4.670786015625000118e+02,-8.283179512973966041e+01
4.670788945312500005e+02,-8.522639367848432812e+01
4.670791874999999891e+02,-8.775217735350744874e+01
4.670794804687500346e+02,-8.591560314555661648e+01
4.670797734375000232e+02,-8.413231551770201122e+01
4.670800664062500118e+02,-8.310021218802990006e+01
4.670803593750000005e+02,-8.451402476635927030e+01
4.670806523437499891e+02,-8.885667914821574698e+01
4.670809453125000346e+02,-8.805913160830263564e+01
4.670812382812500232e+02,-8.498464724036543316e+01
4.670815312500000118e+02,-9.179071945179657632e+01
4.670818242187500005e+02,-9.315681569818588059e+01
4.670821171874999891e+02,-9.385791351159912210e+01
4.670824101562500346e+02,-8.831944353791577385e+01
4.670827031250000232e+02,-8.172586144819767640e+01
4.670829960937500118e+02,-8.157015046869284447e+01
4.670832890625000005e+02,-8.581953447789649658e+01
4.670835820312499891e+02,-8.753175575998879765e+01
4.670838750000000346e+02,-8.838389174006324822e+01
4.670841679687500232e+02,-8.726599286692308510e+01
4.670844609375000118e+02,-8.624849000484736905e+01
4.670847539062500005e+02,-8.724047339943234647e+01
4.670850468749999891e+02,-8.646010996331858678e+01
4.670853398437500346e+02,-8.076906445104847876e+01
4.670856328125000232e+02,-7.831704518804751558e+01
4.670859257812500118e+02,-8.063413844677248221e+01
4.670862187500000005e+02,-8.588511235096790131e+01
4.670865117187499891e+02,-9.001992821890954133e+01
4.670868046875000346e+02,-9.298096716728316835e+01
4.670870976562500232e+02,-9.222697318457919380e+01
4.670873906250000118e+02,-8.603160301783283614e+01
4.670876835937500005e+02,-8.445533904106227396e+01
4.670879765624999891e+02,-7.998415891982331516e+01
4.670882695312500346e+02,-8.143395376846653733e+01
4.670885625000000232e+02,-8.345398622083372686e+01
4.670888554687500118e+02,-8.948723824843176544e+01
4.670891484375000005e+02,-9.091974304886906566e+01
4.670894414062499891e+02,-1.050306295525384996e+02
4.670897343750000346e+02,-8.846864633191631810e+01
4.670900273437500232e+02,-8.401116103848929129e+01
4.670903203125000118e+02,-8.246062960942857956e+01
4.670906132812500005e+02,-8.163884624249419630e+01
4.670909062499999891e+02,-8.172468196558115494e+01
4.670911992187500346e+02,-8.875931207544178392e+01
4.670914921875000232e+02,-8.762942638042207477e+01
4.670917851562500118e+02,-9.135982402970978455e+01
4.670920781250000005e+02,-8.954616054432101180e+01
4.670923710937499891e+02,-8.426820801650721648e+01
4.670926640625000346e+02,-8.168952214239935472e+01
4.670929570312500232e+02,-8.486981554148141527e+01
4.670932500000000118e+02,-8.827481907959150931e+01
4.670935429687500005e+02,-8.957000496357116504e+01
4.670938359374999891e+02,-8.588568705049942764e+01
4.670941289062500346e+02,-8.314710518011786178e+01
4.670944218750000232e+02,-8.250493904129784539e+01
4.670947148437500118e+02,-8.918230777441074508e+01
4.670950078125000005e+02,-9.320317773982617382e+01
4.670953007812499891e+02,-9.031601698825721769e+01
4.670955937500000346e+02,-8.690771058919516179e+01
4.670958867187500232e+02,-8.614702901100160659e+01
4.670961796875000118e+02,-9.620315224758117267e+01
4.670964726562500005e+02,-8.922193923625681578e+01
4.670967656249999891e+02,-8.173482525687313682e+01
4.670970585937500346e+02,-8.200182182433013622e+01
4.670973515625000232e+02,-8.422821872621079820e+01
4.670976445312500118e+02,-9.620102912409437579e+01
4.670979375000000005e+02,-9.948973476946711969e+01
4.670982304687499891e+02,-9.649493397883405521e+01
4.670985234375000346e+02,-8.885784265414351069e+01
4.670988164062500232e+02,-8.597386355982362716e+01
4.670991093750000118e+02,-8.880696163180337521e+01
4.670994023437500005e+02,-9.620256498435233539e+01
4.670996953124999891e+02,-9.324609770261344011e+01
4.670999882812500346e+02,-1.007863163217074600e+02
4.671002812500000232e+02,-9.415576144561144645e+01
4.671005742187500118e+02,-9.110600008917737114e+01
4.671008671875000005e+02,-8.675647710438887827e+01
4.671011601562499891e+02,-8.501205327068393558e+01
4.671014531250000346e+02,-8.981637433665613912e+01
4.671017460937500232e+02,-8.799326201616720766e+01
4.671020390625000118e+02,-8.830699233055811703e+01
4.671023320312500005e+02,-8.967119325981104794e+01
4.671026249999999891e+02,-8.671314942014276994e+01
4.671029179687500346e+02,-8.726111278898912360e+01
4.671032109375000232e+02,-9.279518961660448895e+01
4.671035039062500118e+02,-1.064137868879578548e+02
4.671037968750000005e+02,-8.962087279721295374e+01
4.671040898437499891e+02,-8.794856397055987429e+01
4.671043828125000346e+02,-9.267038562582790462e+01
4.671046757812500232e+02,-9.091214411729568212e+01
4.671049687500000118e+02,-8.735540159839885632e+01
4.671052617187500005e+02,-8.665557263223895745e+01
4.671055546874999891e+02,-8.835286937200902457e+01
4.671058476562500346e+02,-8.752636164029402721e+01
4.671061406250000232e+02,-8.175227243178127878e+01
4.671064335937500118e+02,-8.476048359938459953e+01
4.671067265625000005e+02,-8.120290079278626649e+01
4.671070195312499891e+02,-8.395733668952537698e+01
4.671073125000000346e+02,-8.765468510909087740e+01
4.671076054687500232e+02,-1.051335539902772354e+02
4.671078984375000118e+02,-1.020091805706588843e+02
4.671081914062500005e+02,-8.961944649427178433e+01
4.671084843749999891e+02,-9.415450048846264508e+01
4.671087773437500346e+02,-8.622714942900648794e+01
4.671090703125000232e+02,-8.733549663466392587e+01
4.671093632812500118e+02,-9.396723530015040637e+01
4.671096562500000005e+02,-9.144275410589621345e+01
4.671099492187499891e+02,-1.061583316049977839e+02
4.671102421875000346e+02,-9.088222930830296775e+01
4.671105351562500232e+02,-8.365126961732231337e+01
4.671108281250000118e+02,-8.879580374867911985e+01
4.671111210937500005e+02,-9.072584092762612329e+01
4.671114140624999891e+02,-9.710892953043634179e+01
4.671117070312500346e+02,-1.020631639596755491e+02
4.671120000000000232e+02,-8.915255042771465810e+01
4.671122929687500118e+02,-9.013053212890326904e+01
4.671125859375000005e+02,-9.316947547764638671e+01
4.671128789062499891e+02,-8.838047813521433227e+01
4.671131718750000346e+02,-1.026511338267051485e+02
4.671134648437500232e+02,-8.953680232011026874e+01
4.671137578125000118e+02,-8.585950215614950309e+01
4.671140507812500005e+02,-8.938293773220591731e+01
4.671143437499999891e+02,-1.007850028644959792e+02
4.671146367187500346e+02,-9.433181510613550813e+01
4.671149296875000232e+02,-9.503661487933852925e+01
4.671152226562500118e+02,-9.430882658554379816e+01
4.671155156250000005e+02,-8.618961158830968827e+01
4.671158085937499891e+02,-9.124342948649426432e+01
4.671161015625000346e+02,-9.050096737329640462e+01
4.671163945312500232e+02,-9.307855584121328718e+01
4.671166875000000118e+02,-8.928254401773261861e+01
4.671169804687500005e+02,-8.597636720579858149e+01
4.671172734374999891e+02,-8.780714371623078307e+01
4.671175664062500346e+02,-8.977416081790281055e+01
4.671178593750000232e+02,-8.550441960748162273e+01
4.671181523437500118e+02,-8.238619010994794678e+01
4.671184453125000005e+02,-8.352456815017421832e+01
4.671187382812499891e+02,-9.110932836160787929e+01
4.671190312500000346e+02,-8.343898390394018350e+01
4.671193242187500232e+02,-8.592634662469153284e+01
4.671196171875000118e+02,-8.979979740887900164e+01
4.671199101562500005e+02,-8.523286734178675772e+01
4.671202031249999891e+02,-8.238518637507597475e+01
4.671204960937500346e+02,-8.209558563259022890e+01
4.671207890625000232e+02,-8.694410481861820017e+01
4.671210820312500118e+02,-8.459445683237214553e+01
4.671213750000000005e+02,-8.822467420461174470e+01
4.671216679687499891e+02,-8.232195261366294403e+01
4.671219609375000346e+02,-8.402788859418328116e+01
4.671222539062500232e+02,-8.758873144795151688e+01
4.671225468750000118e+02,-8.888582155303474508e+01
4.671228398437500005e+02,-8.724133958204033945e+01
4.671231328124999891e+02,-8.764848006612768927e+01
4.671234257812500346e+02,-9.272720524400691033e+01
4.671237187500000232e+02,-9.064145238737943089e+01
4.671240117187500118e+02,-8.711421414069099001e+01
4.671243046875000005e+02,-8.170053104550777334e+01
4.671245976562499891e+02,-8.216777260270420413e+01
4.671248906250000346e+02,-8.566289267233241844e+01
4.671251835937500232e+02,-8.991468624699490420e+01
4.671254765625000118e+02,-9.381593059272665869e+01
4.671257695312500005e+02,-8.166067438871208140e+01
4.671260624999999891e+02,-8.295326504124716394e+01
4.671263554687500346e+02,-8.788675635647331319e+01
4.671266484375000232e+02,-9.420966923760806822e+01
4.671269414062500118e+02,-9.770037560043050462e+01
4.671272343750000005e+02,-9.767584828894581506e+01
4.671275273437499891e+02,-8.945763152836858012e+01
4.671278203125000346e+02,-9.130181052119083063e+01
4.671281132812500232e+02,-8.285677251316778325e+01
4.671284062500000118e+02,-8.139952350632876232e+01
4.671286992187500005e+02,-8.287781657462542739e+01
4.671289921874999891e+02,-8.496692416865752762e+01
4.671292851562500346e+02,-8.870779634490425281e+01
4.671295781250000232e+02,-8.432311383383282077e+01
4.671298710937500118e+02,-8.264566580865422907e+01
4.671301640625000005e+02,-8.284610082611636983e+01
4.671304570312499891e+02,-9.985374598582063754e+01
4.671307500000000346e+02,-8.181807262450520568e+01
4.671310429687500232e+02,-8.298219486504690678e+01
4.671313359375000118e+02,-8.936251040687045588e+01
4.671316289062500005e+02,-9.261301892459981389e+01
4.671319218749999891e+02,-1.036972502786028087e+02
4.671322148437500346e+02,-9.740354463581680022e+01
4.671325078125000232e+02,-8.660895897596230952e+01
4.671328007812500118e+02,-9.112164000209475034e+01
4.671330937500000005e+02,-9.610354783037524840e+01
4.671333867187499891e+02,-9.781227534567716475e+01
4.671336796875000346e+02,-1.021163938185865447e+02
4.671339726562500232e+02,-9.611532300033182707e+01
4.671342656250000118e+02,-8.810102555196250762e+01
4.671345585937500005e+02,-8.487375720406093649e+01
4.671348515624999891e+02,-8.293231825350915187e+01
4.671351445312500346e+02,-8.304187614368608195e+01
4.671354375000000232e+02,-8.264692701936694164e+01
4.671357304687500118e+02,-9.012075598919207664e+01
4.671360234375000005e+02,-9.472278959165552692e+01
4.671363164062499891e+02,-8.417324733297000705e+01
4.671366093750000346e+02,-8.505908041610462078e+01
4.671369023437500232e+02,-8.343468206437896129e+01
4.671371953125000118e+02,-9.149888164867662965e+01
4.671374882812500005e+02,-9.494079201124284850e+01
4.671377812499999891e+02,-8.491364238632043282e+01
4.671380742187500346e+02,-8.057409619508624132e+01
4.671383671875000232e+02,-8.222686026266246984e+01
4.671386601562500118e+02,-8.419751587773431822e+01
4.671389531250000005e+02,-9.951312086181262373e+01
4.671392460937499891e+02,-8.651861526177495421e+01
4.671395390625000346e+02,-8.059960987383711029e+01
4.671398320312500232e+02,-7.870201272597344655e+01
4.671401250000000118e+02,-8.464101375327342680e+01
4.671404179687500005e+02,-8.906764612251615176e+01
4.671407109374999891e+02,-8.811723260581231898e+01
4.671410039062500346e+02,-9.452030809905311060e+01
4.671412968750000232e+02,-8.289330547289915785e+01
4.671415898437500118e+02,-8.399824170501852905e+01
4.671418828125000005e+02,-8.737351065526630123e+01
4.671421757812499891e+02,-8.277414463846844228e+01
4.671424687500000346e+02,-8.461967663742541390e+01
4.671427617187500232e+02,-9.292567897661115239e+01
4.671430546875000118e+02,-9.157468444117590423e+01
4.671433476562500005e+02,-8.305509186126975862e+01
4.671436406249999891e+02,-8.030931054123114166e+01
4.671439335937500346e+02,-8.731876338783652614e+01
4.671442265625000232e+02,-9.148122504072702554e+01
4.671445195312500118e+02,-8.650513725221151162e+01
4.671448125000000005e+02,-8.344058374508911413e+01
4.671451054687499891e+02,-8.220647594578694850e+01
4.671453984375000346e+02,-7.833952187875168249e+01
4.671456914062500232e+02,-7.788191771472045843e+01
4.671459843750000118e+02,-7.935741122464585828e+01
4.671462773437500005e+02,-8.409761762178368372e+01
4.671465703124999891e+02,-9.027608754641451583e+01
4.671468632812500346e+02,-8.094043532604537461e+01
4.671471562500000232e+02,-8.402426215913671115e+01
4.671474492187500118e+02,-8.890134118716306943e+01
4.671477421875000005e+02,-8.254858044863382815e+01
4.671480351562499891e+02,-8.180781061957324596e+01
4.671483281250000346e+02,-8.663881780644830144e+01
4.671486210937500232e+02,-8.653578488134772329e+01
4.671489140625000118e+02,-8.659081123978700134e+01
4.671492070312500005e+02,-8.248755841726689653e+01
4.671494999999999891e+02,-8.000742596685029184e+01
4.671497929687500346e+02,-8.461747494335823205e+01
4.671500859375000232e+02,-9.330594454650686487e+01
4.671503789062500118e+02,-8.764226185100375233e+01
4.671506718750000005e+02,-9.811966143468566770e+01
4.671509648437499891e+02,-9.378595793294508098e+01
4.671512578125000346e+02,-8.912500030303309018e+01
4.671515507812500232e+02,-8.534250899787407718e+01
4.671518437500000118e+02,-8.571790694581804360e+01
4.671521367187500005e+02,-8.063616277889360617e+01
4.671524296874999891e+02,-8.427930621508322417e+01
4.671527226562500346e+02,-9.002574483471013878e+01
4.671530156250000232e+02,-8.024045875902949376e+01
4.671533085937500118e+02,-8.611518969173074822e+01
4.671536015625000005e+02,-8.409899725681654559e+01
4.671538945312499891e+02,-9.429209750261902911e+01
4.671541875000000346e+02,-8.560178770141106952e+01
4.671544804687500232e+02,-8.337712423839434450e+01
4.671547734375000118e+02,-8.483569052010047074e+01
4.671550664062500005e+02,-9.474202271503537531e+01
4.671553593749999891e+02,-8.466250397378897219e+01
4.671556523437500346e+02,-8.022873603958399258e+01
4.671559453125000232e+02,-8.524637696260430175e+01
4.671562382812500118e+02,-8.256785746217155975e+01
4.671565312500000005e+02,-8.252374675861629783e+01
4.671568242187499891e+02,-8.830501744575093426e+01
4.671571171875000346e+02,-9.323913369787106831e+01
4.671574101562500232e+02,-8.666205104965845862e+01
4.671577031250000118e+02,-8.467228083937348515e+01
4.671579960937500005e+02,-9.316943094567528760e+01
4.671582890624999891e+02,-8.747161148520517315e+01
4.671585820312500346e+02,-9.129053338444096255e+01
4.671588750000000232e+02,-8.435344952924481277e+01
4.671591679687500118e+02,-8.477674017089506719e+01
4.671594609375000005e+02,-9.330553760369220129e+01
4.671597539062499891e+02,-8.793818679938055993e+01
4.671600468750000346e+02,-9.180538699629906318e+01
4.671603398437500232e+02,-8.506130631063544456e+01
4.671606328125000118e+02,-8.262166217451007810e+01
4.671609257812500005e+02,-8.443435978797882058e+01
4.671612187499999891e+02,-8.200511723326272318e+01
4.671615117187500346e+02,-8.112599797069813690e+01
4.671618046875000232e+02,-8.339715324612397751e+01
4.671620976562500118e+02,-8.539468678320666584e+01
4.671623906250000005e+02,-1.002721505302476714e+02
4.671626835937499891e+02,-8.627937921699675883e+01
4.671629765625000346e+02,-8.202259649037286238e+01
4.671632695312500232e+02,-9.197587137011809943e+01
4.671635625000000118e+02,-9.983117272778072504e+01
4.671638554687500005e+02,-8.647883612355698801e+01
4.671641484374999891e+02,-9.388986116516633729e+01
4.671644414062500346e+02,-9.495956901859045729e+01
4.671647343750000232e+02,-8.297197259252696711e+01
4.671650273437500118e+02,-8.123022767748858541e+01
4.671653203125000005e+02,-8.880461502572913446e+01
4.671656132812499891e+02,-9.177429452001767629e+01
4.671659062500000346e+02,-8.789872367547738463e+01
4.671661992187500232e+02,-9.012026196968285774e+01
4.671664921875000118e+02,-9.897597578264866058e+01
4.671667851562500005e+02,-8.038207698915758215e+01
4.671670781249999891e+02,-7.739651022861943375e+01
4.671673710937500346e+02,-7.953380525797255984e+01
4.671676640625000232e+02,-8.277081757287412245e+01
4.671679570312500118e+02,-8.453367768430807416e+01
4.671682500000000005e+02,-7.903622538713361223e+01
4.671685429687499891e+02,-7.968876060858369215e+01
4.671688359375000346e+02,-9.218421185648067251e+01
4.671691289062500232e+02,-9.026139467079622136e+01
4.671694218750000118e+02,-8.489124026942684509e+01
4.671697148437500005e+02,-9.158726106275003076e+01
4.671700078124999891e+02,-8.687537390396951764e+01
4.671703007812500346e+02,-8.544167986512817947e+01
4.671705937500000232e+02,-8.491793455436658178e+01
4.671708867187500118e+02,-9.194300378902995874e+01
4.671711796875000005e+02,-9.938810409169141735e+01
4.671714726562499891e+02,-8.583688292589101820e+01
4.671717656250000346e+02,-9.139857386858793120e+01
4.671720585937500232e+02,-8.633619966021396408e+01
4.671723515625000118e+02,-8.447743060616357980e+01
4.671726445312500005e+02,-8.126006610535969799e+01
4.671729374999999891e+02,-8.246210824504430548e+01
4.671732304687500346e+02,-8.422416289495785691e+01
4.671735234375000232e+02,-8.696017568659561903e+01
4.671738164062500118e+02,-9.007682025324089636e+01
4.671741093750000005e+02,-9.453876399448984102e+01
4.671744023437499891e+02,-8.437551754138952731e+01
4.671746953125000346e+02,-8.083620436626902972e+01
4.671749882812500232e+02,-7.879528474270350102e+01
4.671752812500000118e+02,-8.388358719224342508e+01
4.671755742187500005e+02,-8.897356170573901579e+01
4.671758671874999891e+02,-8.471631802668967737e+01
4.671761601562500346e+02,-9.114527121112800501e+01
4.671764531250000232e+02,-8.809052153540642394e+01
4.671767460937500118e+02,-8.701009898134176979e+01
4.671770390625000005e+02,-1.111052647871276520e+02
4.671773320312499891e+02,-8.944473346290166660e+01
4.671776250000000346e+02,-8.742365452241976698e+01
4.671779179687500232e+02,-8.420994488254102350e+01
4.671782109375000118e+02,-8.345802978215775170e+01
4.671785039062500005e+02,-9.446931909484271728e+01
4.671787968749999891e+02,-8.809140746169646263e+01
4.671790898437500346e+02,-8.160751213969290063e+01
4.671793828125000232e+02,-7.899533700171821238e+01
4.671796757812500118e+02,-7.817773203181479857e+01
4.671799687500000005e+02,-8.320406546341399689e+01
4.671802617187499891e+02,-9.118193350802695818e+01
4.671805546875000346e+02,-8.432446433502988725e+01
4.671808476562500232e+02,-8.392638226711224547e+01
4.671811406250000118e+02,-8.449866930971437284e+01
4.671814335937500005e+02,-8.722151286064621445e+01
4.671817265624999891e+02,-8.989808643696568424e+01
4.671820195312500346e+02,-9.315971191816565522e+01
4.671823125000000232e+02,-8.369737842791472815e+01
4.671826054687500118e+02,-8.097724353558893995e+01
4.671828984375000005e+02,-8.205578042199840638e+01
4.671831914062499891e+02,-8.455472304856741061e+01
4.671834843750000346e+02,-9.233892343774957112e+01
4.671837773437500232e+02,-9.123709655881818037e+01
4.671840703125000118e+02,-8.854214190700297138e+01
4.671843632812500005e+02,-8.510628106518626623e+01
4.671846562499999891e+02,-8.406705846429298390e+01
4.671849492187500346e+02,-9.569221917999405491e+01
4.671852421875000232e+02,-8.125425999187824289e+01
4.671855351562500118e+02,-8.324947779323446184e+01
4.671858281250000005e+02,-1.009172827052854728e+02
4.671861210937499891e+02,-8.615631390552506730e+01
4.671864140625000346e+02,-8.714918501200331491e+01
4.671867070312500232e+02,-9.077650021348381415e+01
4.671870000000000118e+02,-8.332171770316627146e+01
4.671872929687500005e+02,-8.860149352138215306e+01
4.671875859374999891e+02,-8.613784245107189008e+01
4.671878789062500346e+02,-8.262971301988825701e+01
4.671881718750000232e+02,-8.102335200078491084e+01
4.671884648437500118e+02,-8.396197095753565520e+01
4.671887578125000005e+02,-8.494702316134363684e+01
4.671890507812499891e+02,-9.052326765965554500e+01
4.671893437500000346e+02,-8.717880603945818052e+01
4.671896367187500232e+02,-8.198320503706733575e+01
4.671899296875000118e+02,-8.283118857775676247e+01
4.671902226562500005e+02,-8.194298737390090537e+01
4.671905156249999891e+02,-8.064322751157975233e+01
4.671908085937500346e+02,-8.413060402286048145e+01
4.671911015625000232e+02,-9.384576892920021862e+01
4.671913945312500118e+02,-9.289982406832157835e+01
4.671916875000000005e+02,-8.057969736571538988e+01
4.671919804687499891e+02,-8.127197172475347031e+01
4.671922734375000346e+02,-8.382765722113020956e+01
4.671925664062500232e+02,-8.045426896215670354e+01
4.671928593750000118e+02,-8.327898955707297546e+01
4.671931523437500005e+02,-9.460439424757838367e+01
4.671934453124999891e+02,-8.162011036353595728e+01
4.671937382812500346e+02,-8.088866558845401755e+01
4.671940312500000232e+02,-8.464816381142793489e+01
4.671943242187500118e+02,-9.302977319136704182e+01
4.671946171875000005e+02,-8.472105562057214456e+01
4.671949101562499891e+02,-8.335290756002891044e+01
4.671952031250000346e+02,-8.244080573660573918e+01
4.671954960937500232e+02,-8.627490868956527947e+01
4.671957890625000118e+02,-7.821046513438794534e+01
4.671960820312500005e+02,-8.606400408354276976e+01
4.671963749999999891e+02,-9.057243912058390833e+01
4.671966679687500346e+02,-8.771684383287907849e+01
4.671969609375000232e+02,-8.689474428038479914e+01
4.671972539062500118e+02,-8.367713577359447186e+01
4.671975468750000005e+02,-8.507761786521618319e+01
4.671978398437499891e+02,-8.590019882755393610e+01
4.671981328125000346e+02,-8.331886542677516161e+01
4.671984257812500232e+02,-1.024877383219185560e+02
4.671987187500000118e+02,-8.818388462858449373e+01
4.671990117187500005e+02,-9.008227677811103717e+01
4.671993046874999891e+02,-8.561080515224537635e+01
4.671995976562500346e+02,-8.571016614063873362e+01
4.671998906250000232e+02,-9.578413770685455120e+01
4.672001835937500118e+02,-7.899006619602265289e+01
4.672004765625000005e+02,-8.022748551819097429e+01
4.672007695312499891e+02,-9.105585878365107533e+01
4.672010625000000346e+02,-8.549603300986923671e+01
4.672013554687500232e+02,-7.916873214517281099e+01
4.672016484375000118e+02,-8.014732484644950716e+01
4.672019414062500005e+02,-8.058600454837755933e+01
4.672022343749999891e+02,-8.624678956119589657e+01
4.672025273437500346e+02,-8.316606593258654812e+01
4.672028203125000232e+02,-8.254845743092050725e+01
4.672031132812500118e+02,-8.594112623455943378e+01
4.672034062500000005e+02,-8.167460641893285356e+01
4.672036992187499891e+02,-8.317227207208742357e+01
4.672039921875000346e+02,-8.226877120199681315e+01
4.672042851562500232e+02,-8.796277831499409672e+01
4.672045781250000118e+02,-8.226023048485855327e+01
4.672048710937500005e+02,-1.023047046180778921e+02
4.672051640624999891e+02,-8.690652447987382345e+01
4.672054570312500346e+02,-8.351619713754359964e+01
4.672057500000000232e+02,-9.030509412516613565e+01
4.672060429687500118e+02,-9.931147797637301267e+01
4.672063359375000005e+02,-8.993535804576669079e+01
4.672066289062499891e+02,-8.917339815496809763e+01
4.672069218750000346e+02,-8.866404004753269419e+01
4.672072148437500232e+02,-8.573369394602408988e+01
4.672075078125000118e+02,-8.689598509718314290e+01
4.672078007812500005e+02,-8.364253805674742637e+01
4.672080937499999891e+02,-8.398856879006027043e+01
4.672083867187500346e+02,-8.434245717136727194e+01
4.672086796875000232e+02,-9.326907309184356620e+01
4.672089726562500118e+02,-1.049432337120905601e+02
4.672092656250000005e+02,-8.322854583883652424e+01
4.672095585937499891e+02,-8.367799150469188874e+01
4.672098515625000346e+02,-8.184013921579925466e+01
4.672101445312500232e+02,-8.751728242149582115e+01
4.672104375000000118e+02,-8.443176941661346291e+01
4.672107304687500005e+02,-8.108148381521779413e+01
4.672110234374999891e+02,-7.740004842736044566e+01
4.672113164062500346e+02,-7.859197041626332236e+01
4.672116093750000232e+02,-7.853121803312120619e+01
4.672119023437500118e+02,-8.116050849328702554e+01
4.672121953125000005e+02,-8.314926168241095183e+01
4.672124882812499891e+02,-8.792979156774492822e+01
4.672127812500000346e+02,-9.210152392535403010e+01
4.672130742187500232e+02,-8.813188627261338581e+01
4.672133671875000118e+02,-9.209034644315400442e+01
4.672136601562500005e+02,-9.184402049515954047e+01
4.672139531249999891e+02,-8.868405115027613306e+01
4.672142460937500346e+02,-8.301864126260116450e+01
4.672145390625000232e+02,-7.934892483947962205e+01
4.672148320312500118e+02,-7.803928598661028104e+01
4.672151250000000005e+02,-8.509649135598799319e+01
4.672154179687499891e+02,-9.677477294719020051e+01
4.672157109375000346e+02,-8.110599690829221231e+01
4.672160039062500232e+02,-7.935158603526011234e+01
4.672162968750000118e+02,-8.099696215237074171e+01
4.672165898437500005e+02,-8.028537945692309563e+01
4.672168828124999891e+02,-7.891173023057712044e+01
4.672171757812500346e+02,-8.270586571500095374e+01
4.672174687500000232e+02,-8.107549294223140635e+01
4.672177617187500118e+02,-8.660816088083896602e+01
4.672180546875000005e+02,-8.408886617557345744e+01
4.672183476562499891e+02,-8.192118968325458184e+01
4.672186406250000346e+02,-9.119412029093959404e+01
4.672189335937500232e+02,-8.856863777844738195e+01
4.672192265625000118e+02,-8.849524951000023520e+01
4.672195195312500005e+02,-7.962525819878094069e+01
4.672198124999999891e+02,-7.666560413536443264e+01
4.672201054687500346e+02,-8.296552170612214638e+01
4.672203984375000232e+02,-8.752079832247217439e+01
4.672206914062500118e+02,-9.010498312448844160e+01
4.672209843750000005e+02,-8.550395925907103845e+01
4.672212773437499891e+02,-8.811767880627314753e+01
4.672215703125000346e+02,-8.450516214394866665e+01
4.672218632812500232e+02,-7.879133549523093905e+01
4.672221562500000118e+02,-7.643741369985683320e+01
4.672224492187500005e+02,-8.297268008806679518e+01
4.672227421874999891e+02,-8.207562004903235220e+01
4.672230351562500346e+02,-1.070839486571290422e+02
4.672233281250000232e+02,-9.037878476334776678e+01
4.672236210937500118e+02,-8.243974047335109390e+01
4.672239140625000005e+02,-8.918288713307681803e+01
4.672242070312499891e+02,-8.091962720910399298e+01
4.672245000000000346e+02,-8.028283080790038184e+01
4.672247929687500232e+02,-8.281118821913790384e+01
4.672250859375000118e+02,-8.479823901870817338e+01
4.672253789062500005e+02,-8.295001144261453874e+01
4.672256718749999891e+02,-8.164110853595525441e+01
4.672259648437500346e+02,-8.316849620830947742e+01
4.672262578125000232e+02,-9.296944962276961633e+01
4.672265507812500118e+02,-9.488480837954679714e+01
4.672268437500000005e+02,-8.103991989432125820e+01
4.672271367187499891e+02,-7.834170984754749156e+01
4.672274296875000346e+02,-7.683185827588958716e+01
4.672277226562500232e+02,-8.129044993197192071e+01
4.672280156250000118e+02,-8.318512235978465696e+01
4.672283085937500005e+02,-8.613957766916146852e+01
4.672286015624999891e+02,-8.396403444299993168e+01
4.672288945312500346e+02,-8.751231877419473904e+01
4.672291875000000232e+02,-9.141742601517560729e+01
4.672294804687500118e+02,-8.091614690802322230e+01
4.672297734375000005e+02,-8.486253463765328320e+01
4.672300664062499891e+02,-8.926914023292944478e+01
4.672303593750000346e+02,-1.067377203739296618e+02
4.672306523437500232e+02,-8.980717711529230485e+01
4.672309453125000118e+02,-8.346109935482324715e+01
4.672312382812500005e+02,-9.083895522897515207e+01
4.672315312499999891e+02,-8.529849049511342685e+01
4.672318242187500346e+02,-8.244176213191899194e+01
4.672321171875000232e+02,-9.217511790820415740e+01
4.672324101562500118e+02,-9.196424739079176902e+01
4.672327031250000005e+02,-9.424290525610101099e+01
4.672329960937499891e+02,-8.608365917378543486e+01
4.672332890625000346e+02,-8.489351138054098556e+01
4.672335820312500232e+02,-8.876731561315452268e+01
4.672338750000000118e+02,-9.264998731648817909e+01
4.672341679687500005e+02,-8.994494767778517996e+01
4.672344609374999891e+02,-1.053902189627094543e+02
4.672347539062500346e+02,-8.727504426601322507e+01
4.672350468750000232e+02,-1.267224516698689882e+02
4.672353398437500118e+02,-9.006376465888826033e+01
4.672356328125000005e+02,-1.009306385183634802e+02
4.672359257812499891e+02,-8.363144817873387638e+01
4.672362187500000346e+02,-8.579587796105758457e+01
4.672365117187500232e+02,-8.432281418030932230e+01
4.672368046875000118e+02,-8.248675361601036116e+01
4.672370976562500005e+02,-8.860872223207672960e+01
4.672373906249999891e+02,-8.709430762864084841e+01
4.672376835937500346e+02,-8.267576528026097549e+01
4.672379765625000232e+02,-7.550496107840822901e+01
4.672382695312500118e+02,-8.090869515334922824e+01
4.672385625000000005e+02,-8.664453872014479430e+01
4.672388554687499891e+02,-8.583348720930956688e+01
4.672391484375000346e+02,-8.683691039895907693e+01
4.672394414062500232e+02,-9.284434665392328156e+01
4.672397343750000118e+02,-8.709629134891258673e+01
4.672400273437500005e+02,-8.770228340245922993e+01
4.672403203124999891e+02,-8.615516279883925677e+01
4.672406132812500346e+02,-8.537082563746062647e+01
4.672409062500000232e+02,-1.040452905412452367e+02
4.672411992187500118e+02,-8.610805710108159872e+01
4.672414921875000005e+02,-8.902820413702966107e+01
4.672417851562499891e+02,-8.300923483609690834e+01
4.672420781250000346e+02,-7.844969202866334967e+01
4.672423710937500232e+02,-8.029443728578819162e+01
4.672426640625000118e+02,-8.157217388406229475e+01
4.672429570312500005e+02,-9.044674945046722314e+01
4.672432499999999891e+02,-8.533398819997890428e+01
4.672435429687500346e+02,-8.416879396893082799e+01
4.672438359375000232e+02,-8.375679687228634407e+01
4.672441289062500118e+02,-8.042863718209972035e+01
4.672444218750000005e+02,-8.263527941596017001e+01
4.672447148437499891e+02,-8.403353585095445055e+01
4.672450078125000346e+02,-8.441545221245084463e+01
4.672453007812500232e+02,-8.851926359012969669e+01
4.672455937500000118e+02,-8.311103112794623371e+01
4.672458867187500005e+02,-7.863907746724048309e+01
4.672461796874999891e+02,-7.788809837157410243e+01
4.672464726562500346e+02,-8.350919923267518641e+01
4.672467656250000232e+02,-8.309613411467096000e+01
4.672470585937500118e+02,-7.517628805339570874e+01
4.672473515625000005e+02,-8.087624288648585491e+01
4.672476445312499891e+02,-9.025993448248500783e+01
4.672479375000000346e+02,-1.036415874970047355e+02
4.672482304687500232e+02,-8.305166386592964045e+01
4.672485234375000118e+02,-8.071244989953581239e+01
4.672488164062500005e+02,-8.088782451298320098e+01
4.672491093749999891e+02,-8.360212124178087834e+01
4.672494023437500346e+02,-8.379449778274256744e+01
4.672496953125000232e+02,-8.623970199940954728e+01
4.672499882812500118e+02,-8.419612026464244536e+01
4.672502812500000005e+02,-8.253471025196637356e+01
4.672505742187499891e+02,-8.643335455423967062e+01
4.672508671875000346e+02,-9.281494824732365601e+01
4.672511601562500232e+02,-9.388274529619667419e+01
4.672514531250000118e+02,-8.634501243674631610e+01
4.672517460937500005e+02,-9.541052799710843146e+01
4.672520390624999891e+02,-8.528432129814203222e+01
4.672523320312500346e+02,-8.034205774318982662e+01
4.672526250000000232e+02,-7.837284775851071572e+01
4.672529179687500118e+02,-8.358525838085239457e+01
4.672532109375000005e+02,-8.320400058380278097e+01
4.672535039062499891e+02,-7.825766531966306161e+01
4.672537968750000346e+02,-8.417818540841653885e+01
4.672540898437500232e+02,-8.252986112572997968e+01
4.672543828125000118e+02,-8.354031433284364994e+01
4.672546757812500005e+02,-8.970185655078994102e+01
4.672549687499999891e+02,-8.690593774348810996e+01
4.672552617187500346e+02,-9.096375906273765111e+01
4.672555546875000232e+02,-8.276652797056202360e+01
4.672558476562500118e+02,-8.018999648308133033e+01
4.672561406250000005e+02,-8.681385550973504905e+01
4.672564335937499891e+02,-9.575536899050185013e+01
4.672567265625000346e+02,-8.296234903101296254e+01
4.672570195312500232e+02,-8.003008159571334090e+01
4.672573125000000118e+02,-7.926262011803443386e+01
4.672576054687500005e+02,-7.996080924442993876e+01
4.672578984374999891e+02,-8.180588816708008437e+01
4.672581914062500346e+02,-8.508301101577063719e+01
4.672584843750000232e+02,-8.334673603412423404e+01
4.672587773437500118e+02,-7.940548279673905085e+01
4.672590703125000005e+02,-8.229913130519054221e+01
4.672593632812499891e+02,-8.281210162147181109e+01
4.672596562500000346e+02,-7.875158796163822217e+01
4.672599492187500232e+02,-8.075277686498118612e+01
4.672602421875000118e+02,-9.268827579000605965e+01
4.672605351562500005e+02,-8.960811172716866224e+01
4.672608281249999891e+02,-8.188538197604736979e+01
4.672611210937500346e+02,-9.028789367780149178e+01
4.672614140625000232e+02,-8.578766158648738838e+01
4.672617070312500118e+02,-8.650232301194586171e+01
4.672620000000000005e+02,-8.226212270533424942e+01
4.672622929687499891e+02,-8.321904281363842415e+01
4.672625859375000346e+02,-8.265230069506532118e+01
4.672628789062500232e+02,-7.872894533192966549e+01
4.672631718750000118e+02,-7.878035728255056824e+01
4.672634648437500005e+02,-8.460878206871709040e+01
4.672637578124999891e+02,-9.133386403663649844e+01
4.672640507812500346e+02,-8.409850029608364252e+01
4.672643437500000232e+02,-8.365546363619144188e+01
4.672646367187500118e+02,-8.682750390937516727e+01
4.672649296875000005e+02,-1.015339421726420852e+02
4.672652226562499891e+02,-8.775270635403929020e+01
4.672655156250000346e+02,-8.081332719533381237e+01
4.672658085937500232e+02,-8.746184414975148513e+01
4.672661015625000118e+02,-8.438825566941495993e+01
4.672663945312500005e+02,-8.317704052658152136e+01
4.672666874999999891e+02,-8.040824112710380689e+01
4.672669804687500346e+02,-7.924742078016571156e+01
4.672672734375000232e+02,-7.526088652159425862e+01
4.672675664062500118e+02,-7.425217616910884999e+01
4.672678593750000005e+02,-8.116141662445090788e+01
4.672681523437499891e+02,-8.168515754926282568e+01
4.672684453125000346e+02,-8.634175299825886896e+01
4.672687382812500232e+02,-9.124085561754947094e+01
4.672690312500000118e+02,-8.299557350827156199e+01
4.672693242187500005e+02,-8.375410948795513377e+01
4.672696171874999891e+02,-9.119079773161121238e+01
4.672699101562500346e+02,-8.185383008955903961e+01
4.672702031250000232e+02,-7.513767078546393918e+01
4.672704960937500118e+02,-8.023935406733977516e+01
4.672707890625000005e+02,-9.162755979283352303e+01
4.672710820312499891e+02,-8.440789118649720990e+01
4.672713750000000346e+02,-8.817661952642106371e+01
4.672716679687500232e+02,-8.429091355752194659e+01
4.672719609375000118e+02,-8.046317810153782091e+01
4.672722539062500005e+02,-7.980226640198804944e+01
4.672725468749999891e+02,-7.685889754331840606e+01
4.672728398437500346e+02,-7.713085168310789186e+01
4.672731328125000232e+02,-8.033468560235122879e+01
4.672734257812500118e+02,-8.686477243172197404e+01
4.672737187500000005e+02,-7.911604357959235756e+01
4.672740117187499891e+02,-7.591159944852761043e+01
4.672743046875000346e+02,-8.911284476721290559e+01
4.672745976562500232e+02,-8.427935470552698405e+01
4.672748906250000118e+02,-7.739219586360616177e+01
4.672751835937500005e+02,-7.488683048529682651e+01
4.672754765624999891e+02,-7.785734814096470302e+01
4.672757695312500346e+02,-8.977099243838095788e+01
4.672760625000000232e+02,-8.175924965845844383e+01
4.672763554687500118e+02,-8.226333198437117744e+01
4.672766484375000005e+02,-8.140563295791125142e+01
4.672769414062499891e+02,-1.114226102944667787e+02
4.672772343750000346e+02,-8.264151016672825278e+01
4.672775273437500232e+02,-7.870317341410292045e+01
4.672778203125000118e+02,-8.074022747512402987e+01
4.672781132812500005e+02,-7.886413067542578403e+01
4.672784062499999891e+02,-7.707561162170721047e+01
4.672786992187500346e+02,-7.839301873450696689e+01
4.672789921875000232e+02,-8.384759082667470409e+01
4.672792851562500118e+02,-7.925670278945135294e+01
4.672795781250000005e+02,-8.097642651438800954e+01
4.672798710937499891e+02,-8.276969640828623653e+01
4.672801640625000346e+02,-8.621865138780046323e+01
4.672804570312500232e+02,-9.554111747191055315e+01
4.672807500000000118e+02,-8.350512202975522769e+01
4.672810429687500005e+02,-8.078097496182961379e+01
4.672813359374999891e+02,-8.311445373893924682e+01
4.672816289062500346e+02,-8.817258050374033473e+01
4.672819218750000232e+02,-8.801344649337487169e+01
4.672822148437500118e+02,-8.854524746608809949e+01
4.672825078125000005e+02,-7.932054205921741641e+01
4.672828007812499891e+02,-7.649924907329827306e+01
4.672830937500000346e+02,-7.629547792729813693e+01
4.672833867187500232e+02,-7.996896976193210094e+01
4.672836796875000118e+02,-8.568516329587376390e+01
4.672839726562500005e+02,-9.103851383196820279e+01
4.672842656249999891e+02,-8.454940260011807140e+01
4.672845585937500346e+02,-7.720850950885379405e+01
4.672848515625000232e+02,-7.820930338691098882e+01
4.672851445312500118e+02,-8.338453396459340183e+01
4.672854375000000005e+02,-9.499511074300416169e+01
4.672857304687499891e+02,-8.396861029284545452e+01
4.672860234375000346e+02,-7.821475899287156608e+01
4.672863164062500232e+02,-8.244024757387278157e+01
4.672866093750000118e+02,-8.427351418366390590e+01
4.672869023437500005e+02,-7.860595071255426092e+01
4.672871953124999891e+02,-7.724272945530989887e+01
4.672874882812500346e+02,-8.412996595178438497e+01
4.672877812500000232e+02,-8.859111972413778346e+01
4.672880742187500118e+02,-8.288577183773021773e+01
4.672883671875000005e+02,-8.010902692234965627e+01
4.672886601562499891e+02,-8.113979177009861132e+01
4.672889531250000346e+02,-7.762756866194442296e+01
4.672892460937500232e+02,-7.787985327883470177e+01
4.672895390625000118e+02,-9.113918580469346864e+01
4.672898320312500005e+02,-8.094612328084497221e+01
4.672901249999999891e+02,-8.107781064506386315e+01
4.672904179687500346e+02,-7.988547154936303230e+01
4.672907109375000232e+02,-7.811472600974964564e+01
4.672910039062500118e+02,-7.974319486771751997e+01
4.672912968750000005e+02,-8.382657430028102397e+01
4.672915898437499891e+02,-8.177437947562654585e+01
4.672918828125000346e+02,-8.264706527857180163e+01
4.672921757812500232e+02,-8.265141803298406842e+01
4.672924687500000118e+02,-8.168982491321324346e+01
4.672927617187500005e+02,-9.029074426454340596e+01
4.672930546874999891e+02,-8.895747233558077482e+01
4.672933476562500346e+02,-8.362852344291189866e+01
4.672936406250000232e+02,-8.193389837795514552e+01
4.672939335937500118e+02,-8.514281124093034236e+01
4.672942265625000005e+02,-9.679003123526706531e+01
4.672945195312499891e+02,-8.171518365924387695e+01
4.672948125000000346e+02,-8.005512773043645325e+01
4.672951054687500232e+02,-8.147685853167470782e+01
4.672953984375000118e+02,-7.543832667503016864e+01
4.672956914062500005e+02,-8.089080963162820126e+01
4.672959843749999891e+02,-9.850635349818156783e+01
4.672962773437500346e+02,-7.885540197867567258e+01
4.672965703125000232e+02,-7.635658232718827776e+01
4.672968632812500118e+02,-7.520795512408457739e+01
4.672971562500000005e+02,-8.220026240460441613e+01
4.672974492187499891e+02,-8.578426569496643594e+01
4.672977421875000346e+02,-9.562942593359119314e+01
4.672980351562500232e+02,-9.039098732913417678e+01
4.672983281250000118e+02,-8.883133609521259189e+01
4.672986210937500005e+02,-8.216054066514533361e+01
4.672989140624999891e+02,-7.855675243827013787e+01
4.672992070312500346e+02,-7.860019389237689325e+01
4.672995000000000232e+02,-7.660025022735786138e+01
4.672997929687500118e+02,-7.837667163798433023e+01
4.673000859375000005e+02,-7.998013911161727663e+01
4.673003789062499891e+02,-8.030973511946763210e+01
4.673006718750000346e+02,-8.292827823821266975e+01
4.673009648437500232e+02,-9.470049268808591592e+01
4.673012578125000118e+02,-9.809889640128660915e+01
4.673015507812500005e+02,-1.058087475390413346e+02
4.673018437499999891e+02,-8.615382393162801122e+01
4.673021367187500346e+02,-8.156079775139311039e+01
4.673024296875000232e+02,-8.903491228021904647e+01
4.673027226562500118e+02,-9.140675443531264932e+01
4.673030156250000005e+02,-8.450246117988456263e+01
4.673033085937499891e+02,-8.989042872988831334e+01
4.673036015625000346e+02,-9.563285125262707709e+01
4.673038945312500232e+02,-9.429302628681570297e+01
4.673041875000000118e+02,-8.906326004784534689e+01
4.673044804687500005e+02,-8.402450872944970683e+01
4.673047734374999891e+02,-7.655779423127262362e+01
4.673050664062500346e+02,-8.418543931252798984e+01
4.673053593750000232e+02,-8.438056874380157524e+01
4.673056523437500118e+02,-8.590463176723821448e+01
4.673059453125000005e+02,-8.525827322094053784e+01
4.673062382812499891e+02,-7.987585111030503526e+01
4.673065312500000346e+02,-8.094599796945306025e+01
4.673068242187500232e+02,-8.142070109977490233e+01
4.673071171875000118e+02,-9.599581291692152263e+01
4.673074101562500005e+02,-8.660685557740991669e+01
4.673077031249999891e+02,-8.374949687888731376e+01
4.673079960937500346e+02,-8.247891133483621218e+01
4.673082890625000232e+02,-8.677404617813573395e+01
4.673085820312500118e+02,-8.856657273864115609e+01
4.673088750000000005e+02,-1.108270427359807684e+02
4.673091679687499891e+02,-8.425631027843303400e+01
4.673094609375000346e+02,-8.752952952539490639e+01
4.673097539062500232e+02,-8.125177780351953061e+01
4.673100468750000118e+02,-8.046638302072213378e+01
4.673103398437500005e+02,-9.477126852321687522e+01
4.673106328124999891e+02,-8.600813240223006062e+01
4.673109257812500346e+02,-8.128554539504497711e+01
4.673112187500000232e+02,-7.930358121973671359e+01
4.673115117187500118e+02,-7.915044032267493890e+01
4.673118046875000005e+02,-7.914450736606320902e+01
4.673120976562499891e+02,-8.494393644627254503e+01
4.673123906250000346e+02,-9.064726088978487439e+01
4.673126835937500232e+02,-7.983770168513197518e+01
4.673129765625000118e+02,-8.409830236717434104e+01
4.673132695312500005e+02,-8.593823887780055770e+01
4.673135624999999891e+02,-9.324609377173474911e+01
4.673138554687500346e+02,-8.286454258193546707e+01
4.673141484375000232e+02,-8.435757973274525057e+01
4.673144414062500118e+02,-8.792945678294407230e+01
4.673147343750000005e+02,-8.561149677520076295e+01
4.673150273437499891e+02,-8.243303391821268633e+01
4.673153203125000346e+02,-7.869100186443210987e+01
4.673156132812500232e+02,-8.316357271357689740e+01
4.673159062500000118e+02,-8.289966940691550690e+01
4.673161992187500005e+02,-7.639206018871425385e+01
4.673164921874999891e+02,-7.751572469793370601e+01
4.673167851562500346e+02,-8.265836554731711772e+01
4.673170781250000232e+02,-8.639312448658522214e+01
4.673173710937500118e+02,-7.962645968314721756e+01
4.673176640625000005e+02,-7.419449219389038319e+01
4.673179570312499891e+02,-7.517361204478773118e+01
4.673182500000000346e+02,-8.374484294205404922e+01
4.673185429687500232e+02,-7.664866623573641391e+01
4.673188359375000118e+02,-7.578808840451847573e+01
4.673191289062500005e+02,-8.469549315525939903e+01
4.673194218749999891e+02,-8.272393548172077260e+01
4.673197148437500346e+02,-7.863889997251195041e+01
4.673200078125000232e+02,-8.231001570524854571e+01
4.673203007812500118e+02,-8.986827195804553980e+01
4.673205937500000005e+02,-8.087314014899578751e+01
4.673208867187499891e+02,-7.598917878748363819e+01
4.673211796875000346e+02,-8.068401701575596974e+01
4.673214726562500232e+02,-7.834181024044876551e+01
4.673217656250000118e+02,-7.674646606180259312e+01
4.673220585937500005e+02,-8.030212717629888175e+01
4.673223515624999891e+02,-7.886097464483447084e+01
4.673226445312500346e+02,-7.518572591189007426e+01
4.673229375000000232e+02,-7.907625525400825950e+01
4.673232304687500118e+02,-8.160279540576958368e+01
4.673235234375000005e+02,-8.379397749036213838e+01
4.673238164062499891e+02,-7.994664455219763965e+01
4.673241093750000346e+02,-8.022467467056465296e+01
4.673244023437500232e+02,-8.125531224083680115e+01
4.673246953125000118e+02,-8.639458321191170853e+01
4.673249882812500005e+02,-8.741984320213927617e+01
4.673252812499999891e+02,-7.556526557477835127e+01
4.673255742187500346e+02,-7.365870735565584937e+01
4.673258671875000232e+02,-7.880063992652993932e+01
4.673261601562500118e+02,-7.562615031095479878e+01
4.673264531250000005e+02,-8.223336161604316885e+01
4.673267460937499891e+02,-8.017859550182805606e+01
4.673270390625000346e+02,-7.883153718541950639e+01
4.673273320312500232e+02,-7.878705772331122148e+01
4.673276250000000118e+02,-7.877033536698613148e+01
4.673279179687500005e+02,-9.227429509496944604e+01
4.673282109374999891e+02,-8.006389777533829033e+01
4.673285039062500346e+02,-8.098948402372766964e+01
4.673287968750000232e+02,-8.166147418978385986e+01
4.673290898437500118e+02,-7.962188896932593707e+01
4.673293828125000005e+02,-8.055057082112519140e+01
4.673296757812499891e+02,-7.726316086431693009e+01
4.673299687500000346e+02,-8.132158162391630185e+01
4.673302617187500232e+02,-7.755634518789247522e+01
4.673305546875000118e+02,-7.331910692849569955e+01
4.673308476562500005e+02,-7.194713158091782645e+01
4.673311406249999891e+02,-7.379527863105447238e+01
4.673314335937500346e+02,-9.040922582752443759e+01
4.673317265625000232e+02,-7.902299564973857571e+01
4.673320195312500118e+02,-1.162740405354450672e+02
4.673323125000000005e+02,-8.147233677475691138e+01
4.673326054687499891e+02,-7.631517141401702986e+01
4.673328984375000346e+02,-7.540553338661528926e+01
4.673331914062500232e+02,-7.091715526826224902e+01
4.673334843750000118e+02,-7.138526809332391565e+01
4.673337773437500005e+02,-7.694937402749863509e+01
4.673340703124999891e+02,-8.145901198656287079e+01
4.673343632812500346e+02,-9.111569697729842687e+01
4.673346562500000232e+02,-8.213621415239849455e+01
4.673349492187500118e+02,-7.234715688828163138e+01
4.673352421875000005e+02,-7.777214313929053446e+01
4.673355351562499891e+02,-8.896937130678475114e+01
4.673358281250000346e+02,-7.841151009411797190e+01
4.673361210937500232e+02,-7.358428129669377427e+01
4.673364140625000118e+02,-7.846555896143561881e+01
4.673367070312500005e+02,-8.099132155196457461e+01
4.673369999999999891e+02,-7.626790807266101524e+01
4.673372929687500346e+02,-7.739346386350575813e+01
4.673375859375000232e+02,-8.165648054634550590e+01
4.673378789062500118e+02,-8.280052260731272895e+01
4.673381718750000005e+02,-9.963262531079448081e+01
4.673384648437499891e+02,-8.732006626041822983e+01
4.673387578125000346e+02,-7.830687450377115510e+01
4.673390507812500232e+02,-7.885800432268115401e+01
4.673393437500000118e+02,-7.797500988504489783e+01
4.673396367187500005e+02,-8.027224928761361866e+01
4.673399296874999891e+02,-7.830755694471372408e+01
4.673402226562500346e+02,-7.833281118640771012e+01
4.673405156250000232e+02,-8.206725161064943563e+01
4.673408085937500118e+02,-7.651600880875369626e+01
4.673411015625000005e+02,-8.177059008032867382e+01
4.673413945312499891e+02,-9.463550533871978132e+01
4.673416875000000346e+02,-7.801328030274839875e+01
4.673419804687500232e+02,-7.955016019274638950e+01
4.673422734375000118e+02,-7.627548318615269807e+01
4.673425664062500005e+02,-7.483814627949445253e+01
4.673428593749999891e+02,-7.555955193694072136e+01
4.673431523437500346e+02,-7.470580387506240072e+01
4.673434453125000232e+02,-7.864349837895902340e+01
4.673437382812500118e+02,-7.755963963273842410e+01
4.673440312500000005e+02,-8.358673939531051644e+01
4.673443242187499891e+02,-9.709086342413834814e+01
4.673446171875000346e+02,-7.629596648355884270e+01
4.673449101562500232e+02,-7.979171884418649086e+01
4.673452031250000118e+02,-7.632890122205776606e+01
4.673454960937500005e+02,-7.687035138986497884e+01
4.673457890624999891e+02,-8.308707483177279585e+01
4.673460820312500346e+02,-7.496691351687968563e+01
4.673463750000000232e+02,-7.328673930489811994e+01
4.673466679687500118e+02,-8.125591642255785985e+01
4.673469609375000005e+02,-7.678376573530950111e+01
4.673472539062499891e+02,-9.658028389509482281e+01
4.673475468750000346e+02,-7.624712720970686064e+01
4.673478398437500232e+02,-7.320253529581739826e+01
4.673481328125000118e+02,-7.127271061637763694e+01
4.673484257812500005e+02,-7.319010609461096806e+01
4.673487187499999891e+02,-7.538381731447090317e+01
4.673490117187500346e+02,-7.811581442364388295e+01
4.673493046875000232e+02,-8.333085925171118902e+01
4.673495976562500118e+02,-8.585881068400786376e+01
4.673498906250000005e+02,-8.043481124805788340e+01
4.673501835937499891e+02,-8.099753503108301800e+01
4.673504765625000346e+02,-7.329261521147212477e+01
4.673507695312500232e+02,-7.202422608255241698e+01
4.673510625000000118e+02,-8.314465910780100444e+01
4.673513554687500005e+02,-9.714337813818687550e+01
4.673516484374999891e+02,-8.567365660718670028e+01
4.673519414062500346e+02,-8.141088040460024899e+01
4.673522343750000232e+02,-1.014234279887516550e+02
4.673525273437500118e+02,-9.481062964893460787e+01
4.673528203125000005e+02,-7.640767298693177167e+01
4.673531132812499891e+02,-7.529167860495141440e+01
4.673534062500000346e+02,-8.443308773894997898e+01
4.673536992187500232e+02,-7.987154134436840991e+01
4.673539921875000118e+02,-8.047880422808498224e+01
4.673542851562500005e+02,-9.136194186367573877e+01
4.673545781249999891e+02,-8.025434570288952330e+01
4.673548710937500346e+02,-8.067426198225649614e+01
4.673551640625000232e+02,-7.916966415686701453e+01
4.673554570312500118e+02,-7.806332799801195677e+01
4.673557500000000005e+02,-8.025241253892785664e+01
4.673560429687499891e+02,-8.282750180365290760e+01
4.673563359375000346e+02,-7.871265849918275137e+01
4.673566289062500232e+02,-8.372715597098256524e+01
4.673569218750000118e+02,-8.477007544404764872e+01
4.673572148437500005e+02,-7.777439993834015297e+01
4.673575078124999891e+02,-7.615376850367970007e+01
4.673578007812500346e+02,-7.945600111864828818e+01
4.673580937500000232e+02,-8.029000112409640622e+01
4.673583867187500118e+02,-7.971155920300444109e+01
4.673586796875000005e+02,-8.402547339259396608e+01
4.673589726562499891e+02,-9.790776448672264110e+01
4.673592656250000346e+02,-8.347311611543489107e+01
4.673595585937500232e+02,-8.098517622731286281e+01
4.673598515625000118e+02,-7.972807499536460796e+01
4.673601445312500005e+02,-7.700776809003363610e+01
4.673604374999999891e+02,-7.964960364943360105e+01
4.673607304687500346e+02,-9.782892755847893795e+01
4.673610234375000232e+02,-9.108173793034970345e+01
4.673613164062500118e+02,-8.241487511602208826e+01
4.673616093750000005e+02,-7.633333727936295077e+01
4.673619023437499891e+02,-8.434675175516468926e+01
4.673621953125000346e+02,-7.821073334110883479e+01
4.673624882812500232e+02,-7.406405176741212415e+01
4.673627812500000118e+02,-7.486599716340217014e+01
4.673630742187500005e+02,-7.950583157218278529e+01
4.673633671874999891e+02,-7.975018977170773837e+01
4.673636601562500346e+02,-7.288670697270514154e+01
4.673639531250000232e+02,-7.719625250595970556e+01
4.673642460937500118e+02,-1.006576148381267899e+02
4.673645390625000005e+02,-7.933846747188513859e+01
4.673648320312499891e+02,-8.159217074998920793e+01
4.673651250000000346e+02,-7.955319020455478096e+01
4.673654179687500232e+02,-7.737606752385426034e+01
4.673657109375000118e+02,-7.435922568603926663e+01
4.673660039062500005e+02,-7.282770754640932864e+01
4.673662968749999891e+02,-8.091921027826872148e+01
4.673665898437500346e+02,-8.303480874667488365e+01
4.673668828125000232e+02,-7.879040152315621981e+01
4.673671757812500118e+02,-7.560301869710451683e+01
4.673674687500000005e+02,-7.597114777251050555e+01
4.673677617187499891e+02,-7.714737026081651550e+01
4.673680546875000346e+02,-8.659976050282784854e+01
4.673683476562500232e+02,-8.312629781169098919e+01
4.673686406250000118e+02,-8.288203452100253799e+01
4.673689335937500005e+02,-8.043173259075035730e+01
4.673692265624999891e+02,-8.234081801809216472e+01
4.673695195312500346e+02,-7.451954532196567982e+01
4.673698125000000232e+02,-8.622735782870705634e+01
4.673701054687500118e+02,-8.151310692361596466e+01
4.673703984375000005e+02,-8.530312538093083674e+01
4.673706914062499891e+02,-8.955138545335952927e+01
4.673709843750000346e+02,-8.578371687226983511e+01
4.673712773437500232e+02,-8.742691103619461046e+01
4.673715703125000118e+02,-8.363687939833275209e+01
4.673718632812500005e+02,-9.002954183130424326e+01
4.673721562499999891e+02,-8.246301682613206196e+01
4.673724492187500346e+02,-9.751603262645804193e+01
4.673727421875000232e+02,-7.460591161536402183e+01
4.673730351562500118e+02,-7.653400419463008575e+01
4.673733281250000005e+02,-8.428870761213246965e+01
4.673736210937499891e+02,-7.488090505437642719e+01
4.673739140625000346e+02,-7.512248826240089272e+01
4.673742070312500232e+02,-7.550622718340351014e+01
4.673745000000000118e+02,-7.674701244789817167e+01
4.673747929687500005e+02,-8.086961764805622010e+01
4.673750859374999891e+02,-8.328438618805748206e+01
4.673753789062500346e+02,-8.357723904333100506e+01
4.673756718750000232e+02,-9.314785509674733532e+01
4.673759648437500118e+02,-8.332341410635828538e+01
4.673762578125000005e+02,-7.897167493572078456e+01
4.673765507812499891e+02,-7.415488234181700022e+01
4.673768437500000346e+02,-8.328575291555388560e+01
4.673771367187500232e+02,-8.263525367047576253e+01
4.673774296875000118e+02,-8.363024719252577199e+01
4.673777226562500005e+02,-7.535198752657058208e+01
4.673780156249999891e+02,-7.554494055504849825e+01
4.673783085937500346e+02,-8.521170140943873150e+01
4.673786015625000232e+02,-7.487783389089858588e+01
4.673788945312500118e+02,-7.582915707269884820e+01
4.673791875000000005e+02,-7.891697264268867684e+01
4.673794804687499891e+02,-8.586279902764088945e+01
4.673797734375000346e+02,-7.666301216311245526e+01
4.673800664062500232e+02,-8.217927998818794322e+01
4.673803593750000118e+02,-7.359146638738646118e+01
4.673806523437500005e+02,-7.873227706312688667e+01
4.673809453124999891e+02,-8.338577889767728379e+01
4.673812382812500346e+02,-8.416365959231589500e+01
4.673815312500000232e+02,-8.450240987446612451e+01
4.673818242187500118e+02,-7.931159634165656769e+01
4.673821171875000005e+02,-8.176389626289720525e+01
4.673824101562499891e+02,-7.739041102667508198e+01
4.673827031250000346e+02,-7.351951313776626762e+01
4.673829960937500232e+02,-7.437168596840264456e+01
4.673832890625000118e+02,-7.850567916241355704e+01
4.673835820312500005e+02,-8.033429011495448435e+01
4.673838749999999891e+02,-7.814559610868978723e+01
4.673841679687500346e+02,-7.618813082139114101e+01
4.673844609375000232e+02,-7.864300072368018846e+01
4.673847539062500118e+02,-8.567595388437526083e+01
4.673850468750000005e+02,-8.814132168198776185e+01
4.673853398437499891e+02,-7.977077609131710290e+01
4.673856328125000346e+02,-8.064731125028865222e+01
4.673859257812500232e+02,-7.822087966059660857e+01
4.673862187500000118e+02,-7.588280628785209103e+01
4.673865117187500005e+02,-8.003991910002662280e+01
4.673868046874999891e+02,-9.052280022696319861e+01
4.673870976562500346e+02,-7.780645744833147148e+01
4.673873906250000232e+02,-7.850089465205994088e+01
4.673876835937500118e+02,-8.508096769182466801e+01
4.673879765625000005e+02,-7.974591199180666479e+01
4.673882695312499891e+02,-7.781919005652673604e+01
4.673885625000000346e+02,-7.671637312863720126e+01
4.673888554687500232e+02,-7.328816847505805754e+01
4.673891484375000118e+02,-7.519307953651656362e+01
4.673894414062500005e+02,-7.872566430399953674e+01
4.673897343749999891e+02,-8.516800125215972628e+01
4.673900273437500346e+02,-9.012501226819659905e+01
4.673903203125000232e+02,-7.867198166457708908e+01
4.673906132812500118e+02,-8.014757400975148016e+01
4.673909062500000005e+02,-7.785903055945466633e+01
4.673911992187499891e+02,-7.395231462606469108e+01
4.673914921875000346e+02,-7.390729383941692276e+01
4.673917851562500232e+02,-7.787783960804608796e+01
4.673920781250000118e+02,-8.330963724559182992e+01
4.673923710937500005e+02,-8.004912378085822411e+01
4.673926640624999891e+02,-7.467541400409949404e+01
4.673929570312500346e+02,-7.770762597821371287e+01
4.673932500000000232e+02,-7.861577223099048695e+01
4.673935429687500118e+02,-7.799042593623580899e+01
4.673938359375000005e+02,-7.798641535916601697e+01
4.673941289062499891e+02,-8.060055663737743714e+01
4.673944218750000346e+02,-7.957319038486110685e+01
4.673947148437500232e+02,-8.354335851007286351e+01
4.673950078125000118e+02,-7.750675154841255221e+01
4.673953007812500005e+02,-7.430478130281801441e+01
4.673955937499999891e+02,-7.234670652510862965e+01
4.673958867187500346e+02,-7.911951833120757271e+01
4.673961796875000232e+02,-8.032468183758010127e+01
4.673964726562500118e+02,-8.261280179819576119e+01
4.673967656250000005e+02,-7.798189802279833316e+01
4.673970585937499891e+02,-7.489500332589537379e+01
4.673973515625000346e+02,-7.614585428060918559e+01
4.673976445312500232e+02,-7.766518047073472530e+01
4.673979375000000118e+02,-7.754587487301667181e+01
4.673982304687500005e+02,-8.276991883031195130e+01
4.673985234374999891e+02,-9.880507450905193423e+01
4.673988164062500346e+02,-8.582235484741781306e+01
4.673991093750000232e+02,-8.149205647778352102e+01
4.673994023437500118e+02,-7.641881367770727707e+01
4.673996953125000005e+02,-8.070413274557336081e+01
4.673999882812499891e+02,-8.201987423347519268e+01
4.674002812500000346e+02,-8.636329628514140211e+01
4.674005742187500232e+02,-8.026407692173405906e+01
4.674008671875000118e+02,-7.435221866525250789e+01
4.674011601562500005e+02,-7.556050917023318902e+01
4.674014531249999891e+02,-7.773727558341560950e+01
4.674017460937500346e+02,-7.490834166976273423e+01
4.674020390625000232e+02,-7.375069537377760298e+01
4.674023320312500118e+02,-7.322609051919135936e+01
4.674026250000000005e+02,-8.019574001639931282e+01
4.674029179687499891e+02,-8.762939445310439623e+01
4.674032109375000346e+02,-7.709018754692358755e+01
4.674035039062500232e+02,-8.641932372447456601e+01
4.674037968750000118e+02,-7.439524917626197009e+01
4.674040898437500005e+02,-7.342260918681648718e+01
4.674043828124999891e+02,-7.191393313250740960e+01
4.674046757812500346e+02,-7.290991750520127823e+01
4.674049687500000232e+02,-7.836727341625555709e+01
4.674052617187500118e+02,-9.215170197138483843e+01
4.674055546875000005e+02,-6.902983595488416313e+01
4.674058476562499891e+02,-6.656811546091351772e+01
4.674061406250000346e+02,-7.620559135307394172e+01
4.674064335937500232e+02,-7.791753895955436349e+01
4.674067265625000118e+02,-7.091501178728789512e+01
4.674070195312500005e+02,-7.015296827688376879e+01
4.674073124999999891e+02,-7.773323554438958638e+01
4.674076054687500346e+02,-8.596887535842293460e+01
4.674078984375000232e+02,-7.302297305832624374e+01
4.674081914062500118e+02,-7.192173313013481106e+01
4.674084843750000005e+02,-8.057204312009153568e+01
4.674087773437499891e+02,-8.354476065742014157e+01
4.674090703125000346e+02,-7.417817183443347062e+01
4.674093632812500232e+02,-6.911588221799583209e+01
4.674096562500000118e+02,-7.295475478671673386e+01
4.674099492187500005e+02,-8.267326279597916994e+01
4.674102421874999891e+02,-8.475320541043382150e+01
4.674105351562500346e+02,-7.400082887220575856e+01
4.674108281250000232e+02,-6.990300583261091560e+01
4.674111210937500118e+02,-7.213361098080773104e+01
4.674114140625000005e+02,-7.599935603721945654e+01
4.674117070312499891e+02,-7.187816289072227960e+01
4.674120000000000346e+02,-7.215884090278346719e+01
4.674122929687500232e+02,-7.370303689240134304e+01
4.674125859375000118e+02,-7.827835746208309331e+01
4.674128789062500005e+02,-7.848572447561194565e+01
4.674131718749999891e+02,-8.308075003459271102e+01
4.674134648437500346e+02,-7.387408858025378322e+01
4.674137578125000232e+02,-7.417363289571396479e+01
4.674140507812500118e+02,-7.808970915393251744e+01
4.674143437500000005e+02,-7.461801726319983175e+01
4.674146367187499891e+02,-7.152934486511676937e+01
4.674149296875000346e+02,-7.269695109497480701e+01
4.674152226562500232e+02,-7.585160197203526877e+01
4.674155156250000118e+02,-7.157575447518838985e+01
4.674158085937500005e+02,-7.308747015111772782e+01
4.674161015624999891e+02,-7.716139406996828143e+01
4.674163945312500346e+02,-8.633886337858348270e+01
4.674166875000000232e+02,-7.925821736971266773e+01
4.674169804687500118e+02,-8.294368878413003188e+01
4.674172734375000005e+02,-8.927493874792682504e+01
4.674175664062499891e+02,-8.535620238429973483e+01
4.674178593750000346e+02,-7.424890213916887660e+01
4.674181523437500232e+02,-7.442057359499163738e+01
4.674184453125000118e+02,-7.872631969305464850e+01
4.674187382812500005e+02,-8.226204977524567141e+01
4.674190312499999891e+02,-7.925091197694594314e+01
4.674193242187500346e+02,-7.623698106454030210e+01
4.674196171875000232e+02,-7.286564540288918579e+01
4.674199101562500118e+02,-7.011265209307265422e+01
4.674202031250000005e+02,-6.924970546399569571e+01
4.674204960937499891e+02,-7.742197468378675751e+01
4.674207890625000346e+02,-7.844955221539737522e+01
4.674210820312500232e+02,-7.162541491807135685e+01
4.674213750000000118e+02,-7.128782537321059465e+01
4.674216679687500005e+02,-8.851731317787125874e+01
4.674219609374999891e+02,-8.186529453232898845e+01
4.674222539062500346e+02,-6.967411340619113957e+01
4.674225468750000232e+02,-6.717352042471597429e+01
4.674228398437500118e+02,-7.808178863565653671e+01
4.674231328125000005e+02,-7.568102431212524550e+01
4.674234257812499891e+02,-8.341418692556794667e+01
4.674237187500000346e+02,-7.607738878306736297e+01
4.674240117187500232e+02,-7.549264836152207181e+01
4.674243046875000118e+02,-7.205213855277303026e+01
4.674245976562500005e+02,-7.409864758220736292e+01
4.674248906249999891e+02,-7.667201874306661580e+01
4.674251835937500346e+02,-7.591204829785426966e+01
4.674254765625000232e+02,-7.339556961394619350e+01
4.674257695312500118e+02,-6.718809229840812236e+01
4.674260625000000005e+02,-6.975182902851558708e+01
4.674263554687499891e+02,-7.915695157002539872e+01
4.674266484375000346e+02,-8.759596977379665361e+01
4.674269414062500232e+02,-7.231915072668562061e+01
4.674272343750000118e+02,-7.235917241871662497e+01
4.674275273437500005e+02,-7.449978328747546641e+01
4.674278203124999891e+02,-7.350967236340144950e+01
4.674281132812500346e+02,-7.004103535472775377e+01
4.674284062500000232e+02,-7.267356029394824191e+01
4.674286992187500118e+02,-7.889441604420981946e+01
4.674289921875000005e+02,-7.567432591988777801e+01
4.674292851562499891e+02,-7.427508011755446660e+01
4.674295781250000346e+02,-7.412078782455817816e+01
4.674298710937500232e+02,-7.755389446159195188e+01
4.674301640625000118e+02,-9.344680620512265534e+01
4.674304570312500005e+02,-9.107284745552620109e+01
4.674307499999999891e+02,-9.250602313592780490e+01
4.674310429687500346e+02,-7.837208534902488566e+01
4.674313359375000232e+02,-7.799365226273692997e+01
4.674316289062500118e+02,-7.843031830027577200e+01
4.674319218750000005e+02,-7.499927441320571120e+01
4.674322148437499891e+02,-7.732356249035942142e+01
4.674325078125000346e+02,-8.157300876224101671e+01
4.674328007812500232e+02,-9.053659853222306708e+01
4.674330937500000118e+02,-7.817546859679085003e+01
4.674333867187500005e+02,-8.948421298526906753e+01
4.674336796874999891e+02,-7.662746754301559804e+01
4.674339726562500346e+02,-7.588010456961831096e+01
4.674342656250000232e+02,-7.334855605107458132e+01
4.674345585937500118e+02,-7.680754756961191276e+01
4.674348515625000005e+02,-7.831579893106199108e+01
4.674351445312499891e+02,-7.021565145048779755e+01
4.674354375000000346e+02,-8.251546677708772393e+01
4.674357304687500232e+02,-8.440214837689458705e+01
4.674360234375000118e+02,-8.046245185384591991e+01
4.674363164062500005e+02,-7.373586816535868138e+01
4.674366093749999891e+02,-7.977812837011886415e+01
4.674369023437500346e+02,-9.308566940392805122e+01
4.674371953125000232e+02,-8.291990849168087152e+01
4.674374882812500118e+02,-8.022217611448004959e+01
4.674377812500000005e+02,-9.112979200212984665e+01
4.674380742187499891e+02,-7.557099251617775337e+01
4.674383671875000346e+02,-7.850116083703269965e+01
4.674386601562500232e+02,-6.802766410326898949e+01
4.674389531250000118e+02,-7.028942945988242741e+01
4.674392460937500005e+02,-7.440458012072500082e+01
4.674395390624999891e+02,-7.583713244588743407e+01
4.674398320312500346e+02,-8.024093308403965352e+01
4.674401250000000232e+02,-8.104583941858514606e+01
4.674404179687500118e+02,-7.154914305365913663e+01
4.674407109375000005e+02,-7.249204633468964687e+01
4.674410039062499891e+02,-7.592490938251957289e+01
4.674412968750000346e+02,-8.412101212350570734e+01
4.674415898437500232e+02,-9.037324207515824526e+01
4.674418828125000118e+02,-7.566763147604524420e+01
4.674421757812500005e+02,-7.358076708899515950e+01
4.674424687499999891e+02,-7.756253111215974627e+01
4.674427617187500346e+02,-7.429979706637794834e+01
4.674430546875000232e+02,-7.715195357288905598e+01
4.674433476562500118e+02,-8.375780727656226077e+01
4.674436406250000005e+02,-7.757728259126312764e+01
4.674439335937499891e+02,-7.486985277998208232e+01
4.674442265625000346e+02,-8.156304691463047618e+01
4.674445195312500232e+02,-7.454378056422135046e+01
4.674448125000000118e+02,-7.370510943192982722e+01
4.674451054687500005e+02,-7.745251472523622738e+01
4.674453984374999891e+02,-7.093182742657843676e+01
4.674456914062500346e+02,-6.670626986478480092e+01
4.674459843750000232e+02,-7.059068360836349143e+01
4.674462773437500118e+02,-8.238895485557925724e+01
4.674465703125000005e+02,-8.212159674980803459e+01
4.674468632812499891e+02,-7.377514179198347222e+01
4.674471562500000346e+02,-7.125184944354323591e+01
4.674474492187500232e+02,-7.859707380109735197e+01
4.674477421875000118e+02,-7.635563330705633689e+01
4.674480351562500005e+02,-7.666921683943959920e+01
4.674483281249999891e+02,-7.162914353458535288e+01
4.674486210937500346e+02,-7.322717095399502796e+01
4.674489140625000232e+02,-6.971165602152272811e+01
4.674492070312500118e+02,-6.938756423794343675e+01
4.674495000000000005e+02,-7.399976530237910310e+01
4.674497929687499891e+02,-7.384422928436910638e+01
4.674500859375000346e+02,-7.816247809457343010e+01
4.674503789062500232e+02,-7.535948878714970078e+01
4.674506718750000118e+02,-7.613558386405003375e+01
4.674509648437500005e+02,-7.652420384164030054e+01
4.674512578124999891e+02,-7.822455592635188282e+01
4.674515507812500346e+02,-8.075013050772190581e+01
4.674518437500000232e+02,-8.065466030596263636e+01
4.674521367187500118e+02,-7.646740470126528066e+01
4.674524296875000005e+02,-7.216956801312920788e+01
4.674527226562499891e+02,-6.763797904604965083e+01
4.674530156250000346e+02,-8.184021727762355169e+01
4.674533085937500232e+02,-8.624415545865930710e+01
4.674536015625000118e+02,-7.384808654868437827e+01
4.674538945312500005e+02,-7.105788354727758360e+01
4.674541874999999891e+02,-7.315062037229665748e+01
4.674544804687500346e+02,-8.629600798301481746e+01
4.674547734375000232e+02,-9.050281321900467901e+01
4.674550664062500118e+02,-8.645251492369759205e+01
4.674553593750000005e+02,-8.446505535349012916e+01
4.674556523437499891e+02,-7.719385001201300156e+01
4.674559453125000346e+02,-7.424027842401312682e+01
4.674562382812500232e+02,-7.244239410451416461e+01
4.674565312500000118e+02,-7.246347889913772633e+01
4.674568242187500005e+02,-7.455305758917097592e+01
4.674571171874999891e+02,-8.696896238123572687e+01
4.674574101562500346e+02,-7.062270399363534068e+01
4.674577031250000232e+02,-6.422525590583292399e+01
4.674579960937500118e+02,-6.819682247741600634e+01
4.674582890625000005e+02,-8.674914584446396759e+01
4.674585820312499891e+02,-7.552296756508935971e+01
4.674588750000000346e+02,-6.980575824314092870e+01
4.674591679687500232e+02,-7.164393885321808852e+01
4.674594609375000118e+02,-7.110264552615690548e+01
4.674597539062500005e+02,-7.077260725041519152e+01
4.674600468749999891e+02,-7.995661275561813852e+01
4.674603398437500346e+02,-7.931806851524018498e+01
4.674606328125000232e+02,-7.607826264966521990e+01
4.674609257812500118e+02,-7.039876232457207550e+01
4.674612187500000005e+02,-6.816881111516657654e+01
4.674615117187499891e+02,-7.094769646790231832e+01
4.674618046875000346e+02,-7.722524120838049555e+01
4.674620976562500232e+02,-7.667720379085533011e+01
4.674623906250000118e+02,-7.008189319293443020e+01
4.674626835937500005e+02,-6.576648397244815669e+01
4.674629765624999891e+02,-6.499732044002070097e+01
4.674632695312500346e+02,-6.808195805053443905e+01
4.674635625000000232e+02,-9.205459008981148372e+01
4.674638554687500118e+02,-8.139805491321153852e+01
4.674641484375000005e+02,-7.354962773560603750e+01
4.674644414062499891e+02,-8.117044426211000996e+01
4.674647343750000346e+02,-7.074190446971699942e+01
4.674650273437500232e+02,-6.834471808748500621e+01
4.674653203125000118e+02,-7.719742549431194334e+01
4.674656132812500005e+02,-7.618229693637032085e+01
4.674659062499999891e+02,-7.782788505335588525e+01
4.674661992187500346e+02,-7.963214824952439130e+01
4.674664921875000232e+02,-7.585448835773449616e+01
4.674667851562500118e+02,-7.234431178140292218e+01
4.674670781250000005e+02,-6.969521170729196058e+01
4.674673710937499891e+02,-8.183222348296692417e+01
4.674676640625000346e+02,-8.491150124743973038e+01
4.674679570312500232e+02,-8.023580612628067854e+01
4.674682500000000118e+02,-6.909225936210150110e+01
4.674685429687500005e+02,-6.785439230578330694e+01
4.674688359374999891e+02,-7.224048532692269475e+01
4.674691289062500346e+02,-7.985356814621997046e+01
4.674694218750000232e+02,-7.792225435308480996e+01
4.674697148437500118e+02,-7.032900999390348318e+01
4.674700078125000005e+02,-7.165214556053059880e+01
4.674703007812499891e+02,-7.065824681158903786e+01
4.674705937500000346e+02,-7.323428516505060770e+01
4.674708867187500232e+02,-7.230446904079562387e+01
4.674711796875000118e+02,-7.452569619789295530e+01
4.674714726562500005e+02,-7.299394053334191312e+01
4.674717656249999891e+02,-6.752515231687735309e+01
4.674720585937500346e+02,-6.707497347177175584e+01
4.674723515625000232e+02,-6.929193610414615989e+01
4.674726445312500118e+02,-7.142858039452909225e+01
4.674729375000000005e+02,-6.860124721043474949e+01
4.674732304687499891e+02,-7.079492965315220943e+01
4.674735234375000346e+02,-7.600789736015921960e+01
4.674738164062500232e+02,-7.582498817254689527e+01
4.674741093750000118e+02,-7.680512918622453356e+01
4.674744023437500005e+02,-7.062336107332021129e+01
4.674746953124999891e+02,-7.691370749728891099e+01
4.674749882812500346e+02,-7.510903774414001077e+01
4.674752812500000232e+02,-8.373493216522044236e+01
4.674755742187500118e+02,-7.619361575799823072e+01
4.674758671875000005e+02,-8.499499175908073312e+01
4.674761601562499891e+02,-6.849941905989649626e+01
4.674764531250000346e+02,-7.003143827720086279e+01
4.674767460937500232e+02,-6.667282630941257082e+01
4.674770390625000118e+02,-6.849879127991516725e+01
4.674773320312500005e+02,-7.381442290038499721e+01
4.674776249999999891e+02,-6.294472606162120343e+01
4.674779179687500346e+02,-6.004445768673140549e+01
4.674782109375000232e+02,-7.070662322267654076e+01
4.674785039062500118e+02,-8.046826218867037994e+01
4.674787968750000005e+02,-6.959989327093379075e+01
4.674790898437499891e+02,-6.793212449542548370e+01
4.674793828125000346e+02,-6.698037410959830140e+01
4.674796757812500232e+02,-6.744976437291497007e+01
4.674799687500000118e+02,-6.959396796894372983e+01
4.674802617187500005e+02,-7.955179635500142865e+01
4.674805546874999891e+02,-7.001732025885165456e+01
4.674808476562500346e+02,-6.967999935452168359e+01
4.674811406250000232e+02,-6.291712735266824552e+01
4.674814335937500118e+02,-6.553401574295060072e+01
4.674817265625000005e+02,-6.976306111369235907e+01
4.674820195312499891e+02,-6.690054059853683555e+01
4.674823125000000346e+02,-6.204174045877244481e+01
4.674826054687500232e+02,-6.983381216741898356e+01
4.674828984375000118e+02,-8.008768043332449338e+01
4.674831914062500005e+02,-6.904135700881636240e+01
4.674834843749999891e+02,-6.917329958732563000e+01
4.674837773437500346e+02,-7.039053572793909552e+01
4.674840703125000232e+02,-6.676720605994393054e+01
4.674843632812500118e+02,-6.602009503652968192e+01
4.674846562500000005e+02,-6.449237440996694204e+01
4.674849492187499891e+02,-6.886154658969471143e+01
4.674852421875000346e+02,-6.464211965329488407e+01
4.674855351562500232e+02,-6.349028586206643610e+01
4.674858281250000118e+02,-6.820676023140696032e+01
4.674861210937500005e+02,-7.548598952345643909e+01
4.674864140624999891e+02,-7.202734087480786229e+01
4.674867070312500346e+02,-7.112456422868892503e+01
4.674870000000000232e+02,-7.684980113699204196e+01
4.674872929687500118e+02,-8.358999329567610914e+01
4.674875859375000005e+02,-7.645362926751589328e+01
4.674878789062499891e+02,-7.316775059033155060e+01
4.674881718750000346e+02,-5.799972580827865443e+01
4.674884648437500232e+02,-5.651603808922168781e+01
4.674887578125000118e+02,-6.686773448278005105e+01
4.674890507812500005e+02,-7.315689909420426318e+01
4.674893437499999891e+02,-6.609881674790192108e+01
4.674896367187500346e+02,-6.500680782066054064e+01
4.674899296875000232e+02,-6.676315531608550202e+01
4.674902226562500118e+02,-7.331951503071563536e+01
4.674905156250000005e+02,-7.303223363458678818e+01
4.674908085937499891e+02,-6.525779071078129334e+01
4.674911015625000346e+02,-6.667802583751884526e+01
4.674913945312500232e+02,-6.904834173625854987e+01
4.674916875000000118e+02,-6.098664814222367880e+01
4.674919804687500005e+02,-6.630655192488060834e+01
4.674922734374999891e+02,-6.838225459045769128e+01
4.674925664062500346e+02,-7.648281206623802575e+01
4.674928593750000232e+02,-7.204362870194110258e+01
4.674931523437500118e+02,-6.980393140524289208e+01
4.674934453125000005e+02,-7.571348397534113417e+01
4.674937382812499891e+02,-7.686508671212158106e+01
4.674940312500000346e+02,-8.399676430364166890e+01
4.674943242187500232e+02,-6.976172042538581763e+01
4.674946171875000118e+02,-7.332120990152135676e+01
4.674949101562500005e+02,-8.337190948974777882e+01
4.674952031249999891e+02,-8.700821028548796221e+01
4.674954960937500346e+02,-7.303794261105400665e+01
4.674957890625000232e+02,-6.804755901896507453e+01
4.674960820312500118e+02,-6.435074399540523871e+01
4.674963750000000005e+02,-6.533713530104628830e+01
4.674966679687499891e+02,-7.328722477042131800e+01
4.674969609375000346e+02,-6.742738990024932377e+01
4.674972539062500232e+02,-6.869169322183439874e+01
4.674975468750000118e+02,-7.435916797046490956e+01
4.674978398437500005e+02,-7.972133309447683303e+01
4.674981328124999891e+02,-7.073614674375997424e+01
4.674984257812500346e+02,-6.796974862828457731e+01
4.674987187500000232e+02,-6.904257382727200820e+01
4.674990117187500118e+02,-7.562820885415796113e+01
4.674993046875000005e+02,-6.693321174993802458e+01
4.674995976562499891e+02,-6.806442055276691860e+01
4.674998906250000346e+02,-7.620203198675528711e+01
4.675001835937500232e+02,-7.231256991031783343e+01
4.675004765625000118e+02,-7.090227966023955730e+01
4.675007695312500005e+02,-6.893456377553630432e+01
4.675010624999999891e+02,-6.842620657325564082e+01
4.675013554687500346e+02,-6.963206812151759095e+01
4.675016484375000232e+02,-6.473494065120316066e+01
4.675019414062500118e+02,-6.619993831451185429e+01
4.675022343750000005e+02,-7.094611817339101378e+01
4.675025273437499891e+02,-7.372596061737854711e+01
4.675028203125000346e+02,-6.947710979879590809e+01
4.675031132812500232e+02,-7.851158971436510114e+01
4.675034062500000118e+02,-7.286367379630083008e+01
4.675036992187500005e+02,-6.881469592058311946e+01
4.675039921874999891e+02,-8.112243320000460756e+01
4.675042851562500346e+02,-7.277663694734658861e+01
4.675045781250000232e+02,-7.288544147196913059e+01
4.675048710937500118e+02,-6.680747600382973417e+01
4.675051640625000005e+02,-6.417963423717858973e+01
4.675054570312499891e+02,-6.941003858352367217e+01
4.675057500000000346e+02,-6.963651863401135245e+01
4.675060429687500232e+02,-8.458875116911215741e+01
4.675063359375000118e+02,-7.895163259648464305e+01
4.675066289062500005e+02,-8.516882921605474621e+01
4.675069218749999891e+02,-7.684436084358961239e+01
4.675072148437500346e+02,-8.525291369958885923e+01
4.675075078125000232e+02,-6.819017768692843617e+01
4.675078007812500118e+02,-7.598631821310149803e+01
4.675080937500000005e+02,-6.872893566962021339e+01
4.675083867187499891e+02,-7.243279639357206179e+01
4.675086796875000346e+02,-6.831798121026196213e+01
4.675089726562500232e+02,-6.899013386251590418e+01
4.675092656250000118e+02,-6.569299618162881416e+01
4.675095585937500005e+02,-7.348298273290460259e+01
4.675098515624999891e+02,-7.031476408083103991e+01
4.675101445312500346e+02,-7.560107624572866314e+01
4.675104375000000232e+02,-6.610654967765911749e+01
4.675107304687500118e+02,-6.861926849502444270e+01
4.675110234375000005e+02,-7.132094418443661255e+01
4.675113164062499891e+02,-7.170574134027653201e+01
4.675116093750000346e+02,-7.448171392646108302e+01
4.675119023437500232e+02,-7.796842646042864544e+01
4.675121953125000118e+02,-7.284311330574016097e+01
4.675124882812500005e+02,-7.664415496612339496e+01
4.675127812499999891e+02,-7.555404290199444972e+01
4.675130742187500346e+02,-6.890232243927441402e+01
4.675133671875000232e+02,-7.057346584931120503e+01
4.675136601562500118e+02,-7.549841633538511587e+01
4.675139531250000005e+02,-6.913073738706434312e+01
4.675142460937499891e+02,-7.035571262996545272e+01
4.675145390625000346e+02,-7.769619552252525807e+01
4.675148320312500232e+02,-8.527681489962813544e+01
4.675151250000000118e+02,-8.047681118951504686e+01
4.675154179687500005e+02,-7.126957608741547290e+01
4.675157109374999891e+02,-7.054369940858435939e+01
4.675160039062500346e+02,-7.039113935754905071e+01
4.675162968750000232e+02,-7.049550996891062482e+01
4.675165898437500118e+02,-6.856784357454158396e+01
4.675168828125000005e+02,-6.653263027968557708e+01
4.675171757812499891e+02,-6.394751880577248926e+01
4.675174687500000346e+02,-6.998809287312056426e+01
4.675177617187500232e+02,-8.077630910320129942e+01
4.675180546875000118e+02,-7.090897492990266926e+01
4.675183476562500005e+02,-6.719170155540007272e+01
4.675186406249999891e+02,-6.829727495024931727e+01
4.675189335937500346e+02,-7.100459243926152908e+01
4.675192265625000232e+02,-7.562269874061176722e+01
4.675195195312500118e+02,-7.126913016160797554e+01
4.675198125000000005e+02,-6.431722006798541713e+01
4.675201054687499891e+02,-7.088176244513761048e+01
4.675203984375000346e+02,-6.965375879769636924e+01
4.675206914062500232e+02,-7.707625067791843776e+01
4.675209843750000118e+02,-7.221098038973106270e+01
4.675212773437500005e+02,-7.928218560746263677e+01
4.675215703124999891e+02,-7.803699524886673089e+01
4.675218632812500346e+02,-7.457077704897723436e+01
4.675221562500000232e+02,-7.227123862873303040e+01
4.675224492187500118e+02,-7.618650669315432822e+01
4.675227421875000005e+02,-7.126069927358452105e+01
4.675230351562499891e+02,-7.368163452922374290e+01
4.675233281250000346e+02,-7.924892459027446989e+01
4.675236210937500232e+02,-7.304164582378781745e+01
4.675239140625000118e+02,-6.971560066276119016e+01
4.675242070312500005e+02,-6.546286684384315890e+01
4.675244999999999891e+02,-6.451916215591162995e+01
4.675247929687500346e+02,-6.727745496627467503e+01
4.675250859375000232e+02,-6.809986802135395578e+01
4.675253789062500118e+02,-7.176893149076492762e+01
4.675256718750000005e+02,-6.651901616729864486e+01
4.675259648437499891e+02,-7.668183897598788690e+01
4.675262578125000346e+02,-7.007836249058108535e+01
4.675265507812500232e+02,-5.931009838049536853e+01
4.675268437500000118e+02,-6.126685176000950150e+01
4.675271367187500005e+02,-6.452662449588976301e+01
4.675274296874999891e+02,-6.347880456839314434e+01
4.675277226562500346e+02,-6.750508209881920152e+01
4.675280156250000232e+02,-7.542515397815085976e+01
4.675283085937500118e+02,-7.016093148911649280e+01
4.675286015625000005e+02,-6.811905778902703901e+01
4.675288945312499891e+02,-7.029080659345167703e+01
4.675291875000000346e+02,-6.602919402102040181e+01
4.675294804687500232e+02,-7.018089028283853281e+01
4.675297734375000118e+02,-7.042530218162798406e+01
4.675300664062500005e+02,-7.582177125504733795e+01
4.675303593749999891e+02,-7.310315640582038554e+01
4.675306523437500346e+02,-6.818892270266096034e+01
4.675309453125000232e+02,-6.671382693323381829e+01
4.675312382812500118e+02,-7.349492968214539701e+01
4.675315312500000005e+02,-6.860821383431826348e+01
4.675318242187499891e+02,-6.401569988210557938e+01
4.675321171875000346e+02,-6.518329751797141114e+01
4.675324101562500232e+02,-6.981547474735668857e+01
4.675327031250000118e+02,-7.480535275666480288e+01
4.675329960937500005e+02,-7.203525607292118593e+01
4.675332890624999891e+02,-6.598779857655695480e+01
4.675335820312500346e+02,-6.111144420589830162e+01
4.675338750000000232e+02,-6.309431360077525142e+01
4.675341679687500118e+02,-7.068768440171324130e+01
4.675344609375000005e+02,-8.241245639955990043e+01
4.675347539062499891e+02,-7.133028918306482069e+01
4.675350468750000346e+02,-6.611848953688823372e+01
4.675353398437500232e+02,-7.050782878211032312e+01
4.675356328125000118e+02,-7.425670177930159355e+01
4.675359257812500005e+02,-6.291176627315346082e+01
4.675362187499999891e+02,-6.367634111270385233e+01
4.675365117187500346e+02,-7.473402006348206328e+01
4.675368046875000232e+02,-6.908475084503555763e+01
4.675370976562500118e+02,-7.196390652682455880e+01
4.675373906250000005e+02,-6.748272723614407198e+01
4.675376835937499891e+02,-6.735623698939750170e+01
4.675379765625000346e+02,-6.855517980104399101e+01
4.675382695312500232e+02,-7.243194322255649809e+01
4.675385625000000118e+02,-6.481677659770548416e+01
4.675388554687500005e+02,-6.082945812168561872e+01
4.675391484374999891e+02,-6.416140976749726121e+01
4.675394414062500346e+02,-6.094470830762257663e+01
4.675397343750000232e+02,-6.638166735337262025e+01
4.675400273437500118e+02,-6.935994580903215478e+01
4.675403203125000005e+02,-6.713237016558790060e+01
4.675406132812499891e+02,-8.123270852397121189e+01
4.675409062500000346e+02,-7.336736623289155546e+01
4.675411992187500232e+02,-7.227514314127752471e+01
4.675414921875000118e+02,-6.763508835089172067e+01
4.675417851562500005e+02,-6.376080174875990991e+01
4.675420781249999891e+02,-6.237214355548193367e+01
4.675423710937500346e+02,-5.836148086747208197e+01
4.675426640625000232e+02,-5.716085615572562517e+01
4.675429570312500118e+02,-5.682165323472234064e+01
4.675432500000000005e+02,-6.316356658399668333e+01
4.675435429687499891e+02,-7.176511064787229088e+01
4.675438359375000346e+02,-8.020821762868388305e+01
4.675441289062500232e+02,-6.651716197411680298e+01
4.675444218750000118e+02,-6.599003953710669634e+01
4.675447148437500005e+02,-6.399498323885901385e+01
4.675450078124999891e+02,-6.402949324855019597e+01
4.675453007812500346e+02,-6.454765674020052302e+01
4.675455937500000232e+02,-6.339305120480907618e+01
4.675458867187500118e+02,-6.031635483938832465e+01
4.675461796875000005e+02,-6.190643147077125263e+01
4.675464726562499891e+02,-6.402346895273547034e+01
4.675467656250000346e+02,-7.194939942443818381e+01
4.675470585937500232e+02,-6.991085330703988632e+01
4.675473515625000118e+02,-6.397970536536458042e+01
4.675476445312500005e+02,-5.874829889099128621e+01
4.675479374999999891e+02,-5.831078041546913227e+01
4.675482304687500346e+02,-6.019256253297196224e+01
4.675485234375000232e+02,-6.496755522700691188e+01
4.675488164062500118e+02,-6.230899735285349550e+01
4.675491093750000005e+02,-6.252599386967436601e+01
4.675494023437499891e+02,-6.173474141177266716e+01
4.675496953125000346e+02,-6.741926859663865912e+01
4.675499882812500232e+02,-6.639442426043035539e+01
4.675502812500000118e+02,-6.630174866929169752e+01
4.675505742187500005e+02,-6.882414864278354116e+01
4.675508671874999891e+02,-6.392346696329275346e+01
4.675511601562500346e+02,-6.253280776697459942e+01
4.675514531250000232e+02,-6.389653577744000756e+01
4.675517460937500118e+02,-5.946333870806171262e+01
4.675520390625000005e+02,-6.386904029059552101e+01
4.675523320312499891e+02,-7.316754840842524743e+01
4.675526250000000346e+02,-5.988146996382590714e+01
4.675529179687500232e+02,-5.465355403999677719e+01
4.675532109375000118e+02,-6.059008463253177723e+01
4.675535039062500005e+02,-6.684807936410241780e+01
4.675537968749999891e+02,-6.725440538253485556e+01
4.675540898437500346e+02,-6.347693510626883295e+01
4.675543828125000232e+02,-5.852939462509419144e+01
4.675546757812500118e+02,-5.468810246191858226e+01
4.675549687500000005e+02,-5.713349553244862022e+01
4.675552617187499891e+02,-6.422619213404531990e+01
4.675555546875000346e+02,-6.892853625892097114e+01
4.675558476562500232e+02,-6.439776205326583636e+01
4.675561406250000118e+02,-5.645408390069729165e+01
4.675564335937500005e+02,-5.970732846349296352e+01
4.675567265624999891e+02,-5.462572500963656097e+01
4.675570195312500346e+02,-5.572550031823543293e+01
4.675573125000000232e+02,-6.239202747155894002e+01
4.675576054687500118e+02,-6.295781175211897107e+01
4.675578984375000005e+02,-5.469195699742859063e+01
4.675581914062499891e+02,-4.997800733881863522e+01
4.675584843750000346e+02,-5.717556252293518071e+01
4.675587773437500232e+02,-5.579459666654923211e+01
4.675590703125000118e+02,-5.848716635210464432e+01
4.675593632812500005e+02,-5.932176456281559496e+01
4.675596562499999891e+02,-5.839161604042467957e+01
4.675599492187500346e+02,-5.686727072060652688e+01
4.675602421875000232e+02,-5.512908117836097688e+01
4.675605351562500118e+02,-5.785033520612707747e+01
4.675608281250000005e+02,-6.104367405590459583e+01
4.675611210937499891e+02,-5.847520343769205908e+01
4.675614140625000346e+02,-5.804731451706011569e+01
4.675617070312500232e+02,-5.831735270611385857e+01
4.675620000000000118e+02,-5.944581088579602834e+01
4.675622929687500005e+02,-5.717995431647624116e+01
4.675625859374999891e+02,-6.052340564195564099e+01
4.675628789062500346e+02,-6.342420262292453259e+01
4.675631718750000232e+02,-6.994294537487425600e+01
4.675634648437500118e+02,-6.249640884718010625e+01
4.675637578125000005e+02,-7.625035128225169956e+01
4.675640507812499891e+02,-6.211420232281974307e+01
4.675643437500000346e+02,-7.331059712956846397e+01
4.675646367187500232e+02,-6.159907595351684506e+01
4.675649296875000118e+02,-6.999569355770864831e+01
4.675652226562500005e+02,-5.648647612741890356e+01
4.675655156249999891e+02,-5.618962550676830148e+01
4.675658085937500346e+02,-5.394100290277330600e+01
4.675661015625000232e+02,-6.056969889238779103e+01
4.675663945312500118e+02,-6.957427297475823025e+01
4.675666875000000005e+02,-5.879875122753379912e+01
4.675669804687499891e+02,-6.334849189649642653e+01
4.675672734375000346e+02,-5.949838857210497167e+01
4.675675664062500232e+02,-5.627787862494722049e+01
4.675678593750000118e+02,-5.752747312160322934e+01
4.675681523437500005e+02,-5.748294436561980092e+01
4.675684453124999891e+02,-6.935553686965442921e+01
4.675687382812500346e+02,-5.499864182463910822e+01
4.675690312500000232e+02,-5.548024322103727712e+01
4.675693242187500118e+02,-5.781005448768185317e+01
4.675696171875000005e+02,-6.545123288988155252e+01
4.675699101562499891e+02,-6.200278729071747819e+01
4.675702031250000346e+02,-5.597776941487472868e+01
4.675704960937500232e+02,-5.774544870739120483e+01
4.675707890625000118e+02,-5.479196191061792121e+01
4.675710820312500005e+02,-4.952058989597568939e+01
4.675713749999999891e+02,-4.677129896489118721e+01
4.675716679687500346e+02,-4.771602932894690241e+01
4.675719609375000232e+02,-5.427476086870908034e+01
4.675722539062500118e+02,-5.633887325357413545e+01
4.675725468750000005e+02,-6.001797343058101575e+01
4.675728398437499891e+02,-6.761598807581253823e+01
4.675731328125000346e+02,-7.198270781724352219e+01
4.675734257812500232e+02,-5.765182083253471745e+01
4.675737187500000118e+02,-6.511683850919366989e+01
4.675740117187500005e+02,-6.734146291252794470e+01
4.675743046874999891e+02,-5.532171365044600719e+01
4.675745976562500346e+02,-5.422099950825446513e+01
4.675748906250000232e+02,-5.353085602661839459e+01
4.675751835937500118e+02,-5.846266373231306090e+01
4.675754765625000005e+02,-6.246578633792771029e+01
4.675757695312499891e+02,-7.045082772443490171e+01
4.675760625000000346e+02,-5.582973800724072788e+01
4.675763554687500232e+02,-5.295059807820238262e+01
4.675766484375000118e+02,-5.287046597288887995e+01
4.675769414062500005e+02,-5.500232335843183762e+01
4.675772343749999891e+02,-6.230381577178000185e+01
4.675775273437500346e+02,-7.132072096706691866e+01
4.675778203125000232e+02,-6.829357940131016846e+01
4.675781132812500118e+02,-6.703584698166802980e+01
4.675784062500000005e+02,-6.196892953154276995e+01
4.675786992187499891e+02,-7.260046609061905087e+01
4.675789921875000346e+02,-7.557853512264672702e+01
4.675792851562500232e+02,-6.237674245517162319e+01
4.675795781250000118e+02,-5.064840099770190562e+01
4.675798710937500005e+02,-5.071355025004290695e+01
4.675801640624999891e+02,-5.105081456113198612e+01
4.675804570312500346e+02,-6.097269713309444228e+01
4.675807500000000232e+02,-7.321706127206702774e+01
4.675810429687500118e+02,-5.797080985915147977e+01
4.675813359375000005e+02,-5.689366293076464842e+01
4.675816289062499891e+02,-5.818464812621772353e+01
4.675819218750000346e+02,-4.631803896349678951e+01
4.675822148437500232e+02,-4.899034259836115268e+01
4.675825078125000118e+02,-6.177140498311818106e+01
4.675828007812500005e+02,-6.545017886749228353e+01
4.675830937499999891e+02,-6.176294979640221072e+01
4.675833867187500346e+02,-6.801419751449016360e+01
4.675836796875000232e+02,-7.228265558433841420e+01
4.675839726562500118e+02,-6.360460282712188729e+01
4.675842656250000005e+02,-6.455976286557934429e+01
4.675845585937499891e+02,-8.466657071452743821e+01
4.675848515625000346e+02,-5.759816207400943711e+01
4.675851445312500232e+02,-3.777403674448085269e+01
4.675854375000000118e+02,-3.089871775435199552e+01
4.675857304687500005e+02,-3.922095173897639597e+01
4.675860234374999891e+02,-6.391242445164582620e+01
4.675863164062500346e+02,-6.293662565257668007e+01
4.675866093750000232e+02,-6.514290116047384060e+01
4.675869023437500118e+02,-7.334702422783317388e+01
4.675871953125000005e+02,-6.369341217030607538e+01
4.675874882812499891e+02,-6.038205405758414912e+01
4.675877812500000346e+02,-6.096627530063547340e+01
4.675880742187500232e+02,-5.836264260268386295e+01
4.675883671875000118e+02,-6.064281622608139344e+01
4.675886601562500005e+02,-4.596238182063281386e+01
4.675889531249999891e+02,-4.343640069709614693e+01
4.675892460937500346e+02,-5.652374007378063681e+01
4.675895390625000232e+02,-6.329026893860030611e+01
4.675898320312500118e+02,-6.493865365338514550e+01
4.675901250000000005e+02,-6.256310851132042927e+01
4.675904179687499891e+02,-5.626555019592505147e+01
4.675907109375000346e+02,-5.492010630843817864e+01
4.675910039062500232e+02,-5.972419532789448482e+01
4.675912968750000118e+02,-6.429604945148892625e+01
4.675915898437500005e+02,-6.032377467568827711e+01
4.675918828124999891e+02,-6.072936589876236724e+01
4.675921757812500346e+02,-7.394409423666196801e+01
4.675924687500000232e+02,-6.913971715728665401e+01
4.675927617187500118e+02,-6.165894952763493819e+01
4.675930546875000005e+02,-5.821691050827709546e+01
4.675933476562499891e+02,-6.121144741084023622e+01
4.675936406250000346e+02,-5.817851670075577886e+01
4.675939335937500232e+02,-5.913928052199840124e+01
4.675942265625000118e+02,-5.666475712619549654e+01
4.675945195312500005e+02,-5.773438946207194533e+01
4.675948124999999891e+02,-6.685512857035115530e+01
4.675951054687500346e+02,-6.213439850241898910e+01
4.675953984375000232e+02,-5.549841944384438364e+01
4.675956914062500118e+02,-6.565484571941240688e+01
4.675959843750000005e+02,-5.801714469081184689e+01
4.675962773437499891e+02,-5.906464928530792236e+01
4.675965703125000346e+02,-5.873869263719119260e+01
4.675968632812500232e+02,-5.898114432719254552e+01
4.675971562500000118e+02,-5.464275903437663118e+01
4.675974492187500005e+02,-5.277880114939072342e+01
4.675977421874999891e+02,-5.902898065650636283e+01
4.675980351562500346e+02,-5.667384692403493318e+01
4.675983281250000232e+02,-5.866563013659402515e+01
4.675986210937500118e+02,-5.469807851595940917e+01
4.675989140625000005e+02,-5.200915993093880019e+01
4.675992070312499891e+02,-5.127348396984432100e+01
4.675995000000000346e+02,-5.135752821599356821e+01
4.675997929687500232e+02,-5.685614247845572322e+01
4.676000859375000118e+02,-6.818219612880747604e+01
4.676003789062500005e+02,-5.587827254669632993e+01
4.676006718749999891e+02,-5.092676520134840246e+01
4.676009648437500346e+02,-5.814366770098281734e+01
4.676012578125000232e+02,-6.096968571902245060e+01
4.676015507812500118e+02,-6.512902324749077820e+01
4.676018437500000005e+02,-6.107377832709189391e+01
4.676021367187499891e+02,-6.008786291968038995e+01
4.676024296875000346e+02,-5.909421501227680551e+01
4.676027226562500232e+02,-5.251498386229683746e+01
4.676030156250000118e+02,-5.535834321896327737e+01
4.676033085937500005e+02,-5.634826118976577902e+01
4.676036015624999891e+02,-5.731953062810488575e+01
4.676038945312500346e+02,-5.717088425917740580e+01
4.676041875000000232e+02,-5.776109389345532463e+01
4.676044804687500118e+02,-5.527140675190578634e+01
4.676047734375000005e+02,-5.392596954095083106e+01
4.676050664062499891e+02,-5.412443967686998292e+01
4.676053593750000346e+02,-5.749721274419676575e+01
4.676056523437500232e+02,-6.396662397038706871e+01
4.676059453125000118e+02,-6.948180176507625561e+01
4.676062382812500005e+02,-6.059727431170745149e+01
4.676065312499999891e+02,-6.535687049542025306e+01
4.676068242187500346e+02,-6.054075328639626008e+01
4.676071171875000232e+02,-6.494865093082817964e+01
4.676074101562500118e+02,-8.717073246970929290e+01
4.676077031250000005e+02,-5.954229951094941953e+01
4.676079960937499891e+02,-5.664969042501482477e+01
4.676082890625000346e+02,-5.653417233427151700e+01
4.676085820312500232e+02,-5.529379097066484405e+01
4.676088750000000118e+02,-6.260011839765362396e+01
4.676091679687500005e+02,-6.953733110564813558e+01
4.676094609374999891e+02,-6.490483609995490610e+01
4.676097539062500346e+02,-6.679848680493120128e+01
4.676100468750000232e+02,-5.717125782098601405e+01
4.676103398437500118e+02,-5.763132856145837479e+01
4.676106328125000005e+02,-5.796632984347204598e+01
4.676109257812499891e+02,-7.640578131255382743e+01
4.676112187500000346e+02,-5.904217915414812268e+01
4.676115117187500232e+02,-7.204916934934800565e+01
4.676118046875000118e+02,-6.601857684915336222e+01
4.676120976562500005e+02,-6.061004103423592682e+01
4.676123906249999891e+02,-7.480816365572745497e+01
4.676126835937500346e+02,-6.180837258275043666e+01
4.676129765625000232e+02,-5.820897209310111009e+01
4.676132695312500118e+02,-5.731328053487590779e+01
4.676135625000000005e+02,-5.681678054453900728e+01
4.676138554687499891e+02,-5.339179452504222922e+01
4.676141484375000346e+02,-5.204117338229167444e+01
4.676144414062500232e+02,-5.524722557845176851e+01
4.676147343750000118e+02,-5.416042891187125008e+01
4.676150273437500005e+02,-5.776708506420462186e+01
4.676153203124999891e+02,-6.328982394477552020e+01
4.676156132812500346e+02,-6.209208179818267581e+01
4.676159062500000232e+02,-5.793263869934360599e+01
4.676161992187500118e+02,-5.922739598052268661e+01
4.676164921875000005e+02,-6.391891271491314797e+01
4.676167851562499891e+02,-6.567489647375185768e+01
4.676170781250000346e+02,-6.043167437276935772e+01
4.676173710937500232e+02,-5.517207566823306308e+01
4.676176640625000118e+02,-5.609633573172327914e+01
4.676179570312500005e+02,-5.469528681645292068e+01
4.676182499999999891e+02,-6.302758314740538026e+01
4.676185429687500346e+02,-6.532298522814394914e+01
4.676188359375000232e+02,-5.923734387403990809e+01
4.676191289062500118e+02,-5.627874312570401116e+01
4.676194218750000005e+02,-5.876037779715775855e+01
4.676197148437499891e+02,-7.661403559030227939e+01
4.676200078125000346e+02,-6.679709326932186286e+01
4.676203007812500232e+02,-5.935453205629162454e+01
4.676205937500000118e+02,-6.186154749346030002e+01
4.676208867187500005e+02,-6.331775229667259453e+01
4.676211796874999891e+02,-6.139182384293138739e+01
4.676214726562500346e+02,-6.745251394151624424e+01
4.676217656250000232e+02,-6.255005665506865142e+01
4.676220585937500118e+02,-6.235098374684500300e+01
4.676223515625000005e+02,-6.369895317685544001e+01
4.676226445312499891e+02,-6.284693644165523096e+01
4.676229375000000346e+02,-6.887490012701215392e+01
4.676232304687500232e+02,-7.291987711195255883e+01
4.676235234375000118e+02,-6.776977521930122350e+01
4.676238164062500005e+02,-6.949720189243278412e+01
4.676241093749999891e+02,-7.426926516890060270e+01
4.676244023437500346e+02,-6.227238839434072304e+01
4.676246953125000232e+02,-7.180666823612691019e+01
4.676249882812500118e+02,-7.043477433488465067e+01
4.676252812500000005e+02,-6.843720662846997982e+01
4.676255742187499891e+02,-7.089160400973948128e+01
4.676258671875000346e+02,-7.071210696490945224e+01
4.676261601562500232e+02,-7.237456874680917451e+01
4.676264531250000118e+02,-6.466318873375175258e+01
4.676267460937500005e+02,-6.943122125677368217e+01
4.676270390624999891e+02,-7.373368748491748192e+01
4.676273320312500346e+02,-7.540260709011967322e+01
4.676276250000000232e+02,-6.083283023654964694e+01
4.676279179687500118e+02,-5.652955305402817032e+01
4.676282109375000005e+02,-6.286408082251065821e+01
4.676285039062499891e+02,-7.342155947976213781e+01
4.676287968750000346e+02,-6.262682431319161935e+01
4.676290898437500232e+02,-6.622276704308391970e+01
4.676293828125000118e+02,-6.841002318614482647e+01
4.676296757812500005e+02,-6.975178578928637307e+01
4.676299687499999891e+02,-7.112891294613250182e+01
4.676302617187500346e+02,-8.357059138434047441e+01
4.676305546875000232e+02,-7.869811548851461680e+01
4.676308476562500118e+02,-7.302105811300042149e+01
4.676311406250000005e+02,-6.994791033662147584e+01
4.676314335937499891e+02,-6.311583379135522875e+01
4.676317265625000346e+02,-6.191714459529497105e+01
4.676320195312500232e+02,-6.534679523654648392e+01
4.676323125000000118e+02,-6.767869501918292485e+01
4.676326054687500005e+02,-6.976482717821913582e+01
4.676328984374999891e+02,-7.095029723810452538e+01
4.676331914062500346e+02,-7.559524217203804142e+01
4.676334843750000232e+02,-7.381284140482267730e+01
4.676337773437500118e+02,-7.023915208686311473e+01
4.676340703125000005e+02,-7.065094587295943995e+01
4.676343632812499891e+02,-6.784396582876715343e+01
4.676346562500000346e+02,-7.313405816449039776e+01
4.676349492187500232e+02,-7.285974237887043614e+01
4.676352421875000118e+02,-6.949493248641596210e+01
4.676355351562500005e+02,-8.994623471674171356e+01
4.676358281249999891e+02,-8.047771824428453158e+01
4.676361210937500346e+02,-7.986110458506188081e+01
4.676364140625000232e+02,-7.046177623951463431e+01
4.676367070312500118e+02,-7.052912042866742581e+01
4.676370000000000005e+02,-6.402435994650647899e+01
4.676372929687499891e+02,-6.958983480722697834e+01
4.676375859375000346e+02,-8.020163931517309663e+01
4.676378789062500232e+02,-6.993566558940165123e+01
4.676381718750000118e+02,-6.522119809426760639e+01
4.676384648437500005e+02,-6.873244947273393279e+01
4.676387578124999891e+02,-8.151726069132614327e+01
4.676390507812500346e+02,-7.885285583055949132e+01
4.676393437500000232e+02,-7.550887559161145646e+01
4.676396367187500118e+02,-7.411887893333103250e+01
4.676399296875000005e+02,-7.726606389230286709e+01
4.676402226562499891e+02,-7.961851730378174352e+01
4.676405156250000346e+02,-6.966924888052326992e+01
4.676408085937500232e+02,-7.076353610830716434e+01
4.676411015625000118e+02,-7.193450823183604825e+01
4.676413945312500005e+02,-7.449749349362437556e+01
4.676416874999999891e+02,-6.921083225820203211e+01
4.676419804687500346e+02,-6.780656075055908616e+01
4.676422734375000232e+02,-7.169657376822631534e+01
4.676425664062500118e+02,-6.815473350650930229e+01
4.676428593750000005e+02,-7.905792032988969709e+01
4.676431523437499891e+02,-6.750609519176505557e+01
4.676434453125000346e+02,-7.024458806685740342e+01
4.676437382812500232e+02,-9.225891783514825306e+01
4.676440312500000118e+02,-6.783174362898451193e+01
4.676443242187500005e+02,-6.658420806961885319e+01
4.676446171874999891e+02,-6.981184190219359209e+01
4.676449101562500346e+02,-7.794494366406334507e+01
4.676452031250000232e+02,-7.202208011812247435e+01
4.676454960937500118e+02,-8.794965221786898724e+01
4.676457890625000005e+02,-7.940443981515787186e+01
4.676460820312499891e+02,-6.785328519311610762e+01
4.676463750000000346e+02,-7.613868493107617041e+01
4.676466679687500232e+02,-7.092203979250541579e+01
4.676469609375000118e+02,-7.036243295624267091e+01
4.676472539062500005e+02,-7.081987427794041423e+01
4.676475468749999891e+02,-6.773800019778164483e+01
4.676478398437500346e+02,-7.065787860817145827e+01
4.676481328125000232e+02,-8.471306042562980565e+01
4.676484257812500118e+02,-8.069671838236959616e+01
4.676487187500000005e+02,-7.181682704228423120e+01
4.676490117187499891e+02,-7.330809297106789302e+01
4.676493046875000346e+02,-8.561109715683885213e+01
4.676495976562500232e+02,-7.833478006563102269e+01
4.676498906250000118e+02,-7.337167245137882787e+01
4.676501835937500005e+02,-7.418127513005924811e+01
4.676504765624999891e+02,-7.583411226342822431e+01
4.676507695312500346e+02,-6.843509814529912205e+01
4.676510625000000232e+02,-5.922284182680839848e+01
4.676513554687500118e+02,-6.229048831778439421e+01
4.676516484375000005e+02,-6.951812288514881288e+01
4.676519414062499891e+02,-6.920400915177962986e+01
4.676522343750000346e+02,-6.875602881607343875e+01
4.676525273437500232e+02,-7.330031016692402090e+01
4.676528203125000118e+02,-7.528233919869511226e+01
4.676531132812500005e+02,-7.548900700085792437e+01
4.676534062499999891e+02,-7.122947552665779369e+01
4.676536992187500346e+02,-7.007732967942256153e+01
4.676539921875000232e+02,-7.592388599266270433e+01
4.676542851562500118e+02,-7.420973841153104900e+01
4.676545781250000005e+02,-6.737881803919771073e+01
4.676548710937499891e+02,-8.287056531285614369e+01
4.676551640625000346e+02,-8.248008087486289241e+01
4.676554570312500232e+02,-7.765831189657637879e+01
4.676557500000000118e+02,-7.195267464144725977e+01
4.676560429687500005e+02,-6.991395096080482574e+01
4.676563359374999891e+02,-7.163766095136762146e+01
4.676566289062500346e+02,-8.360371091715205694e+01
4.676569218750000232e+02,-6.456516147546993523e+01
4.676572148437500118e+02,-6.576221537572747877e+01
4.676575078125000005e+02,-6.576577666639727227e+01
4.676578007812499891e+02,-8.023814965775321184e+01
4.676580937500000346e+02,-7.934477822769663646e+01
4.676583867187500232e+02,-7.891697490198779974e+01
4.676586796875000118e+02,-8.202753474674699419e+01
4.676589726562500005e+02,-7.888690950579675132e+01
4.676592656249999891e+02,-7.325267880331820436e+01
4.676595585937500346e+02,-7.020862387338611654e+01
4.676598515625000232e+02,-7.166514910975243424e+01
4.676601445312500118e+02,-7.587655351977268481e+01
4.676604375000000005e+02,-6.619254884152930174e+01
4.676607304687499891e+02,-7.376999606005830401e+01
4.676610234375000346e+02,-7.384199224950495477e+01
4.676613164062500232e+02,-7.326108290454817507e+01
4.676616093750000118e+02,-8.544024938716157180e+01
4.676619023437500005e+02,-7.578203243001271971e+01
4.676621953124999891e+02,-7.445857924867384270e+01
4.676624882812500346e+02,-7.265889739439039374e+01
4.676627812500000232e+02,-6.849489852885619712e+01
4.676630742187500118e+02,-6.963171228221555964e+01
4.676633671875000005e+02,-7.230818984175330399e+01
4.676636601562499891e+02,-6.818321419534952099e+01
4.676639531250000346e+02,-6.727664122845561678e+01
4.676642460937500232e+02,-7.217439247583440931e+01
4.676645390625000118e+02,-7.347917085942442839e+01
4.676648320312500005e+02,-7.240013113602117301e+01
4.676651249999999891e+02,-7.441250393869664492e+01
4.676654179687500346e+02,-7.017459999959085337e+01
4.676657109375000232e+02,-6.678713513563420179e+01
4.676660039062500118e+02,-6.891601216580842504e+01
4.676662968750000005e+02,-6.944543909296996276e+01
4.676665898437499891e+02,-7.386843454228329620e+01
4.676668828125000346e+02,-7.969247449606230305e+01
4.676671757812500232e+02,-7.716026413660148364e+01
4.676674687500000118e+02,-7.204049323035913233e+01
4.676677617187500005e+02,-7.372817361008304715e+01
4.676680546874999891e+02,-7.101989962506296195e+01
4.676683476562500346e+02,-6.574156128542512079e+01
4.676686406250000232e+02,-6.977556515551779626e+01
4.676689335937500118e+02,-7.023672688224250749e+01
4.676692265625000005e+02,-7.341054278789142984e+01
4.676695195312499891e+02,-7.687328008359618536e+01
4.676698125000000346e+02,-6.897623118493201844e+01
4.676701054687500232e+02,-6.529838498018959569e+01
4.676703984375000118e+02,-6.642551121688758542e+01
4.676706914062500005e+02,-8.275885044677808366e+01
4.676709843749999891e+02,-7.087370092968586732e+01
4.676712773437500346e+02,-6.846219910226632521e+01
4.676715703125000232e+02,-7.290562939749972315e+01
4.676718632812500118e+02,-7.709801931184631485e+01
4.676721562500000005e+02,-7.862591862799824582e+01
4.676724492187499891e+02,-7.568824603530454453e+01
4.676727421875000346e+02,-7.340572590646448248e+01
4.676730351562500232e+02,-6.889753531768343464e+01
4.676733281250000118e+02,-6.792686400551025372e+01
4.676736210937500005e+02,-7.389728931437414872e+01
4.676739140624999891e+02,-7.046354976672564874e+01
4.676742070312500346e+02,-6.466109761492381836e+01
4.676745000000000232e+02,-6.390214599679551100e+01
4.676747929687500118e+02,-6.853796713930611872e+01
4.676750859375000005e+02,-6.958126815027537759e+01
4.676753789062499891e+02,-6.899611124687400832e+01
4.676756718750000346e+02,-7.472752788004198976e+01
4.676759648437500232e+02,-9.197134193185809181e+01
4.676762578125000118e+02,-7.653945621305136626e+01
4.676765507812500005e+02,-8.632014505822968431e+01
4.676768437499999891e+02,-7.636606351881849264e+01
4.676771367187500346e+02,-7.457655837554679579e+01
4.676774296875000232e+02,-7.976951402278079684e+01
4.676777226562500118e+02,-7.952935922452715545e+01
4.676780156250000005e+02,-7.915700311605739614e+01
4.676783085937499891e+02,-7.518491666653980587e+01
4.676786015625000346e+02,-7.452919803392957476e+01
4.676788945312500232e+02,-7.447676568776222439e+01
4.676791875000000118e+02,-7.365089923332581634e+01
4.676794804687500005e+02,-7.428254641696635474e+01
4.676797734374999891e+02,-7.883545961488989917e+01
4.676800664062500346e+02,-7.954339228256473859e+01
4.676803593750000232e+02,-7.714569962054436303e+01
4.676806523437500118e+02,-7.288525241293193346e+01
4.676809453125000005e+02,-6.803477954426371355e+01
4.676812382812499891e+02,-7.196361253674302816e+01
4.676815312500000346e+02,-7.609350985804825029e+01
4.676818242187500232e+02,-7.396328467866550227e+01
4.676821171875000118e+02,-7.708519161242905682e+01
4.676824101562500005e+02,-7.011114901735335536e+01
4.676827031249999891e+02,-7.115031392801229515e+01
4.676829960937500346e+02,-8.167076872368967599e+01
4.676832890625000232e+02,-7.162750651836446991e+01
4.676835820312500118e+02,-7.378789352412613312e+01
4.676838750000000005e+02,-8.188387813700066431e+01
4.676841679687499891e+02,-6.650994404223477829e+01
4.676844609375000346e+02,-6.338468464029297422e+01
4.676847539062500232e+02,-6.865066529762697201e+01
4.676850468750000118e+02,-7.220218924622291468e+01
4.676853398437500005e+02,-7.537980292461446652e+01
4.676856328124999891e+02,-7.095739869352391338e+01
4.676859257812500346e+02,-7.256168668434796132e+01
4.676862187500000232e+02,-6.966486757920846173e+01
4.676865117187500118e+02,-7.606449670561070775e+01
4.676868046875000005e+02,-6.804926406693218155e+01
4.676870976562499891e+02,-6.688207053871991548e+01
4.676873906250000346e+02,-7.141707736834528930e+01
4.676876835937500232e+02,-6.915794811908371287e+01
4.676879765625000118e+02,-7.557782526191117256e+01
4.676882695312500005e+02,-7.771186926691582642e+01
4.676885624999999891e+02,-6.853148471790360929e+01
4.676888554687500346e+02,-7.350950145264313562e+01
4.676891484375000232e+02,-8.047734400838736235e+01
4.676894414062500118e+02,-6.956138699914441759e+01
4.676897343750000005e+02,-6.727098821755106428e+01
4.676900273437499891e+02,-6.672576242588243645e+01
4.676903203125000346e+02,-6.977319001549966515e+01
4.676906132812500232e+02,-8.230101998418085429e+01
4.676909062500000118e+02,-8.316119298274250582e+01
4.676911992187500005e+02,-7.477108245788829777e+01
4.676914921874999891e+02,-8.176589819194529696e+01
4.676917851562500346e+02,-8.250825142344014296e+01
4.676920781250000232e+02,-7.553179152724040080e+01
4.676923710937500118e+02,-6.931030000649818135e+01
4.676926640625000005e+02,-6.851600511581149533e+01
4.676929570312499891e+02,-6.940585354754972514e+01
4.676932500000000346e+02,-7.073917826658191643e+01
4.676935429687500232e+02,-7.126761412322839817e+01
4.676938359375000118e+02,-7.465021887350192742e+01
4.676941289062500005e+02,-6.961177096099687844e+01
4.676944218749999891e+02,-7.690205915092361977e+01
4.676947148437500346e+02,-6.969754624625947770e+01
4.676950078125000232e+02,-7.072776203649480919e+01
4.676953007812500118e+02,-7.112417954884693927e+01
4.676955937500000005e+02,-7.089469215791181966e+01
4.676958867187499891e+02,-7.419532360689393613e+01
4.676961796875000346e+02,-6.779590012592939274e+01
4.676964726562500232e+02,-6.619819013071777647e+01
4.676967656250000118e+02,-6.980767653432683062e+01
4.676970585937500005e+02,-7.898483715140859829e+01
4.676973515624999891e+02,-7.152843295699013026e+01
4.676976445312500346e+02,-7.198808436642383413e+01
4.676979375000000232e+02,-7.738155646558999479e+01
4.676982304687500118e+02,-7.668192407270343836e+01
4.676985234375000005e+02,-8.582612962520323663e+01
4.676988164062499891e+02,-7.346216129621291202e+01
4.676991093750000346e+02,-7.348023178552841728e+01
4.676994023437500232e+02,-8.302877109467880246e+01
4.676996953125000118e+02,-7.639849162245798198e+01
4.676999882812500005e+02,-7.231671138156742984e+01
4.677002812499999891e+02,-8.513181821665213533e+01
4.677005742187500346e+02,-8.261636395129886523e+01
4.677008671875000232e+02,-8.437636124446680697e+01
4.677011601562500118e+02,-7.779308860291165217e+01
4.677014531250000005e+02,-7.032957804828558324e+01
4.677017460937499891e+02,-7.374340810879873231e+01
4.677020390625000346e+02,-6.834885552114130292e+01
4.677023320312500232e+02,-6.728670403236463926e+01
4.677026250000000118e+02,-6.532156379122369572e+01
4.677029179687500005e+02,-7.117159994934772271e+01
4.677032109374999891e+02,-7.652844749494175858e+01
4.677035039062500346e+02,-8.906025845732118285e+01
4.677037968750000232e+02,-7.025670383374321659e+01
4.677040898437500118e+02,-6.617454176199261440e+01
4.677043828125000005e+02,-6.791434638171382687e+01
4.677046757812499891e+02,-7.159950952734274665e+01
4.677049687500000346e+02,-7.476998031902121511e+01
4.677052617187500232e+02,-8.306895330794075960e+01
4.677055546875000118e+02,-7.094630677266974317e+01
4.677058476562500005e+02,-7.259836147339092349e+01
4.677061406249999891e+02,-8.190361812081421533e+01
4.677064335937500346e+02,-7.444500590562458342e+01
4.677067265625000232e+02,-8.263957015646724358e+01
4.677070195312500118e+02,-7.320161659890062822e+01
4.677073125000000005e+02,-7.018626277994620466e+01
4.677076054687499891e+02,-7.604241576740501785e+01
4.677078984375000346e+02,-7.905216509202995212e+01
4.677081914062500232e+02,-7.671670113660168511e+01
4.677084843750000118e+02,-7.406966905657792211e+01
4.677087773437500005e+02,-7.484612607134204154e+01
4.677090703124999891e+02,-7.428632692942400695e+01
4.677093632812500346e+02,-7.346948714196426522e+01
4.677096562500000232e+02,-7.191000293789348063e+01
4.677099492187500118e+02,-7.992145148189510451e+01
4.677102421875000005e+02,-8.507790367341867466e+01
4.677105351562499891e+02,-7.767296507644239512e+01
4.677108281250000346e+02,-7.957982398632431398e+01
4.677111210937500232e+02,-7.390901507840131046e+01
4.677114140625000118e+02,-7.196708917212072265e+01
4.677117070312500005e+02,-7.276267120377633546e+01
4.677119999999999891e+02,-7.603598338027772741e+01
4.677122929687500346e+02,-7.801157789929347075e+01
4.677125859375000232e+02,-7.383305655513761678e+01
4.677128789062500118e+02,-7.805428711566003130e+01
4.677131718750000005e+02,-7.361515570455962632e+01
4.677134648437499891e+02,-7.647420724998950448e+01
4.677137578125000346e+02,-8.858085272498394147e+01
4.677140507812500232e+02,-8.247905871778534959e+01
4.677143437500000118e+02,-7.710209832462884094e+01
4.677146367187500005e+02,-7.604953403742823070e+01
4.677149296874999891e+02,-8.156429944091553352e+01
4.677152226562500346e+02,-8.585593360709212618e+01
4.677155156250000232e+02,-7.728219949258344457e+01
4.677158085937500118e+02,-7.467144059274838241e+01
4.677161015625000005e+02,-7.442019043719557203e+01
4.677163945312499891e+02,-7.307089377048691858e+01
4.677166875000000346e+02,-7.505850192958428124e+01
4.677169804687500232e+02,-7.559974629417537528e+01
4.677172734375000118e+02,-7.020661919483765701e+01
4.677175664062500005e+02,-7.208184140674676144e+01
4.677178593749999891e+02,-7.147860711067635009e+01
4.677181523437500346e+02,-6.941603219862108176e+01
4.677184453125000232e+02,-6.979978548085216516e+01
4.677187382812500118e+02,-7.400614263476145993e+01
4.677190312500000005e+02,-7.829273819467741191e+01
4.677193242187499891e+02,-7.691926842686102361e+01
4.677196171875000346e+02,-7.489040850709723429e+01
4.677199101562500232e+02,-8.755000775809699576e+01
4.677202031250000118e+02,-8.345035053962914162e+01
4.677204960937500005e+02,-7.584487282997844204e+01
4.677207890624999891e+02,-8.402197164135031926e+01
4.677210820312500346e+02,-7.716015231392923113e+01
4.677213750000000232e+02,-7.550486867626126752e+01
4.677216679687500118e+02,-7.794892628013725755e+01
4.677219609375000005e+02,-7.424148033428227222e+01
4.677222539062499891e+02,-9.330325951547932561e+01
4.677225468750000346e+02,-7.647516213041213007e+01
4.677228398437500232e+02,-8.109826483656522100e+01
4.677231328125000118e+02,-8.491145991206502686e+01
4.677234257812500005e+02,-8.207268087314760407e+01
4.677237187499999891e+02,-7.278786900859417131e+01
4.677240117187500346e+02,-7.608445295413771703e+01
4.677243046875000232e+02,-7.525846961211686903e+01
4.677245976562500118e+02,-7.789349721848223851e+01
4.677248906250000005e+02,-8.014522343698318707e+01
4.677251835937499891e+02,-7.716632412147281173e+01
4.677254765625000346e+02,-8.626567568223669014e+01
4.677257695312500232e+02,-7.379008748408219276e+01
4.677260625000000118e+02,-6.895328131544407313e+01
4.677263554687500005e+02,-6.988269142246704746e+01
4.677266484374999891e+02,-7.457071367093118397e+01
4.677269414062500346e+02,-8.109190420263323062e+01
4.677272343750000232e+02,-7.785377312499844038e+01
4.677275273437500118e+02,-8.567575177816289056e+01
4.677278203125000005e+02,-8.702977648195592053e+01
4.677281132812499891e+02,-7.895821116668589923e+01
4.677284062500000346e+02,-8.180059291605013527e+01
4.677286992187500232e+02,-7.525228163921782709e+01
4.677289921875000118e+02,-7.558633472940611853e+01
4.677292851562500005e+02,-8.750583534835061528e+01
4.677295781249999891e+02,-7.779835402103265096e+01
4.677298710937500346e+02,-7.279654587764299833e+01
4.677301640625000232e+02,-6.990581108655840126e+01
4.677304570312500118e+02,-7.078387085685278635e+01
4.677307500000000005e+02,-7.814504051553319641e+01
4.677310429687499891e+02,-7.127501007972188063e+01
4.677313359375000346e+02,-6.887568740551905933e+01
4.677316289062500232e+02,-7.857256548628940607e+01
4.677319218750000118e+02,-7.256419975835468961e+01
4.677322148437500005e+02,-7.189340218265036242e+01
4.677325078124999891e+02,-7.439384892854303644e+01
4.677328007812500346e+02,-8.454430268400233217e+01
4.677330937500000232e+02,-8.232275335059256349e+01
4.677333867187500118e+02,-8.499280712896528200e+01
4.677336796875000005e+02,-8.110568148391780596e+01
4.677339726562499891e+02,-7.601413174765524161e+01
4.677342656250000346e+02,-9.032797076048339591e+01
4.677345585937500232e+02,-7.904240444829176226e+01
4.677348515625000118e+02,-7.503707930827533801e+01
4.677351445312500005e+02,-7.309840479845071570e+01
4.677354374999999891e+02,-7.672885467596150022e+01
4.677357304687500346e+02,-7.446243054110458104e+01
4.677360234375000232e+02,-6.981927152827155680e+01
4.677363164062500118e+02,-7.210266944580169479e+01
4.677366093750000005e+02,-7.541935564428140992e+01
4.677369023437499891e+02,-8.465768169724086079e+01
4.677371953125000346e+02,-7.351349838241310408e+01
4.677374882812500232e+02,-7.285482607780751607e+01
4.677377812500000118e+02,-7.550717660609926440e+01
4.677380742187500005e+02,-7.908518262568604484e+01
4.677383671874999891e+02,-8.162061167680590756e+01
4.677386601562500346e+02,-7.616533252268257570e+01
4.677389531250000232e+02,-7.551329530574922444e+01
4.677392460937500118e+02,-7.283967288302804377e+01
4.677395390625000005e+02,-7.830713239906530987e+01
4.677398320312499891e+02,-7.941612210925131876e+01
4.677401250000000346e+02,-8.329757267004964660e+01
4.677404179687500232e+02,-8.880056981382260517e+01
4.677407109375000118e+02,-7.789465088240416435e+01
4.677410039062500005e+02,-7.815166736508248846e+01
4.677412968749999891e+02,-7.918882980480648826e+01
4.677415898437500346e+02,-7.942126650374250119e+01
4.677418828125000232e+02,-7.385450844199569076e+01
4.677421757812500118e+02,-7.254054373964476099e+01
4.677424687500000005e+02,-7.339926064402376937e+01
4.677427617187499891e+02,-8.086783399694687091e+01
4.677430546875000346e+02,-7.227173091408201344e+01
4.677433476562500232e+02,-7.975723415985000031e+01
4.677436406250000118e+02,-7.937725873415159583e+01
4.677439335937500005e+02,-7.355292114023222894e+01
4.677442265624999891e+02,-8.727593188854947925e+01
4.677445195312500346e+02,-7.138655130570174379e+01
4.677448125000000232e+02,-7.050278464815292523e+01
4.677451054687500118e+02,-7.274729607403109810e+01
4.677453984375000005e+02,-8.232835664956637345e+01
4.677456914062499891e+02,-8.239837045707221819e+01
4.677459843750000346e+02,-7.568155375619757308e+01
4.677462773437500232e+02,-7.137209795735122952e+01
4.677465703125000118e+02,-6.986285712580139773e+01
4.677468632812500005e+02,-7.485538289100273346e+01
4.677471562499999891e+02,-7.184005424301682297e+01
4.677474492187500346e+02,-7.251213031547150933e+01
4.677477421875000232e+02,-7.947218932090420651e+01
4.677480351562500118e+02,-7.313287604608849790e+01
4.677483281250000005e+02,-7.266267040425947243e+01
4.677486210937499891e+02,-7.250109674504899715e+01
4.677489140625000346e+02,-7.234622444833453869e+01
4.677492070312500232e+02,-7.251604756171231259e+01
4.677495000000000118e+02,-7.167408148429122150e+01
4.677497929687500005e+02,-7.818753994354065640e+01
4.677500859374999891e+02,-7.721943866739255213e+01
4.677503789062500346e+02,-7.712845233570865844e+01
4.677506718750000232e+02,-8.284313230914251847e+01
4.677509648437500118e+02,-8.165119363487305293e+01
4.677512578125000005e+02,-7.404584670252914691e+01
4.677515507812499891e+02,-7.156498262703431124e+01
4.677518437500000346e+02,-7.177580142115455430e+01
4.677521367187500232e+02,-7.348100868996063184e+01
4.677524296875000118e+02,-7.599238986215338798e+01
4.677527226562500005e+02,-7.882285573325651740e+01
4.677530156249999891e+02,-8.329138864356937688e+01
4.677533085937500346e+02,-7.690436044247631742e+01
4.677536015625000232e+02,-7.745660278921620545e+01
4.677538945312500118e+02,-8.002967513377365094e+01
4.677541875000000005e+02,-7.940543816860702009e+01
4.677544804687499891e+02,-7.876730004284256381e+01
4.677547734375000346e+02,-8.093921192491302463e+01
4.677550664062500232e+02,-7.941658321936392895e+01
4.677553593750000118e+02,-8.380386634324526085e+01
4.677556523437500005e+02,-7.375242156778351443e+01
4.677559453124999891e+02,-7.965500163259262933e+01
4.677562382812500346e+02,-1.026311481723127628e+02
4.677565312500000232e+02,-8.315234791353093158e+01
4.677568242187500118e+02,-7.862107419673604625e+01
4.677571171875000005e+02,-8.816099686257717849e+01
4.677574101562499891e+02,-7.416439918506438289e+01
4.677577031250000346e+02,-7.951978244835041210e+01
4.677579960937500232e+02,-8.647993960080709996e+01
4.677582890625000118e+02,-8.233235663231187118e+01
4.677585820312500005e+02,-7.914018248767202124e+01
4.677588749999999891e+02,-7.533718360729940855e+01
4.677591679687500346e+02,-7.132147357799057374e+01
4.677594609375000232e+02,-6.808726839509085949e+01
4.677597539062500118e+02,-7.155562349738355010e+01
4.677600468750000005e+02,-7.637715309005469067e+01
4.677603398437499891e+02,-7.654355423979160378e+01
4.677606328125000346e+02,-7.464361413506578913e+01
4.677609257812500232e+02,-7.546501123460528504e+01
4.677612187500000118e+02,-7.930393066758945508e+01
4.677615117187500005e+02,-7.850739914756692883e+01
4.677618046874999891e+02,-9.079406057665033813e+01
4.677620976562500346e+02,-7.769494397548258746e+01
4.677623906250000232e+02,-8.432555153604235443e+01
4.677626835937500118e+02,-7.942527506951699934e+01
4.677629765625000005e+02,-7.878738654067254288e+01
4.677632695312499891e+02,-8.003489662830682505e+01
4.677635625000000346e+02,-8.356249079615801634e+01
4.677638554687500232e+02,-8.897904989196094050e+01
4.677641484375000118e+02,-7.581818690228806190e+01
4.677644414062500005e+02,-7.279239502106536008e+01
4.677647343749999891e+02,-7.502535658861953038e+01
4.677650273437500346e+02,-7.483350816612488643e+01
4.677653203125000232e+02,-7.531372535275139057e+01
4.677656132812500118e+02,-7.206444864222828528e+01
4.677659062500000005e+02,-7.463584246650064813e+01
4.677661992187499891e+02,-7.883073208136518417e+01
4.677664921875000346e+02,-7.666105904370510871e+01
4.677667851562500232e+02,-7.555303568463175168e+01
4.677670781250000118e+02,-7.426638981563417019e+01
4.677673710937500005e+02,-8.280868993384726195e+01
4.677676640624999891e+02,-7.812708647669694528e+01
4.677679570312500346e+02,-7.388763015195728201e+01
4.677682500000000232e+02,-7.561302453958448666e+01
4.677685429687500118e+02,-8.140661798717466979e+01
4.677688359375000005e+02,-8.018128255831372542e+01
4.677691289062499891e+02,-8.383473708108651579e+01
4.677694218750000346e+02,-7.972014032759641111e+01
4.677697148437500232e+02,-8.833170381835762441e+01
4.677700078125000118e+02,-8.001528196076974098e+01
4.677703007812500005e+02,-7.480618954955625100e+01
4.677705937499999891e+02,-7.157138550987355075e+01
4.677708867187500346e+02,-7.041261796112819127e+01
4.677711796875000232e+02,-7.753576294153495496e+01
4.677714726562500118e+02,-9.112393757460824872e+01
4.677717656250000005e+02,-8.416511552810126773e+01
4.677720585937499891e+02,-7.947074020179563547e+01
4.677723515625000346e+02,-7.548793905211758215e+01
4.677726445312500232e+02,-9.353481200018977404e+01
4.677729375000000118e+02,-7.081540851215279986e+01
4.677732304687500005e+02,-6.947222010766584788e+01
4.677735234374999891e+02,-7.692433173238647726e+01
4.677738164062500346e+02,-7.472384231469020222e+01
4.677741093750000232e+02,-7.223038699060425927e+01
4.677744023437500118e+02,-7.514016544689670241e+01
4.677746953125000005e+02,-8.425403706960901218e+01
4.677749882812499891e+02,-7.420686691495950527e+01
4.677752812500000346e+02,-8.617256752361569738e+01
4.677755742187500232e+02,-8.079139708231969053e+01
4.677758671875000118e+02,-7.984933443707197398e+01
4.677761601562500005e+02,-7.865814631148010960e+01
4.677764531249999891e+02,-7.668166573331797053e+01
4.677767460937500346e+02,-8.439341529930045738e+01
4.677770390625000232e+02,-7.652967880230778519e+01
4.677773320312500118e+02,-8.733714352738685704e+01
4.677776250000000005e+02,-8.248947751838014142e+01
4.677779179687499891e+02,-8.223229686560603113e+01
4.677782109375000346e+02,-8.627903944937513359e+01
4.677785039062500232e+02,-8.354415430847593882e+01
4.677787968750000118e+02,-8.587114613298521704e+01
4.677790898437500005e+02,-7.726194599468445290e+01
4.677793828124999891e+02,-7.575803914929932148e+01
4.677796757812500346e+02,-8.302473840252908133e+01
4.677799687500000232e+02,-7.361218955834439726e+01
4.677802617187500118e+02,-7.330907130083754453e+01
4.677805546875000005e+02,-7.657492340358464844e+01
4.677808476562499891e+02,-8.123516553162741616e+01
4.677811406250000346e+02,-7.106565512772262139e+01
4.677814335937500232e+02,-7.141497575502481254e+01
4.677817265625000118e+02,-8.153771467172818177e+01
4.677820195312500005e+02,-8.769101843675113628e+01
4.677823124999999891e+02,-8.210500281382842047e+01
4.677826054687500346e+02,-7.756229539723318567e+01
4.677828984375000232e+02,-7.730798805058434198e+01
4.677831914062500118e+02,-8.559181069999853264e+01
4.677834843750000005e+02,-8.181242341604649937e+01
4.677837773437499891e+02,-8.626587559141002259e+01
4.677840703125000346e+02,-8.426605649319594704e+01
4.677843632812500232e+02,-9.508710571570384218e+01
4.677846562500000118e+02,-7.808186267867728247e+01
4.677849492187500005e+02,-8.224801164950014254e+01
4.677852421874999891e+02,-8.224086453899604976e+01
4.677855351562500346e+02,-8.237732604710782880e+01
4.677858281250000232e+02,-8.294911021822805708e+01
4.677861210937500118e+02,-9.581944722701382489e+01
4.677864140625000005e+02,-7.899790026575948332e+01
4.677867070312499891e+02,-8.030270685626190641e+01
4.677870000000000346e+02,-7.671005115428398824e+01
4.677872929687500232e+02,-8.316913856186330634e+01
4.677875859375000118e+02,-8.304177029558368872e+01
4.677878789062500005e+02,-7.930256662356677566e+01
4.677881718749999891e+02,-8.019534360776505366e+01
4.677884648437500346e+02,-8.212640626729269400e+01
4.677887578125000232e+02,-7.855562881814543630e+01
4.677890507812500118e+02,-8.396651256798493534e+01
4.677893437500000005e+02,-9.892599685611975247e+01
4.677896367187499891e+02,-9.221268850173385090e+01
4.677899296875000346e+02,-7.897596987571851912e+01
4.677902226562500232e+02,-7.946661762567016751e+01
4.677905156250000118e+02,-7.935498457938072647e+01
4.677908085937500005e+02,-7.848443115933343961e+01
4.677911015624999891e+02,-7.614465625627565259e+01
4.677913945312500346e+02,-7.763938815048919651e+01
4.677916875000000232e+02,-8.646044504112892071e+01
4.677919804687500118e+02,-7.669306396108457591e+01
4.677922734375000005e+02,-8.997717297862534735e+01
4.677925664062499891e+02,-7.597822027789769095e+01
4.677928593750000346e+02,-7.332290500730050553e+01
4.677931523437500232e+02,-8.887610993412920379e+01
4.677934453125000118e+02,-8.779280883225042942e+01
4.677937382812500005e+02,-7.709867999634562352e+01
4.677940312499999891e+02,-8.598309206381237857e+01
4.677943242187500346e+02,-8.217630556788023455e+01
4.677946171875000232e+02,-8.056284000791465871e+01
4.677949101562500118e+02,-7.745917203820673080e+01
4.677952031250000005e+02,-8.594425518292035804e+01
4.677954960937499891e+02,-7.783414643788414367e+01
4.677957890625000346e+02,-7.508438119728958782e+01
4.677960820312500232e+02,-7.544320513408533202e+01
4.677963750000000118e+02,-8.409188988584708113e+01
4.677966679687500005e+02,-9.659395146768855511e+01
4.677969609374999891e+02,-8.528750371741864456e+01
4.677972539062500346e+02,-8.483214339427814821e+01
4.677975468750000232e+02,-8.272460410432607603e+01
4.677978398437500118e+02,-7.772489065073779102e+01
4.677981328125000005e+02,-8.362730262507864154e+01
4.677984257812499891e+02,-9.316166756161959484e+01
4.677987187500000346e+02,-8.210883358051427194e+01
4.677990117187500232e+02,-8.569205937295251374e+01
4.677993046875000118e+02,-8.646132126072872381e+01
4.677995976562500005e+02,-8.016259280510389829e+01
4.677998906249999891e+02,-7.750037430595523347e+01
4.678001835937500346e+02,-8.236700454494663859e+01
4.678004765625000232e+02,-8.420644279538169030e+01
4.678007695312500118e+02,-7.804030164143524928e+01
4.678010625000000005e+02,-8.303801092056991706e+01
4.678013554687499891e+02,-7.974597700956698532e+01
4.678016484375000346e+02,-8.673570428128923027e+01
4.678019414062500232e+02,-8.160624152052514546e+01
4.678022343750000118e+02,-7.964550482110180951e+01
4.678025273437500005e+02,-7.820051871743432059e+01
4.678028203124999891e+02,-7.792686363787822756e+01
4.678031132812500346e+02,-9.032866198706682326e+01
4.678034062500000232e+02,-9.379664435712413706e+01
4.678036992187500118e+02,-8.699415733646736726e+01
4.678039921875000005e+02,-9.029568171003137422e+01
4.678042851562499891e+02,-8.255889056982113061e+01
4.678045781250000346e+02,-7.810119042808643997e+01
4.678048710937500232e+02,-8.201158190227032208e+01
4.678051640625000118e+02,-8.483845697838488320e+01
4.678054570312500005e+02,-9.097664240431258520e+01
4.678057499999999891e+02,-7.755611674295570879e+01
4.678060429687500346e+02,-7.820816246533325966e+01
4.678063359375000232e+02,-8.033484403320890976e+01
4.678066289062500118e+02,-7.491750898879274700e+01
4.678069218750000005e+02,-7.289100091689361705e+01
4.678072148437499891e+02,-7.537665036635280558e+01
4.678075078125000346e+02,-7.644118108117943677e+01
4.678078007812500232e+02,-8.288780127819342169e+01
4.678080937500000118e+02,-8.733113140411992958e+01
4.678083867187500005e+02,-8.681902213015254688e+01
4.678086796874999891e+02,-8.145836404149289933e+01
4.678089726562500346e+02,-8.064021916423666880e+01
4.678092656250000232e+02,-8.460116753134450107e+01
4.678095585937500118e+02,-8.039451181611225650e+01
4.678098515625000005e+02,-9.153733690905934850e+01
4.678101445312499891e+02,-7.988075491736465494e+01
4.678104375000000346e+02,-8.353045648651027477e+01
4.678107304687500232e+02,-8.117418181956638534e+01
4.678110234375000118e+02,-8.337840331255456761e+01
4.678113164062500005e+02,-8.271541073522809029e+01
4.678116093749999891e+02,-7.888310563176125356e+01
4.678119023437500346e+02,-8.184881151564758284e+01
4.678121953125000232e+02,-7.985895443532442073e+01
4.678124882812500118e+02,-7.940357210070068561e+01
4.678127812500000005e+02,-8.262972821134808044e+01
4.678130742187499891e+02,-7.593702764490801371e+01
4.678133671875000346e+02,-7.451591417725788347e+01
4.678136601562500232e+02,-7.939919707270323102e+01
4.678139531250000118e+02,-7.670603425523975716e+01
4.678142460937500005e+02,-8.669396092297247947e+01
4.678145390624999891e+02,-7.783865987230711880e+01
4.678148320312500346e+02,-7.402574654429501777e+01
4.678151250000000232e+02,-7.957396522800854655e+01
4.678154179687500118e+02,-7.837538165885482044e+01
4.678157109375000005e+02,-7.525969426947165175e+01
4.678160039062499891e+02,-7.562235784024041152e+01
4.678162968750000346e+02,-7.814562270322105064e+01
4.678165898437500232e+02,-8.383778475259148877e+01
4.678168828125000118e+02,-8.357190796080828932e+01
4.678171757812500005e+02,-8.365786586112990619e+01
4.678174687499999891e+02,-7.400226715935714594e+01
4.678177617187500346e+02,-7.605573432384773014e+01
4.678180546875000232e+02,-8.983203593118489039e+01
4.678183476562500118e+02,-8.135431910718396864e+01
4.678186406250000005e+02,-7.586712013506658536e+01
4.678189335937499891e+02,-7.700960384613244969e+01
4.678192265625000346e+02,-8.623917672345973529e+01
4.678195195312500232e+02,-8.372297832730934886e+01
4.678198125000000118e+02,-8.039539413088408537e+01
4.678201054687500005e+02,-7.630856422165467734e+01
4.678203984374999891e+02,-8.083398681030885768e+01
4.678206914062500346e+02,-8.624395073706844528e+01
4.678209843750000232e+02,-9.030411911222672927e+01
4.678212773437500118e+02,-8.193333742328300673e+01
4.678215703125000005e+02,-8.545369731084346654e+01
4.678218632812499891e+02,-8.711375145394755748e+01
4.678221562500000346e+02,-9.100479065631165554e+01
4.678224492187500232e+02,-7.705353630734416015e+01
4.678227421875000118e+02,-7.510052544322539347e+01
4.678230351562500005e+02,-7.436373526368777220e+01
4.678233281249999891e+02,-8.381404063034878504e+01
4.678236210937500346e+02,-8.201010355499676052e+01
4.678239140625000232e+02,-7.915251745005681983e+01
4.678242070312500118e+02,-8.904408232378091270e+01
4.678245000000000005e+02,-7.969638397249556760e+01
4.678247929687499891e+02,-7.691225857000313226e+01
4.678250859375000346e+02,-7.852669325627539365e+01
4.678253789062500232e+02,-7.700037866725011781e+01
4.678256718750000118e+02,-7.889042058800380630e+01
4.678259648437500005e+02,-8.583183955788203434e+01
4.678262578124999891e+02,-7.810658273394851392e+01
4.678265507812500346e+02,-8.232928102243924684e+01
4.678268437500000232e+02,-8.864033296506704573e+01
4.678271367187500118e+02,-7.780036500969991664e+01
4.678274296875000005e+02,-8.154251779544829049e+01
4.678277226562499891e+02,-8.325011931975117818e+01
4.678280156250000346e+02,-8.732346632885415261e+01
4.678283085937500232e+02,-7.634653304229999549e+01
4.678286015625000118e+02,-7.801956586810383953e+01
4.678288945312500005e+02,-8.827322066441354309e+01
4.678291874999999891e+02,-7.792480608398929576e+01
4.678294804687500346e+02,-8.055699704795324578e+01
4.678297734375000232e+02,-8.144013654327777374e+01
4.678300664062500118e+02,-7.962175875668121705e+01
4.678303593750000005e+02,-8.447609773209862283e+01
4.678306523437499891e+02,-7.723195971129348436e+01
4.678309453125000346e+02,-7.821542467418359479e+01
4.678312382812500232e+02,-8.135384308124862685e+01
4.678315312500000118e+02,-8.084099200816064013e+01
4.678318242187500005e+02,-8.146259285377981030e+01
4.678321171874999891e+02,-8.000170480476219836e+01
4.678324101562500346e+02,-8.480507715727434004e+01
4.678327031250000232e+02,-8.457765731801261211e+01
4.678329960937500118e+02,-7.733726454653810833e+01
4.678332890625000005e+02,-7.691894453349918592e+01
4.678335820312499891e+02,-8.086124664879109503e+01
4.678338750000000346e+02,-8.733957518287363087e+01
4.678341679687500232e+02,-7.758782914401272990e+01
4.678344609375000118e+02,-7.339204474180814941e+01
4.678347539062500005e+02,-7.422984709244363444e+01
4.678350468749999891e+02,-7.891010528957775705e+01
4.678353398437500346e+02,-8.479065157073620185e+01
4.678356328125000232e+02,-8.702200957184233232e+01
4.678359257812500118e+02,-8.684458721324523367e+01
4.678362187500000005e+02,-9.539838635377506648e+01
4.678365117187499891e+02,-7.905144281387035221e+01
4.678368046875000346e+02,-7.865225046727844926e+01
4.678370976562500232e+02,-7.859202549645853253e+01
4.678373906250000118e+02,-7.921752846670626980e+01
4.678376835937500005e+02,-7.658951161805778440e+01
4.678379765624999891e+02,-7.622039749162807709e+01
4.678382695312500346e+02,-7.970631602126732673e+01
4.678385625000000232e+02,-8.241119194221232647e+01
4.678388554687500118e+02,-8.812842753005722329e+01
4.678391484375000005e+02,-8.044244338333291466e+01
4.678394414062499891e+02,-7.827423626503583876e+01
4.678397343750000346e+02,-8.503976218399849074e+01
4.678400273437500232e+02,-8.531963961594877333e+01
4.678403203125000118e+02,-7.409297268801120140e+01
4.678406132812500005e+02,-7.661977894348585494e+01
4.678409062499999891e+02,-8.402190823926703445e+01
4.678411992187500346e+02,-8.314553475998287979e+01
4.678414921875000232e+02,-8.163686798529816713e+01
4.678417851562500118e+02,-8.396460363648174052e+01
4.678420781250000005e+02,-8.194878825085223184e+01
4.678423710937499891e+02,-7.824208287918355609e+01
4.678426640625000346e+02,-8.028168569254970066e+01
4.678429570312500232e+02,-8.324143018602867983e+01
4.678432500000000118e+02,-8.001797058941457408e+01
4.678435429687500005e+02,-7.774165123908490216e+01
4.678438359374999891e+02,-7.714565021919896992e+01
4.678441289062500346e+02,-8.123191670778908247e+01
4.678444218750000232e+02,-8.355821313328229394e+01
4.678447148437500118e+02,-8.143669653198990943e+01
4.678450078125000005e+02,-7.819171913518169958e+01
4.678453007812499891e+02,-7.393758464844196965e+01
4.678455937500000346e+02,-8.060619396282832838e+01
4.678458867187500232e+02,-8.073710059487348190e+01
4.678461796875000118e+02,-8.248624515405916213e+01
4.678464726562500005e+02,-8.368017233800614463e+01
4.678467656249999891e+02,-7.810269185530836467e+01
4.678470585937500346e+02,-7.960969301997955938e+01
4.678473515625000232e+02,-8.178104345832073818e+01
4.678476445312500118e+02,-8.650111926574442123e+01
4.678479375000000005e+02,-8.111989967515035005e+01
4.678482304687499891e+02,-8.125686051789750763e+01
4.678485234375000346e+02,-8.179685097525864990e+01
4.678488164062500232e+02,-7.922722530364187321e+01
4.678491093750000118e+02,-8.579248057658776361e+01
4.678494023437500005e+02,-8.916947800669038315e+01
4.678496953124999891e+02,-7.991569285651652876e+01
4.678499882812500346e+02,-8.142654636610495800e+01
4.678502812500000232e+02,-8.547912759941056038e+01
4.678505742187500118e+02,-8.732739071228880334e+01
4.678508671875000005e+02,-8.125851038656341530e+01
4.678511601562499891e+02,-8.192157788517891959e+01
4.678514531250000346e+02,-9.028924854107305009e+01
4.678517460937500232e+02,-8.556428880464322617e+01
4.678520390625000118e+02,-8.616418693082022173e+01
4.678523320312500005e+02,-8.657992173385994761e+01
4.678526249999999891e+02,-8.874259312851961568e+01
4.678529179687500346e+02,-7.691654656461733452e+01
4.678532109375000232e+02,-8.444559057129701785e+01
4.678535039062500118e+02,-8.734318026501796339e+01
4.678537968750000005e+02,-8.779206725117390420e+01
4.678540898437499891e+02,-9.043286930743518326e+01
4.678543828125000346e+02,-9.037250079449145801e+01
4.678546757812500232e+02,-8.074380653988441736e+01
4.678549687500000118e+02,-8.123999984258284712e+01
4.678552617187500005e+02,-9.684748513637768497e+01
4.678555546874999891e+02,-7.904082232771446570e+01
4.678558476562500346e+02,-8.431518589186327972e+01
4.678561406250000232e+02,-8.076004398777682525e+01
4.678564335937500118e+02,-8.974870750808663900e+01
4.678567265625000005e+02,-8.549082564034152654e+01
4.678570195312499891e+02,-8.672651294081090612e+01
4.678573125000000346e+02,-9.068291085446993804e+01
4.678576054687500232e+02,-8.945215159223874934e+01
4.678578984375000118e+02,-8.372608182410999689e+01
4.678581914062500005e+02,-7.975089439571659966e+01
4.678584843749999891e+02,-7.869258924069337979e+01
4.678587773437500346e+02,-8.633248742322642499e+01
4.678590703125000232e+02,-9.047860521017712188e+01
4.678593632812500118e+02,-8.956539311735623698e+01
4.678596562500000005e+02,-8.392733355922297278e+01
4.678599492187499891e+02,-8.523090750637175006e+01
4.678602421875000346e+02,-7.951828181576011900e+01
4.678605351562500232e+02,-9.240092432338190065e+01
4.678608281250000118e+02,-8.745910275929043109e+01
4.678611210937500005e+02,-7.921970941689440338e+01
4.678614140624999891e+02,-8.021834286071043607e+01
4.678617070312500346e+02,-8.487469694044472135e+01
4.678620000000000232e+02,-8.724859153525611077e+01
4.678622929687500118e+02,-9.779677650828647018e+01
4.678625859375000005e+02,-8.242531337285329585e+01
4.678628789062499891e+02,-8.875958029015409068e+01
4.678631718750000346e+02,-7.748350423204064441e+01
4.678634648437500232e+02,-7.540356037699881142e+01
4.678637578125000118e+02,-7.885230447957324884e+01
4.678640507812500005e+02,-8.715647372230117185e+01
4.678643437499999891e+02,-8.771974994613123044e+01
4.678646367187500346e+02,-8.825217609089813209e+01
4.678649296875000232e+02,-8.459789184096064218e+01
4.678652226562500118e+02,-8.216004504939522235e+01
4.678655156250000005e+02,-8.099622589268594197e+01
4.678658085937499891e+02,-8.803067407106183850e+01
4.678661015625000346e+02,-8.017273855260643245e+01
4.678663945312500232e+02,-8.081111582505312185e+01
4.678666875000000118e+02,-7.992645866206619587e+01
4.678669804687500005e+02,-8.645590317495532418e+01
4.678672734374999891e+02,-9.827002351311435291e+01
4.678675664062500346e+02,-8.297717676264234399e+01
4.678678593750000232e+02,-7.925499184995139501e+01
4.678681523437500118e+02,-7.660638923901787223e+01
4.678684453125000005e+02,-7.871659045071824323e+01
4.678687382812499891e+02,-7.854315372153071451e+01
4.678690312500000346e+02,-8.043856654048433086e+01
4.678693242187500232e+02,-8.976965369983525989e+01
4.678696171875000118e+02,-8.535592179096384768e+01
4.678699101562500005e+02,-8.520816311310261426e+01
4.678702031249999891e+02,-8.372504236180344606e+01
4.678704960937500346e+02,-8.005225850921733866e+01
4.678707890625000232e+02,-8.019859458049901946e+01
4.678710820312500118e+02,-8.149730678135613005e+01
4.678713750000000005e+02,-8.723740679138926168e+01
4.678716679687499891e+02,-8.870251774854260418e+01
4.678719609375000346e+02,-8.326325925469237177e+01
4.678722539062500232e+02,-7.893602004834886543e+01
4.678725468750000118e+02,-7.886995526088340114e+01
4.678728398437500005e+02,-8.825696431941899789e+01
4.678731328124999891e+02,-8.213583912766232231e+01
4.678734257812500346e+02,-8.181134843640906240e+01
4.678737187500000232e+02,-8.505976069727920219e+01
4.678740117187500118e+02,-8.002032711986485936e+01
4.678743046875000005e+02,-8.526615988457865569e+01
4.678745976562499891e+02,-8.080681300649825971e+01
4.678748906250000346e+02,-8.667177817728672551e+01
4.678751835937500232e+02,-8.641160383320234928e+01
4.678754765625000118e+02,-7.496036977765955100e+01
4.678757695312500005e+02,-7.781299158957543227e+01
4.678760624999999891e+02,-8.355502660475268328e+01
4.678763554687500346e+02,-8.626037123110435800e+01
4.678766484375000232e+02,-8.229288678694089754e+01
4.678769414062500118e+02,-8.089569044085766336e+01
4.678772343750000005e+02,-7.793678163083519905e+01
4.678775273437499891e+02,-7.502203395728309943e+01
4.678778203125000346e+02,-7.530033535531794087e+01
4.678781132812500232e+02,-9.628057445724719798e+01
4.678784062500000118e+02,-8.845541556143759010e+01
4.678786992187500005e+02,-8.714083005461711195e+01
4.678789921874999891e+02,-7.651360968269261775e+01
4.678792851562500346e+02,-7.745468757320202258e+01
4.678795781250000232e+02,-8.562540229472752173e+01
4.678798710937500118e+02,-9.602274246294780369e+01
4.678801640625000005e+02,-9.202949968763682875e+01
4.678804570312499891e+02,-8.670973298289260356e+01
4.678807500000000346e+02,-9.038705927287159625e+01
4.678810429687500232e+02,-8.149897628031749264e+01
4.678813359375000118e+02,-7.843598976277237966e+01
4.678816289062500005e+02,-7.858144381616543228e+01
4.678819218749999891e+02,-9.508217993889078912e+01
4.678822148437500346e+02,-8.293886342599196837e+01
4.678825078125000232e+02,-7.925589739370258258e+01
4.678828007812500118e+02,-7.766406725118120846e+01
4.678830937500000005e+02,-8.110975437997066706e+01
4.678833867187499891e+02,-8.459477949905421212e+01
4.678836796875000346e+02,-8.105237182933713314e+01
4.678839726562500232e+02,-8.419476518880614435e+01
4.678842656250000118e+02,-8.552587721934619935e+01
4.678845585937500005e+02,-8.190502666599965664e+01
4.678848515624999891e+02,-9.866183931164852083e+01
4.678851445312500346e+02,-7.969561187165935223e+01
4.678854375000000232e+02,-8.339511289382200232e+01
4.678857304687500118e+02,-8.750011916879839191e+01
4.678860234375000005e+02,-8.446750229782529118e+01
4.678863164062499891e+02,-8.401080038558674801e+01
4.678866093750000346e+02,-7.831887073836753643e+01
4.678869023437500232e+02,-7.976540854752889231e+01
4.678871953125000118e+02,-8.131020930296475058e+01
4.678874882812500005e+02,-8.166397533849588797e+01
4.678877812499999891e+02,-9.144995001139876933e+01
4.678880742187500346e+02,-8.861500653335224342e+01
4.678883671875000232e+02,-9.111018407857326906e+01
4.678886601562500118e+02,-7.858380668686750425e+01
4.678889531250000005e+02,-8.244432237184420842e+01
4.678892460937499891e+02,-7.961642026079373125e+01
4.678895390625000346e+02,-8.373143124329793352e+01
4.678898320312500232e+02,-8.087619106118735601e+01
4.678901250000000118e+02,-7.974156087680457006e+01
4.678904179687500005e+02,-8.196842444451175425e+01
4.678907109374999891e+02,-8.268357591776580762e+01
4.678910039062500346e+02,-7.838470628597222856e+01
4.678912968750000232e+02,-8.192600095859170040e+01
4.678915898437500118e+02,-8.562940270346990701e+01
4.678918828125000005e+02,-7.614754973237916147e+01
4.678921757812499891e+02,-7.353010182927982896e+01
4.678924687500000346e+02,-7.785711465291684874e+01
4.678927617187500232e+02,-8.367931485586068163e+01
4.678930546875000118e+02,-7.821254030849821959e+01
4.678933476562500005e+02,-8.058409551818226646e+01
4.678936406249999891e+02,-7.942637467106686699e+01
4.678939335937500346e+02,-7.705417166640236815e+01
4.678942265625000232e+02,-7.725339200641593607e+01
4.678945195312500118e+02,-7.843011958382612647e+01
4.678948125000000005e+02,-8.058221733779221552e+01
4.678951054687499891e+02,-8.009963211946597994e+01
4.678953984375000346e+02,-8.329968698110390335e+01
4.678956914062500232e+02,-8.353704930623833036e+01
4.678959843750000118e+02,-8.067045443347853961e+01
4.678962773437500005e+02,-8.073865593390024742e+01
4.678965703124999891e+02,-8.119007096791915501e+01
4.678968632812500346e+02,-7.961437579055646552e+01
4.678971562500000232e+02,-7.742691245662636845e+01
4.678974492187500118e+02,-7.864605435356736507e+01
4.678977421875000005e+02,-7.865689591877044506e+01
4.678980351562499891e+02,-8.245910421357342557e+01
4.678983281250000346e+02,-8.318740199373817745e+01
4.678986210937500232e+02,-8.388041127856723733e+01
4.678989140625000118e+02,-8.146004781789997651e+01
4.678992070312500005e+02,-8.308530866024916861e+01
4.678994999999999891e+02,-1.112833770715550372e+02
4.678997929687500346e+02,-8.734178120312174087e+01
4.679000859375000232e+02,-8.734921417422364698e+01
4.679003789062500118e+02,-9.789432252518430744e+01
4.679006718750000005e+02,-8.458267619589284436e+01
4.679009648437499891e+02,-8.311460690837020593e+01
4.679012578125000346e+02,-8.758281751261435488e+01
4.679015507812500232e+02,-8.029297758203675528e+01
4.679018437500000118e+02,-9.970414245382478668e+01
4.679021367187500005e+02,-8.070348869483332521e+01
4.679024296874999891e+02,-8.117607224642685537e+01
4.679027226562500346e+02,-8.533739230083764937e+01
4.679030156250000232e+02,-8.215420734650267320e+01
4.679033085937500118e+02,-8.462761389617442376e+01
4.679036015625000005e+02,-8.552117797672659094e+01
4.679038945312499891e+02,-7.750330957180339908e+01
4.679041875000000346e+02,-8.119286913739787792e+01
4.679044804687500232e+02,-8.486389184551094900e+01
4.679047734375000118e+02,-7.940543798864918301e+01
4.679050664062500005e+02,-8.627829741347935055e+01
4.679053593749999891e+02,-9.294954249618670872e+01
4.679056523437500346e+02,-8.370689134142543253e+01
4.679059453125000232e+02,-8.555939667413227312e+01
4.679062382812500118e+02,-8.956935083509826256e+01
4.679065312500000005e+02,-8.948772781120905506e+01
4.679068242187499891e+02,-8.009395191012968951e+01
4.679071171875000346e+02,-1.084437026474890473e+02
4.679074101562500232e+02,-8.192184065705119167e+01
4.679077031250000118e+02,-8.969308994650305067e+01
4.679079960937500005e+02,-8.110317499310212952e+01
4.679082890624999891e+02,-7.944854604284351751e+01
4.679085820312500346e+02,-7.767069606635837431e+01
4.679088750000000232e+02,-8.312813669101343805e+01
4.679091679687500118e+02,-9.788764508336670644e+01
4.679094609375000005e+02,-8.734867606595578593e+01
4.679097539062499891e+02,-9.461039930525043928e+01
4.679100468750000346e+02,-8.094669529129777175e+01
4.679103398437500232e+02,-8.118769783646875737e+01
4.679106328125000118e+02,-9.205013427156863770e+01
4.679109257812500005e+02,-8.939865312965486055e+01
4.679112187499999891e+02,-8.088190142359557910e+01
4.679115117187500346e+02,-7.877026576975161731e+01
4.679118046875000232e+02,-8.441041699944503307e+01
4.679120976562500118e+02,-7.949600239506673915e+01
4.679123906250000005e+02,-7.862635320576447384e+01
4.679126835937499891e+02,-7.859096035173647010e+01
4.679129765625000346e+02,-7.978097218488829867e+01
4.679132695312500232e+02,-9.266164552526549869e+01
4.679135625000000118e+02,-8.405387470332618705e+01
4.679138554687500005e+02,-8.060347102460266910e+01
4.679141484374999891e+02,-7.968293092336357120e+01
4.679144414062500346e+02,-8.020667911243739923e+01
4.679147343750000232e+02,-8.283507781132257719e+01
4.679150273437500118e+02,-9.405302102424015231e+01
4.679153203125000005e+02,-9.558157561986303108e+01
4.679156132812499891e+02,-9.968527811248193871e+01
4.679159062500000346e+02,-8.266589637432205961e+01
4.679161992187500232e+02,-7.880263289425097639e+01
4.679164921875000118e+02,-8.336218680274933490e+01
4.679167851562500005e+02,-8.803040030981890141e+01
4.679170781249999891e+02,-8.833798608463044388e+01
4.679173710937500346e+02,-8.837033362410298309e+01
4.679176640625000232e+02,-9.328743271809955218e+01
4.679179570312500118e+02,-9.454958207282588489e+01
4.679182500000000005e+02,-9.236475206915928027e+01
4.679185429687499891e+02,-7.826065435653691793e+01
4.679188359375000346e+02,-7.994767606204483457e+01
4.679191289062500232e+02,-9.149893668932733704e+01
4.679194218750000118e+02,-8.163788694626481401e+01
4.679197148437500005e+02,-8.553868771482652278e+01
4.679200078124999891e+02,-8.635597666636570580e+01
4.679203007812500346e+02,-8.178848813494869319e+01
4.679205937500000232e+02,-9.082209237289819725e+01
4.679208867187500118e+02,-8.232152419679019317e+01
4.679211796875000005e+02,-9.085943405129803807e+01
4.679214726562499891e+02,-8.853244044518788769e+01
4.679217656250000346e+02,-8.282069145757559170e+01
4.679220585937500232e+02,-8.576034341546281325e+01
4.679223515625000118e+02,-9.248403563798511584e+01
4.679226445312500005e+02,-9.503882029635823869e+01
4.679229374999999891e+02,-8.826762768909736678e+01
4.679232304687500346e+02,-8.509427874500119060e+01
4.679235234375000232e+02,-9.235978452086094137e+01
4.679238164062500118e+02,-8.666887696573076028e+01
4.679241093750000005e+02,-8.218612176500008104e+01
4.679244023437499891e+02,-8.237973819723485747e+01
4.679246953125000346e+02,-8.720466401526211087e+01
4.679249882812500232e+02,-8.916468093697943686e+01
4.679252812500000118e+02,-9.122528058816833152e+01
4.679255742187500005e+02,-9.366203002674174627e+01
4.679258671874999891e+02,-8.374503445137560220e+01
4.679261601562500346e+02,-8.351829805911592075e+01
4.679264531250000232e+02,-9.199884137025522080e+01
4.679267460937500118e+02,-9.218950769101857645e+01
4.679270390625000005e+02,-9.795320257225596094e+01
4.679273320312499891e+02,-8.219291643692000093e+01
4.679276250000000346e+02,-8.095510286966944591e+01
4.679279179687500232e+02,-8.042960108400586705e+01
4.679282109375000118e+02,-9.372200573165676474e+01
4.679285039062500005e+02,-8.498524516634505233e+01
4.679287968749999891e+02,-8.202070397981418637e+01
4.679290898437500346e+02,-8.334475850381429041e+01
4.679293828125000232e+02,-8.095867482686983863e+01
4.679296757812500118e+02,-8.593695450328559104e+01
4.679299687500000005e+02,-8.681844512963527905e+01
4.679302617187499891e+02,-9.378535341696834848e+01
4.679305546875000346e+02,-8.504629000648591841e+01
4.679308476562500232e+02,-8.346186249179490346e+01
4.679311406250000118e+02,-8.129116928340452830e+01
4.679314335937500005e+02,-8.246301204485484959e+01
4.679317265624999891e+02,-8.274512753960330258e+01
4.679320195312500346e+02,-8.709437046961508599e+01
4.679323125000000232e+02,-9.086113244966674074e+01
4.679326054687500118e+02,-8.097369333431558402e+01
4.679328984375000005e+02,-8.568028116040511577e+01
4.679331914062499891e+02,-9.925055127478493944e+01
4.679334843750000346e+02,-9.220051484204860515e+01
4.679337773437500232e+02,-8.584331756575761574e+01
4.679340703125000118e+02,-7.979129760097234225e+01
4.679343632812500005e+02,-7.669046729655147487e+01
4.679346562499999891e+02,-8.197447979766346293e+01
4.679349492187500346e+02,-8.875380941724314710e+01
4.679352421875000232e+02,-9.003286251822395059e+01
4.679355351562500118e+02,-8.637170497328808949e+01
4.679358281250000005e+02,-8.719464761240176642e+01
4.679361210937499891e+02,-8.231500952549752981e+01
4.679364140625000346e+02,-7.916746124920179284e+01
4.679367070312500232e+02,-8.353095707484055765e+01
4.679370000000000118e+02,-8.128852662393951789e+01
4.679372929687500005e+02,-8.049741449331925480e+01
4.679375859374999891e+02,-8.778198978733790625e+01
4.679378789062500346e+02,-9.489582445897767116e+01
4.679381718750000232e+02,-8.115541961824013129e+01
4.679384648437500118e+02,-8.328038817880656097e+01
4.679387578125000005e+02,-8.412301472428467264e+01
4.679390507812499891e+02,-7.864754587961597565e+01
4.679393437500000346e+02,-7.629786109654020265e+01
4.679396367187500232e+02,-7.759123999404570782e+01
4.679399296875000118e+02,-8.381352347654353707e+01
4.679402226562500005e+02,-8.637561590673536216e+01
4.679405156249999891e+02,-8.714792649741475827e+01
4.679408085937500346e+02,-9.363851886362058963e+01
4.679411015625000232e+02,-8.164544112931321251e+01
4.679413945312500118e+02,-7.968354655767093675e+01
4.679416875000000005e+02,-8.959042279619180249e+01
4.679419804687499891e+02,-8.573893888570805188e+01
4.679422734375000346e+02,-8.628847558837750853e+01
4.679425664062500232e+02,-8.734006442742673926e+01
4.679428593750000118e+02,-8.615189887383012035e+01
4.679431523437500005e+02,-8.561551899191542248e+01
4.679434453124999891e+02,-9.107814236752112436e+01
4.679437382812500346e+02,-9.562586617413238343e+01
4.679440312500000232e+02,-8.579594799221057144e+01
4.679443242187500118e+02,-8.820547459222807163e+01
4.679446171875000005e+02,-9.724635642721081297e+01
4.679449101562499891e+02,-8.789559733926017771e+01
4.679452031250000346e+02,-8.206916903400632179e+01
4.679454960937500232e+02,-8.398002382986199166e+01
4.679457890625000118e+02,-8.999945903153843574e+01
4.679460820312500005e+02,-8.704229976679307867e+01
4.679463749999999891e+02,-8.350920508828737354e+01
4.679466679687500346e+02,-8.589915814882103007e+01
4.679469609375000232e+02,-8.560413106528963567e+01
4.679472539062500118e+02,-8.249370163560926983e+01
4.679475468750000005e+02,-9.608559583944249027e+01
4.679478398437499891e+02,-8.160978640056592326e+01
4.679481328125000346e+02,-7.794405032478051965e+01
4.679484257812500232e+02,-8.542912554210641929e+01
4.679487187500000118e+02,-8.723984332210447690e+01
4.679490117187500005e+02,-8.564131238891172870e+01
4.679493046874999891e+02,-9.020124072954547501e+01
4.679495976562500346e+02,-8.367819183874802036e+01
4.679498906250000232e+02,-7.964221993089027762e+01
4.679501835937500118e+02,-8.115378400584084773e+01
4.679504765625000005e+02,-8.532519663218771200e+01
4.679507695312499891e+02,-8.215017461159618506e+01
4.679510625000000346e+02,-1.031462559558087975e+02
4.679513554687500232e+02,-8.597102300599871683e+01
4.679516484375000118e+02,-8.735183767971579982e+01
4.679519414062500005e+02,-9.427777342017026285e+01
4.679522343749999891e+02,-9.182331317303149376e+01
4.679525273437500346e+02,-8.073798819260429127e+01
4.679528203125000232e+02,-7.710139407780856402e+01
4.679531132812500118e+02,-8.354260434071711927e+01
4.679534062500000005e+02,-9.382507471015208012e+01
4.679536992187499891e+02,-8.150312696357045184e+01
4.679539921875000346e+02,-8.311080613454367949e+01
4.679542851562500232e+02,-8.173009852388913998e+01
4.679545781250000118e+02,-8.202871814967738828e+01
4.679548710937500005e+02,-8.538043179483651102e+01
4.679551640624999891e+02,-7.856857227680600886e+01
4.679554570312500346e+02,-7.839849622532599938e+01
4.679557500000000232e+02,-8.591594446183114542e+01
4.679560429687500118e+02,-7.991520889454966436e+01
4.679563359375000005e+02,-8.385646662340575119e+01
4.679566289062499891e+02,-9.449602739519139050e+01
4.679569218750000346e+02,-8.992989810889120861e+01
4.679572148437500232e+02,-8.745954384100434709e+01
4.679575078125000118e+02,-8.948728969948803069e+01
4.679578007812500005e+02,-7.862664699229034682e+01
4.679580937499999891e+02,-7.647810157557410093e+01
4.679583867187500346e+02,-8.369801757130946385e+01
4.679586796875000232e+02,-8.368206652370942322e+01
4.679589726562500118e+02,-8.701366064479437057e+01
4.679592656250000005e+02,-8.670628735877627946e+01
4.679595585937499891e+02,-8.228533932925488159e+01
4.679598515625000346e+02,-8.439481016310975292e+01
4.679601445312500232e+02,-8.868646868143315487e+01
4.679604375000000118e+02,-8.370646734138126988e+01
4.679607304687500005e+02,-8.230797416908981745e+01
4.679610234374999891e+02,-8.514635994356540039e+01
4.679613164062500346e+02,-7.831340418879663900e+01
4.679616093750000232e+02,-7.762039895983809856e+01
4.679619023437500118e+02,-8.316683328327842162e+01
4.679621953125000005e+02,-8.382580421820533445e+01
4.679624882812499891e+02,-8.039909673055616679e+01
4.679627812500000346e+02,-8.573278234377718832e+01
4.679630742187500232e+02,-8.865038803820480950e+01
4.679633671875000118e+02,-9.007255859829723477e+01
4.679636601562500005e+02,-8.873619180454589639e+01
4.679639531249999891e+02,-8.958056937323226521e+01
4.679642460937500346e+02,-9.504767403079955557e+01
4.679645390625000232e+02,-9.937927242003270578e+01
4.679648320312500118e+02,-8.526913354674336176e+01
4.679651250000000005e+02,-7.741615330816267715e+01
4.679654179687499891e+02,-7.764196670128821154e+01
4.679657109375000346e+02,-8.341093381381263328e+01
4.679660039062500232e+02,-8.673883598916644644e+01
4.679662968750000118e+02,-8.210831134264829245e+01
4.679665898437500005e+02,-8.270396687735006935e+01
4.679668828124999891e+02,-9.303074269187953860e+01
4.679671757812500346e+02,-8.153670651945304826e+01
4.679674687500000232e+02,-7.803857874063263012e+01
4.679677617187500118e+02,-8.309820179121950900e+01
4.679680546875000005e+02,-8.559830636396002035e+01
4.679683476562499891e+02,-9.227142587805184348e+01
4.679686406250000346e+02,-8.531562441599825775e+01
4.679689335937500232e+02,-7.959087313435594524e+01
4.679692265625000118e+02,-8.135668830630467596e+01
4.679695195312500005e+02,-8.349496913333523196e+01
4.679698124999999891e+02,-8.435700105843972096e+01
4.679701054687500346e+02,-8.009641302932990925e+01
4.679703984375000232e+02,-8.449292125804554132e+01
4.679706914062500118e+02,-8.969271990990483800e+01
4.679709843750000005e+02,-9.639739505821427201e+01
4.679712773437499891e+02,-8.690207243797799208e+01
4.679715703125000346e+02,-7.965497507540356992e+01
4.679718632812500232e+02,-9.092907581355915170e+01
4.679721562500000118e+02,-8.149416688549879950e+01
4.679724492187500005e+02,-8.265839788536916899e+01
4.679727421874999891e+02,-8.747460590988693241e+01
4.679730351562500346e+02,-8.418915743994695333e+01
4.679733281250000232e+02,-8.480912714300237099e+01
4.679736210937500118e+02,-8.645966912405899052e+01
4.679739140625000005e+02,-8.885332859690586815e+01
4.679742070312499891e+02,-9.323032416612076645e+01
4.679745000000000346e+02,-9.008860146203544161e+01
4.679747929687500232e+02,-8.396315697357069041e+01
4.679750859375000118e+02,-8.032626198680890184e+01
4.679753789062500005e+02,-8.121553039809940344e+01
4.679756718749999891e+02,-8.706293332638772142e+01
4.679759648437500346e+02,-8.153053743718997737e+01
4.679762578125000232e+02,-8.102258117807132010e+01
4.679765507812500118e+02,-8.617995057272763404e+01
4.679768437500000005e+02,-9.005041418896469452e+01
4.679771367187499891e+02,-9.012683077111945806e+01
4.679774296875000346e+02,-8.615684198591054610e+01
4.679777226562500232e+02,-9.043680206062450111e+01
4.679780156250000118e+02,-9.509825247046390473e+01
4.679783085937500005e+02,-8.739546007821894591e+01
4.679786015624999891e+02,-8.396544098421284730e+01
4.679788945312500346e+02,-9.661940364434425987e+01
4.679791875000000232e+02,-8.926672467286567780e+01
4.679794804687500118e+02,-9.106641775034887587e+01
4.679797734375000005e+02,-8.311324909857148668e+01
4.679800664062499891e+02,-8.179491659885152899e+01
4.679803593750000346e+02,-8.312851360853383653e+01
4.679806523437500232e+02,-9.412510712488220577e+01
4.679809453125000118e+02,-1.011244770139079776e+02
4.679812382812500005e+02,-8.293769251277005594e+01
4.679815312499999891e+02,-8.671092331245645823e+01
4.679818242187500346e+02,-8.381416277151090810e+01
4.679821171875000232e+02,-9.019467546290056248e+01
4.679824101562500118e+02,-8.374168380757025432e+01
4.679827031250000005e+02,-1.035650291109517127e+02
4.679829960937499891e+02,-8.491930850427192468e+01
4.679832890625000346e+02,-8.182854244636716601e+01
4.679835820312500232e+02,-7.960407945190699763e+01
4.679838750000000118e+02,-8.204771332740322975e+01
4.679841679687500005e+02,-8.318866908206510402e+01
4.679844609374999891e+02,-8.637513143981448138e+01
4.679847539062500346e+02,-8.705242285645462630e+01
4.679850468750000232e+02,-8.646341178877358402e+01
4.679853398437500118e+02,-8.293768933699860213e+01
4.679856328125000005e+02,-7.991731068671157345e+01
4.679859257812499891e+02,-8.465023447802722956e+01
4.679862187500000346e+02,-8.436309942641435100e+01
4.679865117187500232e+02,-8.510649668976979854e+01
4.679868046875000118e+02,-8.731534334750472226e+01
4.679870976562500005e+02,-8.830229918853919457e+01
4.679873906249999891e+02,-9.310393374206591943e+01
4.679876835937500346e+02,-8.319462190271822521e+01
4.679879765625000232e+02,-8.905607491982502211e+01
4.679882695312500118e+02,-8.639664420298717573e+01
4.679885625000000005e+02,-8.530206354634100308e+01
4.679888554687499891e+02,-8.671903756660407225e+01
4.679891484375000346e+02,-9.162564491990571014e+01
4.679894414062500232e+02,-8.843672665852770365e+01
4.679897343750000118e+02,-8.669537294957864049e+01
4.679900273437500005e+02,-9.422481118017422830e+01
4.679903203124999891e+02,-9.379304042258546303e+01
4.679906132812500346e+02,-9.197987413316329253e+01
4.679909062500000232e+02,-8.360945553076676617e+01
4.679911992187500118e+02,-8.295708935632831071e+01
4.679914921875000005e+02,-8.526782796665469277e+01
4.679917851562499891e+02,-8.590587460381243545e+01
4.679920781250000346e+02,-8.247782540560648101e+01
4.679923710937500232e+02,-7.975832856224505463e+01
4.679926640625000118e+02,-7.924014961545276492e+01
4.679929570312500005e+02,-9.021989181303504779e+01
4.679932499999999891e+02,-8.766098083209587344e+01
4.679935429687500346e+02,-9.089218522759782104e+01
4.679938359375000232e+02,-9.610275547467009005e+01
4.679941289062500118e+02,-8.259628071225286305e+01
4.679944218750000005e+02,-8.598703112825410244e+01
4.679947148437499891e+02,-8.301129759879492553e+01
4.679950078125000346e+02,-8.740447356554690828e+01
4.679953007812500232e+02,-8.567164324439083600e+01
4.679955937500000118e+02,-8.292185711104710322e+01
4.679958867187500005e+02,-8.443503607468676364e+01
4.679961796874999891e+02,-8.783297835209700111e+01
4.679964726562500346e+02,-9.712296636721747234e+01
4.679967656250000232e+02,-1.011684673511398671e+02
4.679970585937500118e+02,-8.459876757028877137e+01
4.679973515625000005e+02,-8.726569557310051550e+01
4.679976445312499891e+02,-9.439851074602613323e+01
4.679979375000000346e+02,-9.353554225995806348e+01
4.679982304687500232e+02,-8.295803160732893389e+01
4.679985234375000118e+02,-8.425889772304725511e+01
4.679988164062500005e+02,-9.043654613922790020e+01
4.679991093749999891e+02,-8.771571973712381975e+01
4.679994023437500346e+02,-8.305785760649490612e+01
4.679996953125000232e+02,-8.891636145991404305e+01
4.679999882812500118e+02,-9.014131890829457916e+01
4.680002812500000005e+02,-8.454728280926008210e+01
4.680005742187499891e+02,-8.503986865649976323e+01
4.680008671875000346e+02,-9.006018927188277701e+01
4.680011601562500232e+02,-8.669032190596503540e+01
4.680014531250000118e+02,-8.478971384470713701e+01
4.680017460937500005e+02,-8.327442976768394090e+01
4.680020390624999891e+02,-9.322377838323050980e+01
4.680023320312500346e+02,-8.462930269059040711e+01
4.680026250000000232e+02,-8.986810418878127393e+01
4.680029179687500118e+02,-9.180827941420918137e+01
4.680032109375000005e+02,-9.019505615231928175e+01
4.680035039062499891e+02,-8.858811505828566624e+01
4.680037968750000346e+02,-8.374088020907518626e+01
4.680040898437500232e+02,-8.086063603021173662e+01
4.680043828125000118e+02,-9.069657483043886259e+01
4.680046757812500005e+02,-9.131006931252601078e+01
4.680049687499999891e+02,-8.594363219587562241e+01
4.680052617187500346e+02,-8.675324909717551236e+01
4.680055546875000232e+02,-1.006713140093605148e+02
4.680058476562500118e+02,-9.484396032435844859e+01
4.680061406250000005e+02,-9.701251942079423429e+01
4.680064335937499891e+02,-9.456344654012090700e+01
4.680067265625000346e+02,-8.879829383918716701e+01
4.680070195312500232e+02,-8.689377039082381771e+01
4.680073125000000118e+02,-9.057143183982780954e+01
4.680076054687500005e+02,-8.718257095624714736e+01
4.680078984374999891e+02,-8.742234405370706440e+01
4.680081914062500346e+02,-8.298599020785600544e+01
4.680084843750000232e+02,-8.717534288670222509e+01
4.680087773437500118e+02,-9.636868945207523041e+01
4.680090703125000005e+02,-8.453827397266691435e+01
4.680093632812499891e+02,-8.701598713305089916e+01
4.680096562500000346e+02,-8.539054813497929786e+01
4.680099492187500232e+02,-8.348509757326522163e+01
4.680102421875000118e+02,-8.328345843039535623e+01
4.680105351562500005e+02,-8.360379328390705211e+01
4.680108281249999891e+02,-8.197067844223016664e+01
4.680111210937500346e+02,-9.513183116730610323e+01
4.680114140625000232e+02,-8.446537168918052885e+01
4.680117070312500118e+02,-8.504416163390001770e+01
4.680120000000000005e+02,-8.209072463735407155e+01
4.680122929687499891e+02,-8.281918561521648314e+01
4.680125859375000346e+02,-8.529912558601759542e+01
4.680128789062500232e+02,-8.529471415681742030e+01
4.680131718750000118e+02,-8.482967443188030643e+01
4.680134648437500005e+02,-8.762499321785534789e+01
4.680137578124999891e+02,-9.714565776322793056e+01
4.680140507812500346e+02,-9.361262052059905159e+01
4.680143437500000232e+02,-9.407101056391780958e+01
4.680146367187500118e+02,-8.443458137786974760e+01
4.680149296875000005e+02,-8.685705790600917453e+01
4.680152226562499891e+02,-9.079976371560881887e+01
4.680155156250000346e+02,-8.209481357376103006e+01
4.680158085937500232e+02,-8.325491439264342830e+01
4.680161015625000118e+02,-8.654958352790936260e+01
4.680163945312500005e+02,-8.645501973679017738e+01
4.680166874999999891e+02,-8.041497344706426986e+01
4.680169804687500346e+02,-9.055082584232094689e+01
4.680172734375000232e+02,-8.234105697175868954e+01
4.680175664062500118e+02,-8.125328562908337915e+01
4.680178593750000005e+02,-8.254247595351110078e+01
4.680181523437499891e+02,-7.942038720249966843e+01
4.680184453125000346e+02,-8.211456286829968576e+01
4.680187382812500232e+02,-9.051234552666727495e+01
4.680190312500000118e+02,-8.604058781703493253e+01
4.680193242187500005e+02,-8.298213479626315348e+01
4.680196171874999891e+02,-8.565006001851928374e+01
4.680199101562500346e+02,-8.132559503639311060e+01
4.680202031250000232e+02,-7.785842862449132440e+01
4.680204960937500118e+02,-8.135699185627230179e+01
4.680207890625000005e+02,-8.666315542853631371e+01
4.680210820312499891e+02,-8.499375378948889193e+01
4.680213750000000346e+02,-9.520802462469269756e+01
4.680216679687500232e+02,-8.501620468943821152e+01
4.680219609375000118e+02,-8.335101868444523632e+01
4.680222539062500005e+02,-8.634738618262376519e+01
4.680225468749999891e+02,-8.910826477434113713e+01
4.680228398437500346e+02,-8.202300468060327887e+01
4.680231328125000232e+02,-8.299421656822873672e+01
4.680234257812500118e+02,-8.287203756822891876e+01
4.680237187500000005e+02,-7.994696524097973622e+01
4.680240117187499891e+02,-8.927117967212268468e+01
4.680243046875000346e+02,-8.714806999422296485e+01
4.680245976562500232e+02,-8.135752100395538378e+01
4.680248906250000118e+02,-8.435578662530146232e+01
4.680251835937500005e+02,-9.491931470058057130e+01
4.680254765624999891e+02,-8.477346976537646128e+01
4.680257695312500346e+02,-8.292593706134482545e+01
4.680260625000000232e+02,-9.299823383594650750e+01
4.680263554687500118e+02,-9.316753794726571414e+01
4.680266484375000005e+02,-8.948510185431047148e+01
4.680269414062499891e+02,-8.811940879547172756e+01
4.680272343750000346e+02,-9.610698592536172669e+01
4.680275273437500232e+02,-9.049255432037456615e+01
4.680278203125000118e+02,-1.081905839708319377e+02
4.680281132812500005e+02,-9.709480855031856095e+01
4.680284062499999891e+02,-8.165310613444225396e+01
4.680286992187500346e+02,-7.807813711968333337e+01
4.680289921875000232e+02,-7.976286210813130140e+01
4.680292851562500118e+02,-8.726621286832059354e+01
4.680295781250000005e+02,-8.543410490099844878e+01
4.680298710937499891e+02,-8.085091010655459343e+01
4.680301640625000346e+02,-8.142032513854448439e+01
4.680304570312500232e+02,-8.807463289638776871e+01
4.680307500000000118e+02,-9.892775342691041374e+01
4.680310429687500005e+02,-9.701752605365192039e+01
4.680313359374999891e+02,-9.338896061510092750e+01
4.680316289062500346e+02,-9.747137964754733730e+01
4.680319218750000232e+02,-1.035740809523397132e+02
4.680322148437500118e+02,-9.081682780295297164e+01
4.680325078125000005e+02,-8.448258287353809237e+01
4.680328007812499891e+02,-8.875833846321144449e+01
4.680330937500000346e+02,-8.343829903575226581e+01
4.680333867187500232e+02,-8.392710280391563060e+01
4.680336796875000118e+02,-8.518782585500277094e+01
4.680339726562500005e+02,-8.698835583613112021e+01
4.680342656249999891e+02,-8.317960496917874025e+01
4.680345585937500346e+02,-8.090173273638980334e+01
4.680348515625000232e+02,-8.408878945187373688e+01
4.680351445312500118e+02,-8.721301936986532155e+01
4.680354375000000005e+02,-8.353436474102832676e+01
4.680357304687499891e+02,-9.820798219823905129e+01
4.680360234375000346e+02,-9.277803796540175085e+01
4.680363164062500232e+02,-9.040486247325381441e+01
4.680366093750000118e+02,-8.623046002138110566e+01
4.680369023437500005e+02,-8.381803891893343916e+01
4.680371953124999891e+02,-8.235794739928263652e+01
4.680374882812500346e+02,-7.852948846137581995e+01
4.680377812500000232e+02,-8.479652733883693827e+01
4.680380742187500118e+02,-8.785777364476501816e+01
4.680383671875000005e+02,-8.733263908374665618e+01
4.680386601562499891e+02,-9.092010310234863368e+01
4.680389531250000346e+02,-8.782663427881854545e+01
4.680392460937500232e+02,-8.450591659972050707e+01
4.680395390625000118e+02,-8.466128656690574417e+01
4.680398320312500005e+02,-8.627111367363062300e+01
4.680401249999999891e+02,-9.051610053100624498e+01
4.680404179687500346e+02,-8.902767731663638529e+01
4.680407109375000232e+02,-9.198227437198855228e+01
4.680410039062500118e+02,-9.547881128085256819e+01
4.680412968750000005e+02,-9.301750039695593841e+01
4.680415898437499891e+02,-9.497749702726304122e+01
4.680418828125000346e+02,-8.400767184584310598e+01
4.680421757812500232e+02,-8.185654176957544337e+01
4.680424687500000118e+02,-1.057611698841620296e+02
4.680427617187500005e+02,-8.514863512208479790e+01
4.680430546874999891e+02,-8.794004131247037037e+01
4.680433476562500346e+02,-8.993812225686158968e+01
4.680436406250000232e+02,-9.193446770353287434e+01
4.680439335937500118e+02,-8.943346245775069292e+01
4.680442265625000005e+02,-8.644369507939494213e+01
4.680445195312499891e+02,-8.199774947434062256e+01
4.680448125000000346e+02,-8.588819482621198631e+01
4.680451054687500232e+02,-9.011889266514054952e+01
4.680453984375000118e+02,-9.093427124514840898e+01
4.680456914062500005e+02,-9.980507733172143503e+01
4.680459843749999891e+02,-8.393281414783258754e+01
4.680462773437500346e+02,-8.333183750478475815e+01
4.680465703125000232e+02,-8.344141982484433129e+01
4.680468632812500118e+02,-8.955529247104779245e+01
4.680471562500000005e+02,-8.524965542985702882e+01
4.680474492187499891e+02,-9.440997718654885773e+01
4.680477421875000346e+02,-9.712062283319453115e+01
4.680480351562500232e+02,-8.803477893041262803e+01
4.680483281250000118e+02,-8.775852866755441539e+01
4.680486210937500005e+02,-8.515124960083122119e+01
4.680489140624999891e+02,-9.242458323456141045e+01
4.680492070312500346e+02,-9.379645068526599516e+01
4.680495000000000232e+02,-8.237312331713398805e+01
4.680497929687500118e+02,-7.987646567430081745e+01
4.680500859375000005e+02,-8.504978075117068670e+01
4.680503789062499891e+02,-8.624852288375201681e+01
4.680506718750000346e+02,-1.057905902475361302e+02
4.680509648437500232e+02,-9.326794861714225249e+01
4.680512578125000118e+02,-8.917193493843780061e+01
4.680515507812500005e+02,-9.948899303068664324e+01
4.680518437499999891e+02,-8.695960737470186075e+01
4.680521367187500346e+02,-8.431287511780367083e+01
4.680524296875000232e+02,-8.278738698454407086e+01
4.680527226562500118e+02,-8.447472165244786879e+01
4.680530156250000005e+02,-9.524674250669873743e+01
4.680533085937499891e+02,-8.518879558283597930e+01
4.680536015625000346e+02,-8.821525149843620284e+01
4.680538945312500232e+02,-9.260009404268119226e+01
4.680541875000000118e+02,-9.707054677309692181e+01
4.680544804687500005e+02,-9.257743714090747744e+01
4.680547734374999891e+02,-9.135339263144510369e+01
4.680550664062500346e+02,-8.527471619834302885e+01
4.680553593750000232e+02,-8.216786987621915728e+01
4.680556523437500118e+02,-8.443559168786309499e+01
4.680559453125000005e+02,-8.795186827026256537e+01
4.680562382812499891e+02,-9.100531150464686903e+01
4.680565312500000346e+02,-8.634575183611927685e+01
4.680568242187500232e+02,-8.420771896463229211e+01
4.680571171875000118e+02,-9.387514678253994305e+01
4.680574101562500005e+02,-8.571526484244741084e+01
4.680577031249999891e+02,-9.205571690656051942e+01
4.680579960937500346e+02,-8.896005731195116084e+01
4.680582890625000232e+02,-8.251499416250815955e+01
4.680585820312500118e+02,-7.830353175850211755e+01
4.680588750000000005e+02,-8.351639255695829434e+01
4.680591679687499891e+02,-8.646930158954464218e+01
4.680594609375000346e+02,-8.576973825549563912e+01
4.680597539062500232e+02,-9.821803673797354861e+01
4.680600468750000118e+02,-9.950868558801472830e+01
4.680603398437500005e+02,-9.821611325666097514e+01
4.680606328124999891e+02,-8.744781071308528908e+01
4.680609257812500346e+02,-8.816587445415717639e+01
4.680612187500000232e+02,-8.541192159705772724e+01
4.680615117187500118e+02,-8.531952705036850659e+01
4.680618046875000005e+02,-8.873377093972226248e+01
4.680620976562499891e+02,-8.958413567205057859e+01
4.680623906250000346e+02,-9.150622114541332053e+01
4.680626835937500232e+02,-9.411047143582818819e+01
4.680629765625000118e+02,-9.540118873854572712e+01
4.680632695312500005e+02,-8.339287681306285549e+01
4.680635624999999891e+02,-8.728386944839074602e+01
4.680638554687500346e+02,-8.698252439227003663e+01
4.680641484375000232e+02,-9.326774358188588110e+01
4.680644414062500118e+02,-9.228296068417040487e+01
4.680647343750000005e+02,-9.002394509549417023e+01
4.680650273437499891e+02,-8.273162924050721756e+01
4.680653203125000346e+02,-8.742763005594949277e+01
4.680656132812500232e+02,-8.609230592862432729e+01
4.680659062500000118e+02,-1.010857062070497250e+02
4.680661992187500005e+02,-8.826677543179627605e+01
4.680664921874999891e+02,-8.899009537185905572e+01
4.680667851562500346e+02,-8.714740619159690027e+01
4.680670781250000232e+02,-8.837556823001081341e+01
4.680673710937500118e+02,-1.017018891877742419e+02
4.680676640625000005e+02,-8.877060955483356963e+01
4.680679570312499891e+02,-8.877426085479272899e+01
4.680682500000000346e+02,-9.218300693334984430e+01
4.680685429687500232e+02,-8.497679406094370336e+01
4.680688359375000118e+02,-8.951567944905859520e+01
4.680691289062500005e+02,-8.675402693380360120e+01
4.680694218749999891e+02,-9.476989663506915917e+01
4.680697148437500346e+02,-1.008068584733232171e+02
4.680700078125000232e+02,-9.888351565558801326e+01
4.680703007812500118e+02,-8.930792651548101446e+01
4.680705937500000005e+02,-8.166629361407012766e+01
4.680708867187499891e+02,-7.860387607239144359e+01
4.680711796875000346e+02,-7.988510971037857189e+01
4.680714726562500232e+02,-8.272089081545274780e+01
4.680717656250000118e+02,-9.203156137935592085e+01
4.680720585937500005e+02,-8.472663655757705214e+01
4.680723515624999891e+02,-7.911157553647625207e+01
4.680726445312500346e+02,-8.229427978915141750e+01
4.680729375000000232e+02,-8.825559887239926127e+01
4.680732304687500118e+02,-9.030440952682138800e+01
4.680735234375000005e+02,-9.206020351316078631e+01
4.680738164062499891e+02,-8.929220428938286602e+01
4.680741093750000346e+02,-8.893427100924256479e+01
4.680744023437500232e+02,-8.582302457767802650e+01
4.680746953125000118e+02,-8.989948758741289225e+01
4.680749882812500005e+02,-8.676172481211560239e+01
4.680752812499999891e+02,-8.452271221535758627e+01
4.680755742187500346e+02,-9.789421755217979637e+01
4.680758671875000232e+02,-8.738696821221253686e+01
4.680761601562500118e+02,-8.430786519294430548e+01
4.680764531250000005e+02,-9.947796809926444439e+01
4.680767460937499891e+02,-8.724610723636234866e+01
4.680770390625000346e+02,-8.425810194578239987e+01
4.680773320312500232e+02,-8.919945999399472214e+01
4.680776250000000118e+02,-8.355268985971491702e+01
4.680779179687500005e+02,-8.909880241612287932e+01
4.680782109374999891e+02,-1.003209335650820577e+02
4.680785039062500346e+02,-8.454218609002677454e+01
4.680787968750000232e+02,-8.147387955286671968e+01
4.680790898437500118e+02,-8.949359653436988538e+01
4.680793828125000005e+02,-8.148885343957759630e+01
4.680796757812499891e+02,-8.162330731482443014e+01
4.680799687500000346e+02,-8.561728810033241643e+01
4.680802617187500232e+02,-9.085128164565487907e+01
4.680805546875000118e+02,-9.054939876326697856e+01
4.680808476562500005e+02,-9.180630940578308241e+01
4.680811406249999891e+02,-9.920779963729498263e+01
4.680814335937500346e+02,-8.914197276126901670e+01
4.680817265625000232e+02,-8.444807585149740703e+01
4.680820195312500118e+02,-8.795971242156858239e+01
4.680823125000000005e+02,-9.077519760223481171e+01
4.680826054687499891e+02,-9.403791200123698957e+01
4.680828984375000346e+02,-9.521812886502414131e+01
4.680831914062500232e+02,-9.272456428257036976e+01
4.680834843750000118e+02,-9.286906559043225684e+01
4.680837773437500005e+02,-8.586905174419743503e+01
4.680840703124999891e+02,-8.760943682603546279e+01
4.680843632812500346e+02,-8.666727158247138618e+01
4.680846562500000232e+02,-8.523311738030204765e+01
4.680849492187500118e+02,-9.590030851561243708e+01
4.680852421875000005e+02,-8.702625630989318495e+01
4.680855351562499891e+02,-9.408723506426957783e+01
4.680858281250000346e+02,-8.913313297465279561e+01
4.680861210937500232e+02,-9.427658301373608651e+01
4.680864140625000118e+02,-9.496156604477252472e+01
4.680867070312500005e+02,-8.628211728841486661e+01
4.680869999999999891e+02,-9.079516702387255123e+01
4.680872929687500346e+02,-9.223591336308807342e+01
4.680875859375000232e+02,-8.097799619843733865e+01
4.680878789062500118e+02,-8.376720375252317297e+01
4.680881718750000005e+02,-8.620577051172234917e+01
4.680884648437499891e+02,-8.463940292919249941e+01
4.680887578125000346e+02,-8.941830796722410923e+01
4.680890507812500232e+02,-9.334120110815931071e+01
4.680893437500000118e+02,-8.312729712765360546e+01
4.680896367187500005e+02,-8.318184042213593443e+01
4.680899296874999891e+02,-8.733632514735147367e+01
4.680902226562500346e+02,-8.891938639037564940e+01
4.680905156250000232e+02,-8.418409003442218363e+01
4.680908085937500118e+02,-9.052893274083550068e+01
4.680911015625000005e+02,-9.365920392315274512e+01
4.680913945312499891e+02,-8.796713405936409913e+01
4.680916875000000346e+02,-9.099192789132452219e+01
4.680919804687500232e+02,-9.484523225229553134e+01
4.680922734375000118e+02,-8.507839631765014587e+01
4.680925664062500005e+02,-9.476605918302411169e+01
4.680928593749999891e+02,-8.196263160406255111e+01
4.680931523437500346e+02,-7.979466652775185764e+01
4.680934453125000232e+02,-8.109578097987468936e+01
4.680937382812500118e+02,-8.992149486530529146e+01
4.680940312500000005e+02,-8.731487651384355786e+01
4.680943242187499891e+02,-9.177475640524569656e+01
4.680946171875000346e+02,-9.052493620326323764e+01
4.680949101562500232e+02,-8.778437584578995256e+01
4.680952031250000118e+02,-8.713757793560695575e+01
4.680954960937500005e+02,-8.587950122904352668e+01
4.680957890624999891e+02,-8.769801408432880407e+01
4.680960820312500346e+02,-9.042021367947286592e+01
4.680963750000000232e+02,-9.192500289068757979e+01
4.680966679687500118e+02,-8.625254921181344514e+01
4.680969609375000005e+02,-8.239426370827047208e+01
4.680972539062499891e+02,-8.371168085065232844e+01
4.680975468750000346e+02,-9.028112468733753815e+01
4.680978398437500232e+02,-9.195464320490417265e+01
4.680981328125000118e+02,-8.273021814075906377e+01
4.680984257812500005e+02,-8.388409614685173210e+01
4.680987187499999891e+02,-9.317028236228993876e+01
4.680990117187500346e+02,-9.706654027650068883e+01
4.680993046875000232e+02,-9.280597010223330301e+01
4.680995976562500118e+02,-9.383571244587344040e+01
4.680998906250000005e+02,-8.536953120312358578e+01
4.681001835937499891e+02,-8.876656963740262540e+01
4.681004765625000346e+02,-9.116117300913478516e+01
4.681007695312500232e+02,-8.496302275047722219e+01
4.681010625000000118e+02,-8.378433633661502711e+01
4.681013554687500005e+02,-8.438844845267610140e+01
4.681016484374999891e+02,-9.097363160368286117e+01
4.681019414062500346e+02,-9.131393326640628061e+01
4.681022343750000232e+02,-1.096464628959991217e+02
4.681025273437500118e+02,-8.591805888291055737e+01
4.681028203125000005e+02,-8.432557604879983160e+01
4.681031132812499891e+02,-1.257178531543991227e+02
4.681034062500000346e+02,-9.529150340959921550e+01
4.681036992187500232e+02,-9.482440235152915875e+01
4.681039921875000118e+02,-8.779789031255744192e+01
4.681042851562500005e+02,-8.984630322212446174e+01
4.681045781249999891e+02,-9.950524410828350597e+01
4.681048710937500346e+02,-8.727696503984759602e+01
4.681051640625000232e+02,-8.141906623900200657e+01
4.681054570312500118e+02,-7.805119862925414509e+01
4.681057500000000005e+02,-8.065706794290707649e+01
4.681060429687499891e+02,-8.566260454507900590e+01
4.681063359375000346e+02,-9.303338963091144365e+01
4.681066289062500232e+02,-9.308510222489232433e+01
4.681069218750000118e+02,-8.785292166972416794e+01
4.681072148437500005e+02,-9.701503358350660733e+01
4.681075078124999891e+02,-8.391113281059890028e+01
4.681078007812500346e+02,-8.483033044748248130e+01
4.681080937500000232e+02,-9.729479481770317761e+01
4.681083867187500118e+02,-9.059220333311854745e+01
4.681086796875000005e+02,-8.442044422475578358e+01
4.681089726562499891e+02,-9.210295801742114463e+01
4.681092656250000346e+02,-8.746227604397815014e+01
4.681095585937500232e+02,-8.256186880312816356e+01
4.681098515625000118e+02,-8.479381929542256557e+01
4.681101445312500005e+02,-8.775531827851808941e+01
4.681104374999999891e+02,-9.297996138871398841e+01
4.681107304687500346e+02,-8.683835973169074407e+01
4.681110234375000232e+02,-9.054715876731030733e+01
4.681113164062500118e+02,-9.888522334402955494e+01
4.681116093750000005e+02,-8.917598097038631977e+01
4.681119023437499891e+02,-9.090639093627835621e+01
4.681121953125000346e+02,-9.772233492531101717e+01
4.681124882812500232e+02,-8.524062056373692542e+01
4.681127812500000118e+02,-8.614535736103346153e+01
4.681130742187500005e+02,-8.256843714459051853e+01
4.681133671874999891e+02,-8.529595861809448820e+01
4.681136601562500346e+02,-9.849992891277672413e+01
4.681139531250000232e+02,-8.657722552471581423e+01
4.681142460937500118e+02,-8.557433604816658601e+01
4.681145390625000005e+02,-9.932122758150244124e+01
4.681148320312499891e+02,-9.230456687664029403e+01
4.681151250000000346e+02,-8.470602574715650235e+01
4.681154179687500232e+02,-8.627108668680023129e+01
4.681157109375000118e+02,-8.259328448891380958e+01
4.681160039062500005e+02,-8.447367922834362730e+01
4.681162968749999891e+02,-9.007166987544906078e+01
4.681165898437500346e+02,-9.030245698633333973e+01
4.681168828125000232e+02,-8.737694444792953163e+01
4.681171757812500118e+02,-8.632067193959115059e+01
4.681174687500000005e+02,-8.315871304765477134e+01
4.681177617187499891e+02,-8.268367504547424574e+01
4.681180546875000346e+02,-8.533415306653597554e+01
4.681183476562500232e+02,-8.856130898964764242e+01
4.681186406250000118e+02,-8.037429046138628053e+01
4.681189335937500005e+02,-8.351755838150516809e+01
4.681192265624999891e+02,-9.094424471052118975e+01
4.681195195312500346e+02,-8.990166049340366783e+01
4.681198125000000232e+02,-8.550283699502762147e+01
4.681201054687500118e+02,-8.607581583666208758e+01
4.681203984375000005e+02,-8.835526230829744065e+01
4.681206914062499891e+02,-9.191957280536315977e+01
4.681209843750000346e+02,-8.569362374161727303e+01
4.681212773437500232e+02,-9.017302634698268093e+01
4.681215703125000118e+02,-9.336226593794185646e+01
4.681218632812500005e+02,-9.127226265983487963e+01
4.681221562499999891e+02,-8.467785804900546509e+01
4.681224492187500346e+02,-8.938424839430032875e+01
4.681227421875000232e+02,-8.555737572497731946e+01
4.681230351562500118e+02,-8.305437550416129966e+01
4.681233281250000005e+02,-8.635139350300195815e+01
4.681236210937499891e+02,-8.929038519447637157e+01
4.681239140625000346e+02,-9.734382293595385249e+01
4.681242070312500232e+02,-8.451899612733555500e+01
4.681245000000000118e+02,-8.835346731020472077e+01
4.681247929687500005e+02,-8.899176263903737549e+01
4.681250859374999891e+02,-1.074716760432720548e+02
4.681253789062500346e+02,-8.497679047606908398e+01
4.681256718750000232e+02,-8.749209670080747969e+01
4.681259648437500118e+02,-8.716765733214558054e+01
4.681262578125000005e+02,-8.931641182147019720e+01
4.681265507812499891e+02,-9.271269439512082045e+01
4.681268437500000346e+02,-9.513205354979373851e+01
4.681271367187500232e+02,-8.844521000515047149e+01
4.681274296875000118e+02,-8.423057522029189670e+01
4.681277226562500005e+02,-8.399695927048610145e+01
4.681280156249999891e+02,-9.463432829218702125e+01
4.681283085937500346e+02,-9.454583687511991741e+01
4.681286015625000232e+02,-1.035882784063273334e+02
4.681288945312500118e+02,-9.551737485346239964e+01
4.681291875000000005e+02,-9.229952859345627303e+01
4.681294804687499891e+02,-8.560267662541606626e+01
4.681297734375000346e+02,-8.886418386395392588e+01
4.681300664062500232e+02,-9.330330574780271036e+01
4.681303593750000118e+02,-9.010399434332391877e+01
4.681306523437500005e+02,-9.281943220934653027e+01
4.681309453124999891e+02,-8.434139106852538248e+01
4.681312382812500346e+02,-8.375118551350816176e+01
4.681315312500000232e+02,-8.290474613148899152e+01
4.681318242187500118e+02,-8.229615159412888659e+01
4.681321171875000005e+02,-8.678162118587508189e+01
4.681324101562499891e+02,-9.364862755761993185e+01
4.681327031250000346e+02,-9.067697489333566807e+01
4.681329960937500232e+02,-9.595768211711684614e+01
4.681332890625000118e+02,-9.205911618703558474e+01
4.681335820312500005e+02,-8.711570010661687036e+01
4.681338749999999891e+02,-9.195782163511094609e+01
4.681341679687500346e+02,-9.063918147672731607e+01
4.681344609375000232e+02,-8.216743174723870879e+01
4.681347539062500118e+02,-8.199184680986508056e+01
4.681350468750000005e+02,-9.430270252423342470e+01
4.681353398437499891e+02,-8.491393366901382933e+01
4.681356328125000346e+02,-8.048578150172170353e+01
4.681359257812500232e+02,-8.086840508322168830e+01
4.681362187500000118e+02,-8.998287703763649859e+01
4.681365117187500005e+02,-9.705562370438138942e+01
4.681368046874999891e+02,-9.829089761784545942e+01
4.681370976562500346e+02,-9.063488255052422460e+01
4.681373906250000232e+02,-8.600466859906708805e+01
4.681376835937500118e+02,-9.869130272791514358e+01
4.681379765625000005e+02,-8.472838989734619020e+01
4.681382695312499891e+02,-8.974220414676267410e+01
4.681385625000000346e+02,-9.042389199182210291e+01
4.681388554687500232e+02,-8.579786091043854412e+01
4.681391484375000118e+02,-8.606109544382374565e+01
4.681394414062500005e+02,-9.050785623393474566e+01
4.681397343749999891e+02,-8.216397718909482251e+01
4.681400273437500346e+02,-8.356689958239303451e+01
4.681403203125000232e+02,-8.935749543105953308e+01
4.681406132812500118e+02,-9.384606459940056311e+01
4.681409062500000005e+02,-8.484429096637570922e+01
4.681411992187499891e+02,-8.596722685181595125e+01
4.681414921875000346e+02,-1.042140587431242693e+02
4.681417851562500232e+02,-1.084799605300558625e+02
4.681420781250000118e+02,-1.008937507555558142e+02
4.681423710937500005e+02,-1.001030079046413448e+02
4.681426640624999891e+02,-9.123582615555763198e+01
4.681429570312500346e+02,-8.590277637847651704e+01
4.681432500000000232e+02,-8.510235745414883013e+01
4.681435429687500118e+02,-8.821467639777685577e+01
4.681438359375000005e+02,-8.489423103504115886e+01
4.681441289062499891e+02,-8.605740676976904524e+01
4.681444218750000346e+02,-8.879016420090208328e+01
4.681447148437500232e+02,-8.641805138479665516e+01
4.681450078125000118e+02,-9.426862149045888373e+01
4.681453007812500005e+02,-8.332270262605136679e+01
4.681455937499999891e+02,-8.487653031018469107e+01
4.681458867187500346e+02,-8.373052722946779625e+01
4.681461796875000232e+02,-8.907362037691348178e+01
4.681464726562500118e+02,-8.730709781350668663e+01
4.681467656250000005e+02,-8.767583641480658230e+01
4.681470585937499891e+02,-9.541426276161070064e+01
4.681473515625000346e+02,-8.725049642112252002e+01
4.681476445312500232e+02,-8.811292516563568711e+01
4.681479375000000118e+02,-8.996460047497808432e+01
4.681482304687500005e+02,-7.883101040406738491e+01
4.681485234374999891e+02,-7.793302558695418725e+01
4.681488164062500346e+02,-8.565785468136274972e+01
4.681491093750000232e+02,-1.003432378572446737e+02
4.681494023437500118e+02,-8.651898747483264174e+01
4.681496953125000005e+02,-8.476508372797968605e+01
4.681499882812499891e+02,-9.343829767664144015e+01
4.681502812500000346e+02,-8.976622227886031169e+01
4.681505742187500232e+02,-8.827555195351271777e+01
4.681508671875000118e+02,-9.388570195993581535e+01
4.681511601562500005e+02,-8.937512448387349195e+01
4.681514531249999891e+02,-8.797331529300437580e+01
4.681517460937500346e+02,-8.479462307803295573e+01
4.681520390625000232e+02,-8.145568081256550386e+01
4.681523320312500118e+02,-8.613669013100459892e+01
4.681526250000000005e+02,-8.437848071697528951e+01
4.681529179687499891e+02,-8.905476662751866002e+01
4.681532109375000346e+02,-9.863512014612291523e+01
4.681535039062500232e+02,-9.467801821624375691e+01
4.681537968750000118e+02,-8.803622325433937590e+01
4.681540898437500005e+02,-8.482870908678737010e+01
4.681543828124999891e+02,-8.602869651118119521e+01
4.681546757812500346e+02,-8.593629651144613035e+01
4.681549687500000232e+02,-8.977159937674501577e+01
4.681552617187500118e+02,-8.599911619550496766e+01
4.681555546875000005e+02,-8.969367479294903944e+01
4.681558476562499891e+02,-8.900839028270871722e+01
4.681561406250000346e+02,-8.652425732634277722e+01
4.681564335937500232e+02,-9.084874031532207539e+01
4.681567265625000118e+02,-8.792499478303949445e+01
4.681570195312500005e+02,-8.830241176924292290e+01
4.681573124999999891e+02,-8.377387938726329253e+01
4.681576054687500346e+02,-8.824686657531707112e+01
4.681578984375000232e+02,-9.563069010767799227e+01
4.681581914062500118e+02,-1.017237909054116898e+02
4.681584843750000005e+02,-1.010931515053477199e+02
4.681587773437499891e+02,-9.122729973528292646e+01
4.681590703125000346e+02,-8.982091567967204071e+01
4.681593632812500232e+02,-9.281464011668475678e+01
4.681596562500000118e+02,-8.720247420986970610e+01
4.681599492187500005e+02,-8.541974768680148600e+01
4.681602421874999891e+02,-9.687637032679086246e+01
4.681605351562500346e+02,-1.030529169564568974e+02
4.681608281250000232e+02,-9.695465008712089627e+01
4.681611210937500118e+02,-8.423438227830173730e+01
4.681614140625000005e+02,-8.462832074487772616e+01
4.681617070312499891e+02,-8.902704082781826855e+01
4.681620000000000346e+02,-9.484205689193143485e+01
4.681622929687500232e+02,-8.382468320840096965e+01
4.681625859375000118e+02,-8.106495620945440805e+01
4.681628789062500005e+02,-8.820700494221689780e+01
4.681631718749999891e+02,-9.469495730180113924e+01
4.681634648437500346e+02,-1.012807351389128314e+02
4.681637578125000232e+02,-9.172178505164418993e+01
4.681640507812500118e+02,-8.715804601939231588e+01
4.681643437500000005e+02,-8.669919424644749029e+01
4.681646367187499891e+02,-8.143780877070875590e+01
4.681649296875000346e+02,-8.598399658528919076e+01
4.681652226562500232e+02,-9.810604590485853294e+01
4.681655156250000118e+02,-9.237882624585242297e+01
4.681658085937500005e+02,-9.365429393456327034e+01
4.681661015624999891e+02,-8.751812621510190127e+01
4.681663945312500346e+02,-8.734077701958939599e+01
4.681666875000000232e+02,-1.066057162768880318e+02
4.681669804687500118e+02,-1.030972544823402757e+02
4.681672734375000005e+02,-8.879633965726149825e+01
4.681675664062499891e+02,-9.085464350834334368e+01
4.681678593750000346e+02,-9.758933966661712134e+01
4.681681523437500232e+02,-9.595768266705584892e+01
4.681684453125000118e+02,-1.092251747092722383e+02
4.681687382812500005e+02,-9.215558406160198501e+01
4.681690312499999891e+02,-9.140253201782543613e+01
4.681693242187500346e+02,-9.148510191571334360e+01
4.681696171875000232e+02,-9.184036453243331266e+01
4.681699101562500118e+02,-8.496846557909691455e+01
4.681702031250000005e+02,-8.446552481117964817e+01
4.681704960937499891e+02,-1.008044867023468072e+02
4.681707890625000346e+02,-9.672522901754290103e+01
4.681710820312500232e+02,-9.224809327877366627e+01
4.681713750000000118e+02,-8.684678309400835872e+01
4.681716679687500005e+02,-8.225333697887901963e+01
4.681719609374999891e+02,-8.222689468516300337e+01
4.681722539062500346e+02,-8.720213402042028861e+01
4.681725468750000232e+02,-1.046412564626485988e+02
4.681728398437500118e+02,-9.347848060103410717e+01
4.681731328125000005e+02,-9.214660556935923807e+01
4.681734257812499891e+02,-8.486402056746584321e+01
4.681737187500000346e+02,-8.670472360504055587e+01
4.681740117187500232e+02,-8.868077588814071532e+01
4.681743046875000118e+02,-8.650851167273472697e+01
4.681745976562500005e+02,-9.641152002819305267e+01
4.681748906249999891e+02,-9.076991924259276345e+01
4.681751835937500346e+02,-8.720540299137610418e+01
4.681754765625000232e+02,-1.017766631287581589e+02
4.681757695312500118e+02,-8.660195217508996279e+01
4.681760625000000005e+02,-8.616122157089138511e+01
4.681763554687499891e+02,-9.155010258470632323e+01
4.681766484375000346e+02,-8.939436876996572323e+01
4.681769414062500232e+02,-8.582452066266921520e+01
4.681772343750000118e+02,-8.648839867826632144e+01
4.681775273437500005e+02,-8.821230297932666531e+01
4.681778203124999891e+02,-8.849700305012545698e+01
4.681781132812500346e+02,-8.722288122505796082e+01
4.681784062500000232e+02,-8.897645803186975400e+01
4.681786992187500118e+02,-9.241064312164324690e+01
4.681789921875000005e+02,-9.266693568329546338e+01
4.681792851562499891e+02,-8.575136574283206414e+01
4.681795781250000346e+02,-8.414798965528262897e+01
4.681798710937500232e+02,-8.767220537750317533e+01
4.681801640625000118e+02,-1.023703508605787533e+02
4.681804570312500005e+02,-1.087223979890174377e+02
4.681807499999999891e+02,-9.194268733257332826e+01
4.681810429687500346e+02,-8.892138800084389061e+01
4.681813359375000232e+02,-9.225168734656817549e+01
4.681816289062500118e+02,-9.132601693018250444e+01
4.681819218750000005e+02,-9.129215771892990006e+01
4.681822148437499891e+02,-8.804761727663269255e+01
4.681825078125000346e+02,-9.450026164337806733e+01
4.681828007812500232e+02,-9.053154319055644805e+01
4.681830937500000118e+02,-9.475840640334597254e+01
4.681833867187500005e+02,-9.717817632242669390e+01
4.681836796874999891e+02,-9.102652704210419188e+01
4.681839726562500346e+02,-8.781228822313239846e+01
4.681842656250000232e+02,-9.642516085923590197e+01
4.681845585937500118e+02,-8.935178163959528774e+01
4.681848515625000005e+02,-8.490058820411724128e+01
4.681851445312499891e+02,-8.322469782633658042e+01
4.681854375000000346e+02,-8.727291836577930439e+01
4.681857304687500232e+02,-8.539172799144179749e+01
4.681860234375000118e+02,-9.373081779345723419e+01
4.681863164062500005e+02,-8.275901550027201381e+01
4.681866093749999891e+02,-8.480277343242030952e+01
4.681869023437500346e+02,-8.853232095173511595e+01
4.681871953125000232e+02,-9.048690519859349024e+01
4.681874882812500118e+02,-9.802433991859713558e+01
4.681877812500000005e+02,-1.121663604546327377e+02
4.681880742187499891e+02,-9.365341579535601113e+01
4.681883671875000346e+02,-8.597483256003762619e+01
4.681886601562500232e+02,-8.430099372582942863e+01
4.681889531250000118e+02,-9.345200376569155765e+01
4.681892460937500005e+02,-8.774933624100221152e+01
4.681895390624999891e+02,-1.040683017440508991e+02
4.681898320312500346e+02,-8.280447563792122878e+01
4.681901250000000232e+02,-8.137782807147206654e+01
4.681904179687500118e+02,-8.730218872713678024e+01
4.681907109375000005e+02,-9.456166998913232646e+01
4.681910039062499891e+02,-8.945743232060003436e+01
4.681912968750000346e+02,-1.002046193836422106e+02
4.681915898437500232e+02,-8.610178433454882452e+01
4.681918828125000118e+02,-8.380571612150369276e+01
4.681921757812500005e+02,-8.441542143490160299e+01
4.681924687499999891e+02,-9.288401812802294444e+01
4.681927617187500346e+02,-9.219150789017731995e+01
4.681930546875000232e+02,-1.011444519338458292e+02
4.681933476562500118e+02,-9.046239562549556013e+01
4.681936406250000005e+02,-9.243608112243657615e+01
4.681939335937499891e+02,-9.092118496906358871e+01
4.681942265625000346e+02,-9.065445350049407125e+01
4.681945195312500232e+02,-9.250580407590550180e+01
4.681948125000000118e+02,-9.158267818807416916e+01
4.681951054687500005e+02,-8.549436141542145151e+01
4.681953984374999891e+02,-8.755346812375690035e+01
4.681956914062500346e+02,-8.446798348881372931e+01
4.681959843750000232e+02,-8.991313395064483416e+01
4.681962773437500118e+02,-1.066767588872444747e+02
4.681965703125000005e+02,-8.695784587765308515e+01
4.681968632812499891e+02,-8.903838480966300040e+01
4.681971562500000346e+02,-9.103690078455700530e+01
4.681974492187500232e+02,-8.791647600416624186e+01
4.681977421875000118e+02,-8.920487797601622049e+01
4.681980351562500005e+02,-8.942994903778870253e+01
4.681983281249999891e+02,-9.617313496630521286e+01
4.681986210937500346e+02,-9.959579518855534275e+01
4.681989140625000232e+02,-9.097322229221617818e+01
4.681992070312500118e+02,-8.740119121300440952e+01
4.681995000000000005e+02,-8.692651174290035954e+01
4.681997929687499891e+02,-9.218711322907593342e+01
4.682000859375000346e+02,-9.841034980725262926e+01
4.682003789062500232e+02,-8.825008490930355265e+01
4.682006718750000118e+02,-8.415297375487584475e+01
4.682009648437500005e+02,-8.416839576148046831e+01
4.682012578124999891e+02,-8.738364800815944022e+01
4.682015507812500346e+02,-8.701238546906522231e+01
4.682018437500000232e+02,-1.082690021216656220e+02
4.682021367187500118e+02,-9.306883838185619595e+01
4.682024296875000005e+02,-8.938785303493133938e+01
4.682027226562499891e+02,-9.682698423218083406e+01
4.682030156250000346e+02,-9.035372253164537426e+01
4.682033085937500232e+02,-8.665475512714651529e+01
4.682036015625000118e+02,-8.087147232699399524e+01
4.682038945312500005e+02,-8.146640019778287467e+01
4.682041874999999891e+02,-9.475654768397714633e+01
4.682044804687500346e+02,-9.353846160915776409e+01
4.682047734375000232e+02,-9.490416291047185382e+01
4.682050664062500118e+02,-1.014802365962851525e+02
4.682053593750000005e+02,-9.107057633911936989e+01
4.682056523437499891e+02,-9.028399331469046274e+01
4.682059453125000346e+02,-8.282533111028554629e+01
4.682062382812500232e+02,-8.445258328382023194e+01
4.682065312500000118e+02,-9.713590239342806854e+01
4.682068242187500005e+02,-1.017161855235574421e+02
4.682071171874999891e+02,-9.055987192686075105e+01
4.682074101562500346e+02,-8.702897307627659984e+01
4.682077031250000232e+02,-9.269188751521247127e+01
4.682079960937500118e+02,-9.188532566743430152e+01
4.682082890625000005e+02,-8.494687906858992221e+01
4.682085820312499891e+02,-8.711161703034792936e+01
4.682088750000000346e+02,-9.278392087439867453e+01
4.682091679687500232e+02,-9.925045120596136883e+01
4.682094609375000118e+02,-8.528263901399168390e+01
4.682097539062500005e+02,-8.562057944007491983e+01
4.682100468749999891e+02,-9.441141378339867174e+01
4.682103398437500346e+02,-8.872979866774258539e+01
4.682106328125000232e+02,-8.665970914367923683e+01
4.682109257812500118e+02,-8.708794428099307083e+01
4.682112187500000005e+02,-9.897918598741908625e+01
4.682115117187499891e+02,-9.335534153714411332e+01
4.682118046875000346e+02,-9.313905638979034052e+01
4.682120976562500232e+02,-8.825410152997326918e+01
4.682123906250000118e+02,-8.639449426462050496e+01
4.682126835937500005e+02,-1.053610747009006019e+02
4.682129765624999891e+02,-9.065762545751618973e+01
4.682132695312500346e+02,-9.136183978600141131e+01
4.682135625000000232e+02,-8.891908619159846694e+01
4.682138554687500118e+02,-9.496649148521341033e+01
4.682141484375000005e+02,-8.551778142420283757e+01
4.682144414062499891e+02,-8.782052381355158843e+01
4.682147343750000346e+02,-8.537942218177961706e+01
4.682150273437500232e+02,-8.884584654070872034e+01
4.682153203125000118e+02,-8.827601977711239556e+01
4.682156132812500005e+02,-8.452561271588041336e+01
4.682159062499999891e+02,-8.573895960226477087e+01
4.682161992187500346e+02,-9.607082527220259749e+01
4.682164921875000232e+02,-9.937024550192606398e+01
4.682167851562500118e+02,-1.010982318869630205e+02
4.682170781250000005e+02,-9.891361763835702448e+01
4.682173710937499891e+02,-9.520852215156038767e+01
4.682176640625000346e+02,-9.542659289390454092e+01
4.682179570312500232e+02,-9.070020970774891111e+01
4.682182500000000118e+02,-8.497683431374500174e+01
4.682185429687500005e+02,-8.711370273910415563e+01
4.682188359374999891e+02,-9.284542080146991339e+01
4.682191289062500346e+02,-9.667500036188795320e+01
4.682194218750000232e+02,-9.971357382009472303e+01
4.682197148437500118e+02,-9.741947913976689222e+01
4.682200078125000005e+02,-8.511064965819365113e+01
4.682203007812499891e+02,-8.531033933800047464e+01
4.682205937500000346e+02,-8.828243555677188681e+01
4.682208867187500232e+02,-8.958457067885440495e+01
4.682211796875000118e+02,-8.622838700047239513e+01
4.682214726562500005e+02,-9.021120891585155732e+01
4.682217656249999891e+02,-1.239521839182383331e+02
4.682220585937500346e+02,-9.544460999517195887e+01
4.682223515625000232e+02,-9.151488484677521740e+01
4.682226445312500118e+02,-9.119415614030845063e+01
4.682229375000000005e+02,-8.929271282570260837e+01
4.682232304687499891e+02,-9.212763075419837833e+01
4.682235234375000346e+02,-9.593397196772096436e+01
4.682238164062500232e+02,-9.493654160604451420e+01
4.682241093750000118e+02,-1.046276887198468586e+02
4.682244023437500005e+02,-1.005211280162955489e+02
4.682246953124999891e+02,-8.922122959067279169e+01
4.682249882812500346e+02,-8.324189073266325067e+01
4.682252812500000232e+02,-8.742608562233399994e+01
4.682255742187500118e+02,-9.293259090031625647e+01
4.682258671875000005e+02,-8.731516414940395521e+01
4.682261601562499891e+02,-8.739590710410098495e+01
4.682264531250000346e+02,-8.835489055111169421e+01
4.682267460937500232e+02,-1.026391500688461633e+02
4.682270390625000118e+02,-9.666770614997707867e+01
4.682273320312500005e+02,-9.346344150693896324e+01
4.682276249999999891e+02,-8.780337834715359691e+01
4.682279179687500346e+02,-9.288727192784122622e+01
4.682282109375000232e+02,-1.107912962935405830e+02
4.682285039062500118e+02,-8.540509505458661010e+01
4.682287968750000005e+02,-9.095580838108514854e+01
4.682290898437499891e+02,-8.992040072184748567e+01
4.682293828125000346e+02,-8.673939175679768709e+01
4.682296757812500232e+02,-8.320947386953832847e+01
4.682299687500000118e+02,-8.661951581993905336e+01
4.682302617187500005e+02,-9.025245017457436347e+01
4.682305546874999891e+02,-9.185218203704350515e+01
4.682308476562500346e+02,-9.538191546907927432e+01
4.682311406250000232e+02,-9.639122639017483607e+01
4.682314335937500118e+02,-8.610459698806752726e+01
4.682317265625000005e+02,-8.536033659251403094e+01
4.682320195312499891e+02,-8.687823726667295432e+01
4.682323125000000346e+02,-8.270813768906292296e+01
4.682326054687500232e+02,-8.892288759716024060e+01
4.682328984375000118e+02,-9.291948020434310251e+01
4.682331914062500005e+02,-8.886510778508548469e+01
4.682334843749999891e+02,-9.037990858437575525e+01
4.682337773437500346e+02,-8.789406292331564430e+01
4.682340703125000232e+02,-8.637637567257749538e+01
4.682343632812500118e+02,-8.204825082237968559e+01
4.682346562500000005e+02,-8.500192919146103065e+01
4.682349492187499891e+02,-9.159673459979190113e+01
4.682352421875000346e+02,-9.473419275758311642e+01
4.682355351562500232e+02,-9.900920437685812203e+01
4.682358281250000118e+02,-8.954780750130454692e+01
4.682361210937500005e+02,-8.797451492038506160e+01
4.682364140624999891e+02,-9.297956245829806221e+01
4.682367070312500346e+02,-8.708834681477087258e+01
4.682370000000000232e+02,-8.583912913017462643e+01
4.682372929687500118e+02,-9.546818285696802775e+01
4.682375859375000005e+02,-8.793662621214690489e+01
4.682378789062499891e+02,-8.790951211789089825e+01
4.682381718750000346e+02,-8.746731186616634091e+01
4.682384648437500232e+02,-8.149545440681828268e+01
4.682387578125000118e+02,-8.342581395612330653e+01
4.682390507812500005e+02,-8.429582707940240027e+01
4.682393437499999891e+02,-8.682892426625622306e+01
4.682396367187500346e+02,-8.684167739544237463e+01
4.682399296875000232e+02,-8.547218823231133911e+01
4.682402226562500118e+02,-8.746119796545704617e+01
4.682405156250000005e+02,-8.492855141139659736e+01
4.682408085937499891e+02,-9.245853890229273020e+01
4.682411015625000346e+02,-8.667875045121766675e+01
4.682413945312500232e+02,-8.549220594566612874e+01
4.682416875000000118e+02,-9.151758052412573363e+01
4.682419804687500005e+02,-8.505860761685380567e+01
4.682422734374999891e+02,-8.653206575848619764e+01
4.682425664062500346e+02,-9.848133013519014867e+01
4.682428593750000232e+02,-9.677741586602083146e+01
4.682431523437500118e+02,-9.160458310741829280e+01
4.682434453125000005e+02,-8.867153008986149132e+01
4.682437382812499891e+02,-8.688616494740352891e+01
4.682440312500000346e+02,-8.707677732263323378e+01
4.682443242187500232e+02,-9.256812683894574434e+01
4.682446171875000118e+02,-9.138825525536454109e+01
4.682449101562500005e+02,-8.849660212061726838e+01
4.682452031249999891e+02,-9.087861936431649212e+01
4.682454960937500346e+02,-8.749179999101214378e+01
4.682457890625000232e+02,-8.434567450111933340e+01
4.682460820312500118e+02,-8.732911396549901895e+01
4.682463750000000005e+02,-8.378907673412214763e+01
4.682466679687499891e+02,-8.473730437703268592e+01
4.682469609375000346e+02,-9.509447070966146498e+01
4.682472539062500232e+02,-8.622344690123640021e+01
4.682475468750000118e+02,-8.340508809749879049e+01
4.682478398437500005e+02,-8.629308517722057559e+01
4.682481328124999891e+02,-9.202630396995083117e+01
4.682484257812500346e+02,-8.960418528994938470e+01
4.682487187500000232e+02,-8.632899926610100749e+01
4.682490117187500118e+02,-8.521029640234714009e+01
4.682493046875000005e+02,-9.496688818226067497e+01
4.682495976562499891e+02,-8.767602376358050265e+01
4.682498906250000346e+02,-8.617751974927239189e+01
4.682501835937500232e+02,-9.349789044901088175e+01
4.682504765625000118e+02,-9.246922332053668470e+01
4.682507695312500005e+02,-8.994898385694959586e+01
4.682510624999999891e+02,-8.586836086523058498e+01
4.682513554687500346e+02,-8.767401434911170099e+01
4.682516484375000232e+02,-8.413421578913892063e+01
4.682519414062500118e+02,-8.301071860536919189e+01
4.682522343750000005e+02,-8.393368838300789037e+01
4.682525273437499891e+02,-9.531408192253772427e+01
4.682528203125000346e+02,-8.410607202263275894e+01
4.682531132812500232e+02,-8.530736325116038188e+01
4.682534062500000118e+02,-9.462480086076531904e+01
4.682536992187500005e+02,-9.456794557460708006e+01
4.682539921874999891e+02,-8.701504838879992576e+01
4.682542851562500346e+02,-9.047257652119745330e+01
4.682545781250000232e+02,-8.959590032527103176e+01
4.682548710937500118e+02,-8.636149616774889637e+01
4.682551640625000005e+02,-8.996618809381160986e+01
4.682554570312499891e+02,-8.864087040283442320e+01
4.682557500000000346e+02,-9.020744759754408904e+01
4.682560429687500232e+02,-8.726941588198261002e+01
4.682563359375000118e+02,-9.761940238868126585e+01
4.682566289062500005e+02,-8.544484128637566300e+01
4.682569218749999891e+02,-9.089273809706972429e+01
4.682572148437500346e+02,-9.340223860808907830e+01
4.682575078125000232e+02,-8.855646994245994108e+01
4.682578007812500118e+02,-9.937571947881842505e+01
4.682580937500000005e+02,-8.618989838136585035e+01
4.682583867187499891e+02,-8.548571883964841334e+01
4.682586796875000346e+02,-8.641093821003929065e+01
4.682589726562500232e+02,-9.970485877403909569e+01
4.682592656250000118e+02,-8.639589822728858337e+01
4.682595585937500005e+02,-8.627073584834644748e+01
4.682598515624999891e+02,-8.981017825247380415e+01
4.682601445312500346e+02,-1.003275234611373889e+02
4.682604375000000232e+02,-9.526032320219471217e+01
4.682607304687500118e+02,-9.085341167918721794e+01
4.682610234375000005e+02,-1.011825785283145365e+02
4.682613164062499891e+02,-9.758248722830323629e+01
4.682616093750000346e+02,-8.572925612145213847e+01
4.682619023437500232e+02,-8.302564292871738871e+01
4.682621953125000118e+02,-8.548504463167753897e+01
4.682624882812500005e+02,-8.584417082650068664e+01
4.682627812499999891e+02,-9.123415973188370742e+01
4.682630742187500346e+02,-9.174492346558649558e+01
4.682633671875000232e+02,-8.542067124559497415e+01
4.682636601562500118e+02,-8.580999599569132386e+01
4.682639531250000005e+02,-8.660370038526477288e+01
4.682642460937499891e+02,-8.527090159379177692e+01
4.682645390625000346e+02,-8.746340231759376138e+01
4.682648320312500232e+02,-9.451120149937673887e+01
4.682651250000000118e+02,-1.031714130738067894e+02
4.682654179687500005e+02,-9.162532978149863538e+01
4.682657109374999891e+02,-9.162022531445370532e+01
4.682660039062500346e+02,-8.874549988302177894e+01
4.682662968750000232e+02,-8.542433635836282235e+01
4.682665898437500118e+02,-9.109652007065835733e+01
4.682668828125000005e+02,-9.360473224334776887e+01
4.682671757812499891e+02,-9.012788592226621631e+01
4.682674687500000346e+02,-8.790040208528546373e+01
4.682677617187500232e+02,-9.736387062014637195e+01
4.682680546875000118e+02,-9.569014825799918356e+01
4.682683476562500005e+02,-9.339038264362265807e+01
4.682686406249999891e+02,-9.042239267969097227e+01
4.682689335937500346e+02,-9.005762755845653089e+01
4.682692265625000232e+02,-9.436244134124856942e+01
4.682695195312500118e+02,-9.730006203231327788e+01
4.682698125000000005e+02,-8.938745759869546248e+01
4.682701054687499891e+02,-8.669259104459518994e+01
4.682703984375000346e+02,-9.332521013526252318e+01
4.682706914062500232e+02,-8.712693911803449964e+01
4.682709843750000118e+02,-8.561837353179653576e+01
4.682712773437500005e+02,-8.858807850247296756e+01
4.682715703124999891e+02,-1.023438587481366966e+02
4.682718632812500346e+02,-9.857786836947319387e+01
4.682721562500000232e+02,-9.922594963470822904e+01
4.682724492187500118e+02,-9.589408879465828761e+01
4.682727421875000005e+02,-8.871978994038110500e+01
4.682730351562499891e+02,-9.992535870825427935e+01
4.682733281250000346e+02,-9.618298747922544578e+01
4.682736210937500232e+02,-9.155680357519588597e+01
4.682739140625000118e+02,-8.994311294932018086e+01
4.682742070312500005e+02,-9.341324344175518490e+01
4.682744999999999891e+02,-9.020040090070511951e+01
4.682747929687500346e+02,-9.934168154276976281e+01
4.682750859375000232e+02,-1.024936758607321110e+02
4.682753789062500118e+02,-9.887693743532487645e+01
4.682756718750000005e+02,-9.830323908300363200e+01
4.682759648437499891e+02,-9.236196209825520498e+01
4.682762578125000346e+02,-8.807424949685652393e+01
4.682765507812500232e+02,-8.769876591485713391e+01
4.682768437500000118e+02,-8.401382263075517187e+01
4.682771367187500005e+02,-8.728401303548345425e+01
4.682774296874999891e+02,-8.802459477177293934e+01
4.682777226562500346e+02,-8.744512966331276971e+01
4.682780156250000232e+02,-9.931419632511733653e+01
4.682783085937500118e+02,-9.270316657102401336e+01
4.682786015625000005e+02,-8.431342643952190485e+01
4.682788945312499891e+02,-1.062489253787473160e+02
4.682791875000000346e+02,-9.172446253130723903e+01
4.682794804687500232e+02,-9.462029066971872737e+01
4.682797734375000118e+02,-1.000589711358196610e+02
4.682800664062500005e+02,-1.017691236002063846e+02
4.682803593749999891e+02,-9.480273216306804329e+01
4.682806523437500346e+02,-9.480320774680608054e+01
4.682809453125000232e+02,-8.798350345468028877e+01
4.682812382812500118e+02,-8.428033613917888545e+01
4.682815312500000005e+02,-8.461853088057611672e+01
4.682818242187499891e+02,-8.889021501217770549e+01
4.682821171875000346e+02,-8.816630906450293992e+01
4.682824101562500232e+02,-9.238890773623100472e+01
4.682827031250000118e+02,-1.050542269834081424e+02
4.682829960937500005e+02,-8.642937452714465962e+01
4.682832890624999891e+02,-8.617861741162536759e+01
4.682835820312500346e+02,-9.229314677763065333e+01
4.682838750000000232e+02,-9.364499906644098814e+01
4.682841679687500118e+02,-8.920310684566783266e+01
4.682844609375000005e+02,-8.787076400930783393e+01
4.682847539062499891e+02,-9.484096929789437525e+01
4.682850468750000346e+02,-9.070392322996482903e+01
4.682853398437500232e+02,-9.017239468600025987e+01
4.682856328125000118e+02,-8.615564769721537175e+01
4.682859257812500005e+02,-8.842822675322169346e+01
4.682862187499999891e+02,-8.737037607457070010e+01
4.682865117187500346e+02,-9.320971560968092717e+01
4.682868046875000232e+02,-9.191992617264446608e+01
4.682870976562500118e+02,-8.801087551940455000e+01
4.682873906250000005e+02,-9.169670228892547925e+01
4.682876835937499891e+02,-9.952750935125496312e+01
4.682879765625000346e+02,-9.559436933207202003e+01
4.682882695312500232e+02,-9.320211851117745994e+01
4.682885625000000118e+02,-1.103289824808933588e+02
4.682888554687500005e+02,-8.423895796558157656e+01
4.682891484374999891e+02,-8.370064681786757887e+01
4.682894414062500346e+02,-8.458811765672967908e+01
4.682897343750000232e+02,-8.902631991283888624e+01
4.682900273437500118e+02,-9.282485470154620089e+01
4.682903203125000005e+02,-8.804061847451337997e+01
4.682906132812499891e+02,-9.217883924251061956e+01
4.682909062500000346e+02,-9.184469849008628728e+01
4.682911992187500232e+02,-9.388778440575789830e+01
4.682914921875000118e+02,-9.014339060456578068e+01
4.682917851562500005e+02,-9.092816990859947168e+01
4.682920781249999891e+02,-9.026688840222095678e+01
4.682923710937500346e+02,-8.736995274016163648e+01
4.682926640625000232e+02,-8.849850041940598544e+01
4.682929570312500118e+02,-9.093072906313027204e+01
4.682932500000000005e+02,-9.236042262639287515e+01
4.682935429687499891e+02,-9.152422894575259704e+01
4.682938359375000346e+02,-8.710222600724884501e+01
4.682941289062500232e+02,-8.478587582780393461e+01
4.682944218750000118e+02,-8.518655416619986909e+01
4.682947148437500005e+02,-8.575975241449438613e+01
4.682950078124999891e+02,-8.954528223304026824e+01
4.682953007812500346e+02,-8.984071475878563717e+01
4.682955937500000232e+02,-8.385811116233941220e+01
4.682958867187500118e+02,-8.665389140376960597e+01
4.682961796875000005e+02,-9.243790135408488595e+01
4.682964726562499891e+02,-8.939658417146392821e+01
4.682967656250000346e+02,-8.917962317064878164e+01
4.682970585937500232e+02,-8.964227244954223295e+01
4.682973515625000118e+02,-9.464148187027986125e+01
4.682976445312500005e+02,-9.143836872282037120e+01
4.682979374999999891e+02,-8.716774185182673307e+01
4.682982304687500346e+02,-8.776333963576294650e+01
4.682985234375000232e+02,-1.007185930012168171e+02
4.682988164062500118e+02,-1.096146097916708584e+02
4.682991093750000005e+02,-8.942052002921059284e+01
4.682994023437499891e+02,-8.882877993438562214e+01
4.682996953125000346e+02,-8.609943166329564690e+01
4.682999882812500232e+02,-8.626285849766566116e+01
4.683002812500000118e+02,-8.541633407265784683e+01
4.683005742187500005e+02,-1.011552770276762061e+02
4.683008671874999891e+02,-9.139947922912290323e+01
4.683011601562500346e+02,-9.373310591823707227e+01
4.683014531250000232e+02,-9.402670128184773546e+01
4.683017460937500118e+02,-9.013067322347089316e+01
4.683020390625000005e+02,-9.384673274476091365e+01
4.683023320312499891e+02,-8.822794833554675620e+01
4.683026250000000346e+02,-9.005039661083736746e+01
4.683029179687500232e+02,-9.506680130239574567e+01
4.683032109375000118e+02,-9.387059272179493519e+01
4.683035039062500005e+02,-9.183728524036226304e+01
4.683037968749999891e+02,-9.390762058751370489e+01
4.683040898437500346e+02,-1.008951232189380534e+02
4.683043828125000232e+02,-9.064226659797375873e+01
4.683046757812500118e+02,-8.575215705293010160e+01
4.683049687500000005e+02,-8.437997142241295023e+01
4.683052617187499891e+02,-8.690058771865255949e+01
4.683055546875000346e+02,-9.353162076720801110e+01
4.683058476562500232e+02,-8.880999553182115847e+01
4.683061406250000118e+02,-8.815411545526673365e+01
4.683064335937500005e+02,-9.832421110826309985e+01
4.683067265624999891e+02,-9.861358727756584130e+01
4.683070195312500346e+02,-1.058191384555751000e+02
4.683073125000000232e+02,-9.555225486685857561e+01
4.683076054687500118e+02,-9.330877302577293619e+01
4.683078984375000005e+02,-9.270288929650916998e+01
4.683081914062499891e+02,-8.781391494538213749e+01
4.683084843750000346e+02,-8.298914789496640765e+01
4.683087773437500232e+02,-8.111737283907871188e+01
4.683090703125000118e+02,-8.283485738486831451e+01
4.683093632812500005e+02,-9.019262704528142649e+01
4.683096562499999891e+02,-8.982890160467988494e+01
4.683099492187500346e+02,-9.180660338004550169e+01
4.683102421875000232e+02,-9.857424689415265107e+01
4.683105351562500118e+02,-1.004677737555068404e+02
4.683108281250000005e+02,-8.817760814466396369e+01
4.683111210937499891e+02,-8.961916655352172256e+01
4.683114140625000346e+02,-9.285739989589890797e+01
4.683117070312500232e+02,-8.842720291606164551e+01
4.683120000000000118e+02,-8.696981976059859676e+01
4.683122929687500005e+02,-8.931892736528510568e+01
4.683125859374999891e+02,-8.823589937870741551e+01
4.683128789062500346e+02,-8.861019935105434797e+01
4.683131718750000232e+02,-9.273536457723108128e+01
4.683134648437500118e+02,-9.444492372846536909e+01
4.683137578125000005e+02,-8.791570029454825885e+01
4.683140507812499891e+02,-8.919310074509745334e+01
4.683143437500000346e+02,-8.721764453240275827e+01
4.683146367187500232e+02,-8.886289727085006973e+01
4.683149296875000118e+02,-9.635688399968088902e+01
4.683152226562500005e+02,-9.650068718312019200e+01
4.683155156249999891e+02,-9.796076459350553023e+01
4.683158085937500346e+02,-9.971856295785207180e+01
4.683161015625000232e+02,-9.136215936831975171e+01
4.683163945312500118e+02,-9.320750983120035471e+01
4.683166875000000005e+02,-9.852860523630627654e+01
4.683169804687499891e+02,-9.657713941218977993e+01
4.683172734375000346e+02,-8.933813203666714742e+01
4.683175664062500232e+02,-8.911835498128093036e+01
4.683178593750000118e+02,-9.759454333999308062e+01
4.683181523437500005e+02,-9.535740877924868641e+01
4.683184453124999891e+02,-8.994452243374314548e+01
4.683187382812500346e+02,-9.445781716193747002e+01
4.683190312500000232e+02,-9.642424925110913136e+01
4.683193242187500118e+02,-8.888199391292998541e+01
4.683196171875000005e+02,-9.377854090452699154e+01
4.683199101562499891e+02,-1.088201984000884863e+02
4.683202031250000346e+02,-9.371461719754023534e+01
4.683204960937500232e+02,-8.947472217585456633e+01
4.683207890625000118e+02,-8.980365906260104225e+01
4.683210820312500005e+02,-8.978043187078156961e+01
4.683213749999999891e+02,-9.291647769518300493e+01
4.683216679687500346e+02,-9.084554688969612357e+01
4.683219609375000232e+02,-9.988147016880874673e+01
4.683222539062500118e+02,-9.679758214311837605e+01
4.683225468750000005e+02,-9.989153337579014647e+01
4.683228398437499891e+02,-9.259123270896392910e+01
4.683231328125000346e+02,-9.408738963699215674e+01
4.683234257812500232e+02,-8.526234652683737636e+01
4.683237187500000118e+02,-8.689864790261063376e+01
4.683240117187500005e+02,-9.601937857840069057e+01
4.683243046874999891e+02,-1.017034944305047617e+02
4.683245976562500346e+02,-9.616851469977440559e+01
4.683248906250000232e+02,-1.016498573334101110e+02
4.683251835937500118e+02,-9.032208434716699230e+01
4.683254765625000005e+02,-9.210890504441633198e+01
4.683257695312499891e+02,-9.124702856199215262e+01
4.683260625000000346e+02,-9.848211239563040920e+01
4.683263554687500232e+02,-9.624532730926232205e+01
4.683266484375000118e+02,-9.872893911550006862e+01
4.683269414062500005e+02,-9.265939734644349812e+01
4.683272343749999891e+02,-9.636726827811688167e+01
4.683275273437500346e+02,-9.392734974342785392e+01
4.683278203125000232e+02,-8.880213311504257945e+01
4.683281132812500118e+02,-1.000835914421377026e+02
4.683284062500000005e+02,-8.817370599074855875e+01
4.683286992187499891e+02,-9.039630509720409179e+01
4.683289921875000346e+02,-8.757764775830118253e+01
4.683292851562500232e+02,-8.418622239801726437e+01
4.683295781250000118e+02,-8.770378265691066133e+01
4.683298710937500005e+02,-9.001188667123413722e+01
4.683301640624999891e+02,-9.252617266790730355e+01
4.683304570312500346e+02,-9.203784900269759817e+01
4.683307500000000232e+02,-8.843065387627441964e+01
4.683310429687500118e+02,-8.507154011216348977e+01
4.683313359375000005e+02,-8.435138952718985195e+01
4.683316289062499891e+02,-9.594776955267670360e+01
4.683319218750000346e+02,-9.525254177061356131e+01
4.683322148437500232e+02,-8.968872695457125133e+01
4.683325078125000118e+02,-8.805383506804973592e+01
4.683328007812500005e+02,-8.652448532071500154e+01
4.683330937499999891e+02,-8.815098660318433588e+01
4.683333867187500346e+02,-1.121476803777138684e+02
4.683336796875000232e+02,-9.539923936693236328e+01
4.683339726562500118e+02,-8.481184936273656660e+01
4.683342656250000005e+02,-8.961955213791144104e+01
4.683345585937499891e+02,-9.071818762898892885e+01
4.683348515625000346e+02,-9.242718669063224013e+01
4.683351445312500232e+02,-8.874855329877578924e+01
4.683354375000000118e+02,-8.776095849067812082e+01
4.683357304687500005e+02,-9.244744647341354948e+01
4.683360234374999891e+02,-8.555467366117585470e+01
4.683363164062500346e+02,-8.422390886295410439e+01
4.683366093750000232e+02,-8.430208613927695183e+01
4.683369023437500118e+02,-8.799285094722186784e+01
4.683371953125000005e+02,-9.162477116854952897e+01
4.683374882812499891e+02,-8.841699833951737730e+01
4.683377812500000346e+02,-9.078490286507084761e+01
4.683380742187500232e+02,-8.840606330304669314e+01
4.683383671875000118e+02,-9.291701556546800589e+01
4.683386601562500005e+02,-9.905982797917160099e+01
4.683389531249999891e+02,-9.301403531116774559e+01
4.683392460937500346e+02,-9.113945749311184841e+01
4.683395390625000232e+02,-9.292309699472068019e+01
4.683398320312500118e+02,-9.895265654189500992e+01
4.683401250000000005e+02,-9.380642644556033360e+01
4.683404179687499891e+02,-9.439801885042514584e+01
4.683407109375000346e+02,-9.447302053502272656e+01
4.683410039062500232e+02,-9.098429078607848908e+01
4.683412968750000118e+02,-9.211494034556707788e+01
4.683415898437500005e+02,-9.281620921505111710e+01
4.683418828124999891e+02,-9.354820951190617961e+01
4.683421757812500346e+02,-9.246167375571033631e+01
4.683424687500000232e+02,-9.103359773541406241e+01
4.683427617187500118e+02,-9.024085809843495554e+01
4.683430546875000005e+02,-9.388723225102435777e+01
4.683433476562499891e+02,-9.170215282767765075e+01
4.683436406250000346e+02,-8.397658102933718283e+01
4.683439335937500232e+02,-8.891256755813722634e+01
4.683442265625000118e+02,-9.686053936811860865e+01
4.683445195312500005e+02,-9.195684973457419176e+01
4.683448124999999891e+02,-8.842528419035888021e+01
4.683451054687500346e+02,-8.975287374433493426e+01
4.683453984375000232e+02,-8.960861936227814795e+01
4.683456914062500118e+02,-9.251721619407857133e+01
4.683459843750000005e+02,-8.957925512126500678e+01
4.683462773437499891e+02,-8.937014727213232845e+01
4.683465703125000346e+02,-8.783934236412412133e+01
4.683468632812500232e+02,-9.201798700017542387e+01
4.683471562500000118e+02,-9.167379323737688424e+01
4.683474492187500005e+02,-9.983195229497553669e+01
4.683477421874999891e+02,-9.164897440438298304e+01
4.683480351562500346e+02,-8.655921352868590191e+01
4.683483281250000232e+02,-8.387925516989086816e+01
4.683486210937500118e+02,-9.072064711958340411e+01
4.683489140625000005e+02,-8.546961572452508449e+01
4.683492070312499891e+02,-8.598775623010064351e+01
4.683495000000000346e+02,-8.648739605966149213e+01
4.683497929687500232e+02,-9.559320319603416749e+01
4.683500859375000118e+02,-9.431952026694136748e+01
4.683503789062500005e+02,-8.782584329206640916e+01
4.683506718749999891e+02,-8.479893691365282393e+01
4.683509648437500346e+02,-9.071217667582473609e+01
4.683512578125000232e+02,-9.594834739123842837e+01
4.683515507812500118e+02,-9.785145390060486648e+01
4.683518437500000005e+02,-8.952503940970386509e+01
4.683521367187499891e+02,-8.868268164324889824e+01
4.683524296875000346e+02,-8.976616371090020152e+01
4.683527226562500232e+02,-9.149589041106364107e+01
4.683530156250000118e+02,-1.040952259853177679e+02
4.683533085937500005e+02,-8.863967586776787755e+01
4.683536015624999891e+02,-8.994143406247511052e+01
4.683538945312500346e+02,-1.106879408218556051e+02
4.683541875000000232e+02,-1.088478493352472896e+02
4.683544804687500118e+02,-8.787151486978486048e+01
4.683547734375000005e+02,-8.662513984259008737e+01
4.683550664062499891e+02,-9.537658329186714923e+01
4.683553593750000346e+02,-9.048674788100265687e+01
4.683556523437500232e+02,-8.556839325252332173e+01
4.683559453125000118e+02,-8.449350876094291607e+01
4.683562382812500005e+02,-9.087785090806085009e+01
4.683565312499999891e+02,-1.002255874146528072e+02
4.683568242187500346e+02,-9.038843406230060396e+01
4.683571171875000232e+02,-9.399994892020336579e+01
4.683574101562500118e+02,-9.643433667827466138e+01
4.683577031250000005e+02,-1.118763119455851864e+02
4.683579960937499891e+02,-9.017529653129891187e+01
4.683582890625000346e+02,-8.698686126516955142e+01
4.683585820312500232e+02,-8.739243023252231524e+01
4.683588750000000118e+02,-9.404394399556748851e+01
4.683591679687500005e+02,-1.013496144504667313e+02
4.683594609374999891e+02,-9.749456468747990812e+01
4.683597539062500346e+02,-9.935076141558582208e+01
4.683600468750000232e+02,-9.771782733009388267e+01
4.683603398437500118e+02,-8.902059501620320248e+01
4.683606328125000005e+02,-9.733689220550375865e+01
4.683609257812499891e+02,-9.613768469791381222e+01
4.683612187500000346e+02,-1.379260460597491829e+02
4.683615117187500232e+02,-1.054116298762536843e+02
4.683618046875000118e+02,-9.409864261274114483e+01
4.683620976562500005e+02,-9.460227679658328270e+01
4.683623906249999891e+02,-9.265163545730138139e+01
4.683626835937500346e+02,-9.044919934440207498e+01
4.683629765625000232e+02,-8.748845350420332068e+01
4.683632695312500118e+02,-8.952745621963559586e+01
4.683635625000000005e+02,-9.248312703919823718e+01
4.683638554687499891e+02,-8.765807984461169156e+01
4.683641484375000346e+02,-9.142074766066630787e+01
4.683644414062500232e+02,-9.994275642640394608e+01
4.683647343750000118e+02,-9.873040548737465372e+01
4.683650273437500005e+02,-9.477745985380339278e+01
4.683653203124999891e+02,-9.252682443998872941e+01
4.683656132812500346e+02,-8.970221995552216754e+01
4.683659062500000232e+02,-8.913936466586912388e+01
4.683661992187500118e+02,-8.995825376177641886e+01
4.683664921875000005e+02,-9.287231009040675644e+01
4.683667851562499891e+02,-9.841948292312979163e+01
4.683670781250000346e+02,-9.768143599219104090e+01
4.683673710937500232e+02,-1.038790907689323859e+02
4.683676640625000118e+02,-9.225849689327020542e+01
4.683679570312500005e+02,-9.175349857120957608e+01
4.683682499999999891e+02,-9.288533203310547037e+01
4.683685429687500346e+02,-8.783057122879954193e+01
4.683688359375000232e+02,-8.913538438283109144e+01
4.683691289062500118e+02,-9.581715845200547221e+01
4.683694218750000005e+02,-9.036767228755084602e+01
4.683697148437499891e+02,-9.021006133944521821e+01
4.683700078125000346e+02,-9.752774126984607506e+01
4.683703007812500232e+02,-8.672175804064860927e+01
4.683705937500000118e+02,-8.326214932724747086e+01
4.683708867187500005e+02,-8.573733524284892837e+01
4.683711796874999891e+02,-8.754996134226749405e+01
4.683714726562500346e+02,-9.529758113785541696e+01
4.683717656250000232e+02,-9.375582187951746960e+01
4.683720585937500118e+02,-9.601255013398517235e+01
4.683723515625000005e+02,-9.461877165319936012e+01
4.683726445312499891e+02,-9.745986437491842480e+01
4.683729375000000346e+02,-1.029359523511156453e+02
4.683732304687500232e+02,-1.003932076331983581e+02
4.683735234375000118e+02,-9.201504962893594097e+01
4.683738164062500005e+02,-8.506912010377158140e+01
4.683741093749999891e+02,-8.869707470353998247e+01
4.683744023437500346e+02,-9.447512917184357661e+01
4.683746953125000232e+02,-9.661109847054930810e+01
4.683749882812500118e+02,-9.183024614204595082e+01
4.683752812500000005e+02,-9.260048279730854404e+01
4.683755742187499891e+02,-9.328601726232525948e+01
4.683758671875000346e+02,-9.361910466294889943e+01
4.683761601562500232e+02,-9.803006206577575199e+01
4.683764531250000118e+02,-8.764777971234718734e+01
4.683767460937500005e+02,-8.923106394732486990e+01
4.683770390624999891e+02,-9.113665102807333085e+01
4.683773320312500346e+02,-8.598147981119390693e+01
4.683776250000000232e+02,-8.987724729209810448e+01
4.683779179687500118e+02,-9.373730024193676513e+01
4.683782109375000005e+02,-9.022359060689238675e+01
4.683785039062499891e+02,-9.061924341574631114e+01
4.683787968750000346e+02,-9.125584454382818933e+01
4.683790898437500232e+02,-8.993737715040612102e+01
4.683793828125000118e+02,-8.655372467799763569e+01
4.683796757812500005e+02,-9.398866894462541666e+01
4.683799687499999891e+02,-9.219214224750970743e+01
4.683802617187500346e+02,-8.601816979356080139e+01
4.683805546875000232e+02,-8.456503900547529895e+01
4.683808476562500118e+02,-8.817106032095175294e+01
4.683811406250000005e+02,-1.010898035040754763e+02
4.683814335937499891e+02,-9.438693430724146083e+01
4.683817265625000346e+02,-9.283569675221423267e+01
4.683820195312500232e+02,-9.287717614946110700e+01
4.683823125000000118e+02,-9.592955280818431163e+01
4.683826054687500005e+02,-8.681766561118720915e+01
4.683828984374999891e+02,-8.682293552165583606e+01
4.683831914062500346e+02,-1.109317083018724759e+02
4.683834843750000232e+02,-9.415356629633839702e+01
4.683837773437500118e+02,-8.803557054634302403e+01
4.683840703125000005e+02,-8.520088598841498140e+01
4.683843632812499891e+02,-9.113182510493280120e+01
4.683846562500000346e+02,-9.446451499767186988e+01
4.683849492187500232e+02,-9.030634906651400229e+01
4.683852421875000118e+02,-1.024640550919148296e+02
4.683855351562500005e+02,-9.488784687376279692e+01
4.683858281249999891e+02,-9.029175683458007029e+01
4.683861210937500346e+02,-8.870009567975186826e+01
4.683864140625000232e+02,-9.273310099525045302e+01
4.683867070312500118e+02,-9.239461442852631023e+01
4.683870000000000005e+02,-9.458727139483251278e+01
4.683872929687499891e+02,-9.211093098337555318e+01
4.683875859375000346e+02,-9.738827527518010641e+01
4.683878789062500232e+02,-1.098932356889857260e+02
4.683881718750000118e+02,-9.538748678615532128e+01
4.683884648437500005e+02,-9.893682621954958734e+01
4.683887578124999891e+02,-8.625774876671000868e+01
4.683890507812500346e+02,-8.297925695383776201e+01
4.683893437500000232e+02,-9.677611457305870601e+01
4.683896367187500118e+02,-9.361259762577171273e+01
4.683899296875000005e+02,-8.934293361943218770e+01
4.683902226562499891e+02,-8.718001759127604089e+01
4.683905156250000346e+02,-9.487340886847999855e+01
4.683908085937500232e+02,-9.392727301379778737e+01
4.683911015625000118e+02,-8.727680944183074985e+01
4.683913945312500005e+02,-8.722073016015508529e+01
4.683916874999999891e+02,-8.851947875336973937e+01
4.683919804687500346e+02,-9.371373246528477807e+01
4.683922734375000232e+02,-9.073312350027590867e+01
4.683925664062500118e+02,-9.419186866481595644e+01
4.683928593750000005e+02,-8.904489344364347403e+01
4.683931523437499891e+02,-9.243941884557446542e+01
4.683934453125000346e+02,-8.980529145472827679e+01
4.683937382812500232e+02,-8.649592128162771587e+01
4.683940312500000118e+02,-8.848047265111461002e+01
4.683943242187500005e+02,-9.267313259249721114e+01
4.683946171874999891e+02,-8.905357865491430402e+01
4.683949101562500346e+02,-8.552330423050393904e+01
4.683952031250000232e+02,-8.509378129201898844e+01
4.683954960937500118e+02,-8.997708163592945141e+01
4.683957890625000005e+02,-8.635399419869133908e+01
4.683960820312499891e+02,-8.489402719265144981e+01
4.683963750000000346e+02,-8.715022767323756625e+01
4.683966679687500232e+02,-8.980760199919195941e+01
4.683969609375000118e+02,-8.498982583113831879e+01
4.683972539062500005e+02,-8.393295742903795542e+01
4.683975468749999891e+02,-8.852634882605350697e+01
4.683978398437500346e+02,-9.694901160073945334e+01
4.683981328125000232e+02,-8.800424168474057751e+01
4.683984257812500118e+02,-8.887402053370803401e+01
4.683987187500000005e+02,-9.419780111641513543e+01
4.683990117187499891e+02,-9.398756100444316530e+01
4.683993046875000346e+02,-8.862323728200874484e+01
4.683995976562500232e+02,-9.598293427216395912e+01
4.683998906250000118e+02,-9.954083275645693618e+01
4.684001835937500005e+02,-9.000544149941546834e+01
4.684004765624999891e+02,-8.465683320056440664e+01
4.684007695312500346e+02,-9.492525116346094194e+01
4.684010625000000232e+02,-1.023240770486710289e+02
4.684013554687500118e+02,-9.147751876585182629e+01
4.684016484375000005e+02,-8.736686290274384703e+01
4.684019414062499891e+02,-8.973217470933157358e+01
4.684022343750000346e+02,-9.208795684185658104e+01
4.684025273437500232e+02,-9.520606148543421909e+01
4.684028203125000118e+02,-1.013477476072535524e+02
4.684031132812500005e+02,-1.012707027273817175e+02
4.684034062499999891e+02,-9.697600579428977596e+01
4.684036992187500346e+02,-9.680718358502537058e+01
4.684039921875000232e+02,-9.272218321208512748e+01
4.684042851562500118e+02,-8.956913373801960176e+01
4.684045781250000005e+02,-8.786073646435960427e+01
4.684048710937499891e+02,-9.039372692787941332e+01
4.684051640625000346e+02,-8.655195968262245287e+01
4.684054570312500232e+02,-9.186373845747540656e+01
4.684057500000000118e+02,-8.955212109324504866e+01
4.684060429687500005e+02,-8.889882800258203588e+01
4.684063359374999891e+02,-9.128784916655705217e+01
4.684066289062500346e+02,-9.302059262582680788e+01
4.684069218750000232e+02,-1.043277581821426452e+02
4.684072148437500118e+02,-9.917495626243253071e+01
4.684075078125000005e+02,-1.077678730486212260e+02
4.684078007812499891e+02,-1.038040018320702131e+02
4.684080937500000346e+02,-9.327360448456830966e+01
4.684083867187500232e+02,-9.104026880774965491e+01
4.684086796875000118e+02,-8.904657366459676382e+01
4.684089726562500005e+02,-8.681125573824353125e+01
4.684092656249999891e+02,-8.856175891134684264e+01
4.684095585937500346e+02,-9.604805865779887597e+01
4.684098515625000232e+02,-9.314494806595797627e+01
4.684101445312500118e+02,-9.259686052464792283e+01
4.684104375000000005e+02,-9.005688127604086901e+01
4.684107304687499891e+02,-1.051488533855200558e+02
4.684110234375000346e+02,-9.119521316714639170e+01
4.684113164062500232e+02,-9.189275175541970953e+01
4.684116093750000118e+02,-8.937611682928604750e+01
4.684119023437500005e+02,-9.229559654490080334e+01
4.684121953124999891e+02,-9.191576055395189826e+01
4.684124882812500346e+02,-9.171940931191279844e+01
4.684127812500000232e+02,-9.033685383836997573e+01
4.684130742187500118e+02,-9.682784975251965420e+01
4.684133671875000005e+02,-9.284308045081684213e+01
4.684136601562499891e+02,-9.411589997463914870e+01
4.684139531250000346e+02,-9.169338203747363991e+01
4.684142460937500232e+02,-9.968916420197871275e+01
4.684145390625000118e+02,-8.909212386945453943e+01
4.684148320312500005e+02,-8.883688938996857587e+01
4.684151249999999891e+02,-9.206492555286507695e+01
4.684154179687500346e+02,-9.323825452983456330e+01
4.684157109375000232e+02,-9.749974535558834532e+01
4.684160039062500118e+02,-9.636927332234020582e+01
4.684162968750000005e+02,-9.278110495105966038e+01
4.684165898437499891e+02,-1.139668686871931698e+02
4.684168828125000346e+02,-8.861547684935585778e+01
4.684171757812500232e+02,-9.313761291428698996e+01
4.684174687500000118e+02,-1.039154668653298899e+02
4.684177617187500005e+02,-1.004394461280184316e+02
4.684180546874999891e+02,-9.046291656103262824e+01
4.684183476562500346e+02,-8.510379719396809151e+01
4.684186406250000232e+02,-9.085511811611611677e+01
4.684189335937500118e+02,-9.519199390438916453e+01
4.684192265625000005e+02,-1.138312329329861541e+02
4.684195195312499891e+02,-8.859457559663854909e+01
4.684198125000000346e+02,-8.586517432965902685e+01
4.684201054687500232e+02,-8.846665430341596448e+01
4.684203984375000118e+02,-9.004329804032666118e+01
4.684206914062500005e+02,-9.423866892204758017e+01
4.684209843749999891e+02,-9.989314329889411681e+01
4.684212773437500346e+02,-9.383560389740776486e+01
4.684215703125000232e+02,-8.978730679390872638e+01
4.684218632812500118e+02,-8.833510670321358305e+01
4.684221562500000005e+02,-9.617680835132851769e+01
4.684224492187499891e+02,-9.034532809681222432e+01
4.684227421875000346e+02,-8.939846318580930529e+01
4.684230351562500232e+02,-9.318697686465922914e+01
4.684233281250000118e+02,-9.039375548309561736e+01
4.684236210937500005e+02,-9.135470264789034900e+01
4.684239140624999891e+02,-8.839030508185260260e+01
4.684242070312500346e+02,-9.338738270900392990e+01
4.684245000000000232e+02,-9.738856280799598153e+01
4.684247929687500118e+02,-9.605617775550797433e+01
4.684250859375000005e+02,-8.441468922402953012e+01
4.684253789062499891e+02,-8.015902800012023022e+01
4.684256718750000346e+02,-8.303292753495389888e+01
4.684259648437500232e+02,-9.116767157651308651e+01
4.684262578125000118e+02,-9.720998080919251549e+01
4.684265507812500005e+02,-9.896602781716266861e+01
4.684268437499999891e+02,-9.351137092224800540e+01
4.684271367187500346e+02,-9.175927302341186476e+01
4.684274296875000232e+02,-1.045774587068270307e+02
4.684277226562500118e+02,-9.718015351245570344e+01
4.684280156250000005e+02,-1.006038209101083396e+02
4.684283085937499891e+02,-1.003706534015135645e+02
4.684286015625000346e+02,-9.155369399406176001e+01
4.684288945312500232e+02,-1.045329752382028232e+02
4.684291875000000118e+02,-8.993829635828689106e+01
4.684294804687500005e+02,-1.032752568072314006e+02
4.684297734374999891e+02,-9.167825174874884908e+01
4.684300664062500346e+02,-8.995907884284433464e+01
4.684303593750000232e+02,-1.039975626255534422e+02
4.684306523437500118e+02,-9.325138411819054340e+01
4.684309453125000005e+02,-9.787027521010475084e+01
4.684312382812499891e+02,-9.454843225334408885e+01
4.684315312500000346e+02,-8.693597126225520810e+01
4.684318242187500232e+02,-9.127611457017623309e+01
4.684321171875000118e+02,-9.683561001598914686e+01
4.684324101562500005e+02,-8.882834760209954084e+01
4.684327031249999891e+02,-8.626302004281285463e+01
4.684329960937500346e+02,-9.090729345177530263e+01
4.684332890625000232e+02,-9.246290082189577220e+01
4.684335820312500118e+02,-9.296450193283581598e+01
4.684338750000000005e+02,-1.073704985300418002e+02
4.684341679687499891e+02,-9.190779113967074920e+01
4.684344609375000346e+02,-9.315654859403764476e+01
4.684347539062500232e+02,-9.258396758430073703e+01
4.684350468750000118e+02,-9.934663003902343803e+01
4.684353398437500005e+02,-9.174209238323601312e+01
4.684356328124999891e+02,-8.767627458297182841e+01
4.684359257812500346e+02,-9.300736595630255010e+01
4.684362187500000232e+02,-9.692589703993790806e+01
4.684365117187500118e+02,-9.212629169426699605e+01
4.684368046875000005e+02,-8.961086012590014604e+01
4.684370976562499891e+02,-1.031038891781392550e+02
4.684373906250000346e+02,-9.081799411549660306e+01
4.684376835937500232e+02,-8.609925324357189425e+01
4.684379765625000118e+02,-8.836323554786163470e+01
4.684382695312500005e+02,-9.271164256826702399e+01
4.684385624999999891e+02,-9.068816747611370488e+01
4.684388554687500346e+02,-8.974050528424017159e+01
4.684391484375000232e+02,-1.104855240458598900e+02
4.684394414062500118e+02,-9.165688009345826970e+01
4.684397343750000005e+02,-9.060791008874167574e+01
4.684400273437499891e+02,-8.932497470544072371e+01
4.684403203125000346e+02,-9.387981968490642259e+01
4.684406132812500232e+02,-9.013072532034300366e+01
4.684409062500000118e+02,-9.176473337422345367e+01
4.684411992187500005e+02,-8.849256872040470512e+01
4.684414921874999891e+02,-8.942539383085809845e+01
4.684417851562500346e+02,-9.303157717986732678e+01
4.684420781250000232e+02,-1.043271083449305081e+02
4.684423710937500118e+02,-9.615269506570390945e+01
4.684426640625000005e+02,-9.470962716108333268e+01
4.684429570312499891e+02,-8.482833214666101185e+01
4.684432500000000346e+02,-8.938544605237774476e+01
4.684435429687500232e+02,-9.033927061249431745e+01
4.684438359375000118e+02,-8.897640007384964633e+01
4.684441289062500005e+02,-9.168843166375694409e+01
4.684444218749999891e+02,-9.329529953559807609e+01
4.684447148437500346e+02,-9.012054012468598785e+01
4.684450078125000232e+02,-8.825085880771504776e+01
4.684453007812500118e+02,-8.732762374870502242e+01
4.684455937500000005e+02,-9.309720440553030585e+01
4.684458867187499891e+02,-9.450326057254028456e+01
4.684461796875000346e+02,-9.395133105793681239e+01
4.684464726562500232e+02,-1.132802789681523166e+02
4.684467656250000118e+02,-8.714719167761614926e+01
4.684470585937500005e+02,-8.804935740350791207e+01
4.684473515624999891e+02,-9.154302293997349693e+01
4.684476445312500346e+02,-9.951912111047346343e+01
4.684479375000000232e+02,-9.679749976121871669e+01
4.684482304687500118e+02,-9.505140777828600562e+01
4.684485234375000005e+02,-9.865585375424360848e+01
4.684488164062499891e+02,-9.350711430046423800e+01
4.684491093750000346e+02,-1.001877432028476420e+02
4.684494023437500232e+02,-1.120301521342482260e+02
4.684496953125000118e+02,-9.169749073333585443e+01
4.684499882812500005e+02,-9.906762126346485786e+01
4.684502812499999891e+02,-1.000646912320480766e+02
4.684505742187500346e+02,-9.209951262190733701e+01
4.684508671875000232e+02,-9.436160220830399226e+01
4.684511601562500118e+02,-1.072749299635891163e+02
4.684514531250000005e+02,-1.053449801509003692e+02
4.684517460937499891e+02,-1.010224732662957337e+02
4.684520390625000346e+02,-9.580456105340991257e+01
4.684523320312500232e+02,-9.377574375120245520e+01
4.684526250000000118e+02,-9.373344391965184741e+01
4.684529179687500005e+02,-9.485474081776175126e+01
4.684532109374999891e+02,-1.038190172571066086e+02
4.684535039062500346e+02,-1.041531131267430510e+02
4.684537968750000232e+02,-1.030223471638705917e+02
4.684540898437500118e+02,-9.625268723658705028e+01
4.684543828125000005e+02,-8.791399737654973023e+01
4.684546757812499891e+02,-8.745653943508841621e+01
4.684549687500000346e+02,-8.451002386466450389e+01
4.684552617187500232e+02,-8.785595905414787410e+01
4.684555546875000118e+02,-8.853382911290702850e+01
4.684558476562500005e+02,-9.196615003842326530e+01
4.684561406249999891e+02,-9.472636610258787471e+01
4.684564335937500346e+02,-9.620892561788424757e+01
4.684567265625000232e+02,-9.971249621827706733e+01
4.684570195312500118e+02,-9.202901398092711815e+01
4.684573125000000005e+02,-9.293714395676146012e+01
4.684576054687499891e+02,-9.057690293018325178e+01
4.684578984375000346e+02,-9.441413812994522914e+01
4.684581914062500232e+02,-9.552195632629255329e+01
4.684584843750000118e+02,-9.151186034452740614e+01
4.684587773437500005e+02,-9.225113337918708112e+01
4.684590703124999891e+02,-9.810796469718232515e+01
4.684593632812500346e+02,-1.006534332346479488e+02
4.684596562500000232e+02,-9.344198399055649418e+01
4.684599492187500118e+02,-8.681571914947410562e+01
4.684602421875000005e+02,-8.640208452782101745e+01
4.684605351562499891e+02,-9.287181535450724823e+01
4.684608281250000346e+02,-8.559771451138347231e+01
4.684611210937500232e+02,-8.833449090394438485e+01
4.684614140625000118e+02,-9.204846079381744062e+01
4.684617070312500005e+02,-9.167109480353401807e+01
4.684619999999999891e+02,-8.657940183418800473e+01
4.684622929687500346e+02,-8.814784028254031512e+01
4.684625859375000232e+02,-9.128148713812916526e+01
4.684628789062500118e+02,-9.182064921522615464e+01
4.684631718750000005e+02,-1.055850763950205931e+02
4.684634648437499891e+02,-8.947001441885282702e+01
4.684637578125000346e+02,-8.848950991704137436e+01
4.684640507812500232e+02,-9.450624926418974781e+01
4.684643437500000118e+02,-1.005689730074784336e+02
4.684646367187500005e+02,-9.840530861464679901e+01
4.684649296874999891e+02,-9.033776673885414255e+01
4.684652226562500346e+02,-8.602048003355569961e+01
4.684655156250000232e+02,-8.624248308554956566e+01
4.684658085937500118e+02,-9.473473700633363137e+01
4.684661015625000005e+02,-9.278627737996177416e+01
4.684663945312499891e+02,-8.773061576762033553e+01
4.684666875000000346e+02,-9.162078863983552424e+01
4.684669804687500232e+02,-9.331562161673213041e+01
4.684672734375000118e+02,-1.151281418502978937e+02
4.684675664062500005e+02,-8.965011574584956122e+01
4.684678593749999891e+02,-8.432438779889481850e+01
4.684681523437500346e+02,-8.566313226727713470e+01
4.684684453125000232e+02,-9.089321856620162521e+01
4.684687382812500118e+02,-8.944791430173550850e+01
4.684690312500000005e+02,-8.776555233318580918e+01
4.684693242187499891e+02,-9.473450338039272367e+01
4.684696171875000346e+02,-9.218335025264914862e+01
4.684699101562500232e+02,-1.019058131648543508e+02
4.684702031250000118e+02,-9.549245786013024428e+01
4.684704960937500005e+02,-9.662367731162591156e+01
4.684707890624999891e+02,-9.349341308886039315e+01
4.684710820312500346e+02,-9.706404378020785373e+01
4.684713750000000232e+02,-1.042401935713286605e+02
4.684716679687500118e+02,-9.339704902538315423e+01
4.684719609375000005e+02,-9.683089392232723469e+01
4.684722539062499891e+02,-9.009594713629536500e+01
4.684725468750000346e+02,-9.152522700523782362e+01
4.684728398437500232e+02,-9.524213917845250421e+01
4.684731328125000118e+02,-9.672585936056216838e+01
4.684734257812500005e+02,-9.683346867264842217e+01
4.684737187499999891e+02,-9.502092048979989158e+01
4.684740117187500346e+02,-9.072792331120231779e+01
4.684743046875000232e+02,-8.897562892482829966e+01
4.684745976562500118e+02,-9.485750822336666488e+01
4.684748906250000005e+02,-9.173180529515536819e+01
4.684751835937499891e+02,-8.806943745898669818e+01
4.684754765625000346e+02,-8.590155494490250021e+01
4.684757695312500232e+02,-9.015581775752093563e+01
4.684760625000000118e+02,-9.016983312629659508e+01
4.684763554687500005e+02,-9.038086481997814303e+01
4.684766484374999891e+02,-9.218678139924053028e+01
4.684769414062500346e+02,-9.599203778559225952e+01
4.684772343750000232e+02,-9.250652094613427323e+01
4.684775273437500118e+02,-9.553006757176825658e+01
4.684778203125000005e+02,-9.092742172012493995e+01
4.684781132812499891e+02,-9.131805985787531199e+01
4.684784062500000346e+02,-1.090624307751701139e+02
4.684786992187500232e+02,-9.496182529329803401e+01
4.684789921875000118e+02,-1.010070632498040908e+02
4.684792851562500005e+02,-1.047972717565118046e+02
4.684795781249999891e+02,-8.744778418308401058e+01
4.684798710937500346e+02,-8.985394217141168838e+01
4.684801640625000232e+02,-1.056557175948653651e+02
4.684804570312500118e+02,-8.977548918232572817e+01
4.684807500000000005e+02,-8.507043290118291168e+01
4.684810429687499891e+02,-9.001641020254297132e+01
4.684813359375000346e+02,-9.223043542589770993e+01
4.684816289062500232e+02,-8.985521726618657112e+01
4.684819218750000118e+02,-8.974889830576586291e+01
4.684822148437500005e+02,-9.678396350870131926e+01
4.684825078124999891e+02,-9.402649782521143607e+01
4.684828007812500346e+02,-8.600119054646648920e+01
4.684830937500000232e+02,-9.408680881556961140e+01
4.684833867187500118e+02,-9.414462508885762304e+01
4.684836796875000005e+02,-9.082408536339677596e+01
4.684839726562499891e+02,-9.913340276173998689e+01
4.684842656250000346e+02,-9.572636619800000801e+01
4.684845585937500232e+02,-9.321949266889909325e+01
4.684848515625000118e+02,-9.063135440494362172e+01
4.684851445312500005e+02,-9.275261037912832762e+01
4.684854374999999891e+02,-1.025199668483439268e+02
4.684857304687500346e+02,-9.608795457510346694e+01
4.684860234375000232e+02,-9.902557593758803023e+01
4.684863164062500118e+02,-8.923223909529590969e+01
4.684866093750000005e+02,-9.274717674576820059e+01
4.684869023437499891e+02,-9.783825461836116233e+01
4.684871953125000346e+02,-9.711360513006800943e+01
4.684874882812500232e+02,-9.636740752405913213e+01
4.684877812500000118e+02,-9.828656863243722341e+01
4.684880742187500005e+02,-9.359509928289190839e+01
4.684883671874999891e+02,-9.078504137200377500e+01
4.684886601562500346e+02,-9.387887326829977042e+01
4.684889531250000232e+02,-9.138674899452303180e+01
4.684892460937500118e+02,-9.674929306879747060e+01
4.684895390625000005e+02,-9.531940626548474427e+01
4.684898320312499891e+02,-1.017416018711587498e+02
4.684901250000000346e+02,-9.056413881037471469e+01
4.684904179687500232e+02,-9.020579922502409431e+01
4.684907109375000118e+02,-1.020480988706435852e+02
4.684910039062500005e+02,-9.331655995147684735e+01
4.684912968749999891e+02,-9.200016958310045823e+01
4.684915898437500346e+02,-9.433097929359828981e+01
4.684918828125000232e+02,-9.170868600629269451e+01
4.684921757812500118e+02,-9.292096712807064307e+01
4.684924687500000005e+02,-1.001440692981860678e+02
4.684927617187499891e+02,-9.209290737388042203e+01
4.684930546875000346e+02,-9.938194875159638286e+01
4.684933476562500232e+02,-1.013420297506746692e+02
4.684936406250000118e+02,-9.874216178382951625e+01
4.684939335937500005e+02,-9.565792060014395304e+01
4.684942265624999891e+02,-9.263342056830762772e+01
4.684945195312500346e+02,-9.215686740356920836e+01
4.684948125000000232e+02,-9.074939351836096080e+01
4.684951054687500118e+02,-9.041068365931178619e+01
4.684953984375000005e+02,-9.487053101887147477e+01
4.684956914062499891e+02,-1.044770626567922847e+02
4.684959843750000346e+02,-9.500069039268464621e+01
4.684962773437500232e+02,-9.604491633651224447e+01
4.684965703125000118e+02,-9.226833465384196131e+01
4.684968632812500005e+02,-9.440347752721835661e+01
4.684971562499999891e+02,-9.650292143406311141e+01
4.684974492187500346e+02,-8.902760191839522008e+01
4.684977421875000232e+02,-8.740320855948000656e+01
4.684980351562500118e+02,-9.050256621509957711e+01
4.684983281250000005e+02,-9.625699333068760666e+01
4.684986210937499891e+02,-9.530118835123207077e+01
4.684989140625000346e+02,-1.008432463145314415e+02
4.684992070312500232e+02,-9.588450229836496419e+01
4.684995000000000118e+02,-9.730447824875453477e+01
4.684997929687500005e+02,-9.814158484112138581e+01
4.685000859374999891e+02,-9.293166427793481432e+01
4.685003789062500346e+02,-1.036292975085571015e+02
4.685006718750000232e+02,-9.157021095016051504e+01
4.685009648437500118e+02,-9.067455043011280225e+01
4.685012578125000005e+02,-8.929421499505444615e+01
4.685015507812499891e+02,-8.881658305444946677e+01
4.685018437500000346e+02,-8.796061964906738240e+01
4.685021367187500232e+02,-8.721001066606861230e+01
4.685024296875000118e+02,-8.948864613149204672e+01
4.685027226562500005e+02,-9.114996928117233210e+01
4.685030156249999891e+02,-9.692660610026393897e+01
4.685033085937500346e+02,-9.371909614847726289e+01
4.685036015625000232e+02,-9.691602757558852943e+01
4.685038945312500118e+02,-1.024731770221694660e+02
4.685041875000000005e+02,-9.635010578168166262e+01
4.685044804687499891e+02,-1.028491268019911615e+02
4.685047734375000346e+02,-9.517657600561915388e+01
4.685050664062500232e+02,-9.302573151317686495e+01
4.685053593750000118e+02,-9.843770266484025910e+01
4.685056523437500005e+02,-9.185837051581228252e+01
4.685059453124999891e+02,-9.539500348552378739e+01
4.685062382812500346e+02,-9.477785494203300232e+01
4.685065312500000232e+02,-9.732862055290834746e+01
4.685068242187500118e+02,-9.437287370286277621e+01
4.685071171875000005e+02,-9.608956675938544834e+01
4.685074101562499891e+02,-9.553019394105461970e+01
4.685077031250000346e+02,-9.517050850060316236e+01
4.685079960937500232e+02,-9.072152341846944523e+01
4.685082890625000118e+02,-1.019683624930043919e+02
4.685085820312500005e+02,-9.781449602431376888e+01
4.685088749999999891e+02,-9.377425721628299016e+01
4.685091679687500346e+02,-9.424099838920270145e+01
4.685094609375000232e+02,-1.210642267246283978e+02
4.685097539062500118e+02,-9.549089775681521530e+01
4.685100468750000005e+02,-9.703643717532344226e+01
4.685103398437499891e+02,-8.961220725298278467e+01
4.685106328125000346e+02,-9.036718487947456424e+01
4.685109257812500232e+02,-9.350881841140579809e+01
4.685112187500000118e+02,-9.753377087859098538e+01
4.685115117187500005e+02,-9.668999599998619487e+01
4.685118046874999891e+02,-9.753843767486307570e+01
4.685120976562500346e+02,-9.421788294608140291e+01
4.685123906250000232e+02,-9.703728714771804675e+01
4.685126835937500118e+02,-9.874273170794569410e+01
4.685129765625000005e+02,-9.214373509509863425e+01
4.685132695312499891e+02,-8.802989753245796578e+01
4.685135625000000346e+02,-9.362606160119783283e+01
4.685138554687500232e+02,-1.012348219021395010e+02
4.685141484375000118e+02,-1.020511169225158596e+02
4.685144414062500005e+02,-9.031600055472884492e+01
4.685147343749999891e+02,-9.104279647423390998e+01
4.685150273437500346e+02,-9.530029457036165752e+01
4.685153203125000232e+02,-9.150839960423120090e+01
4.685156132812500118e+02,-9.565348333692728033e+01
4.685159062500000005e+02,-8.770098398706548437e+01
4.685161992187499891e+02,-8.985110636357089220e+01
4.685164921875000346e+02,-9.457978093769986572e+01
4.685167851562500232e+02,-9.199492799159543210e+01
4.685170781250000118e+02,-9.731835935256816583e+01
4.685173710937500005e+02,-8.909723658677367553e+01
4.685176640624999891e+02,-9.357600892523338132e+01
4.685179570312500346e+02,-9.096134263596738379e+01
4.685182500000000232e+02,-9.760640178124985766e+01
4.685185429687500118e+02,-8.994849327718922893e+01
4.685188359375000005e+02,-8.738116669984827922e+01
4.685191289062499891e+02,-9.776889215223982887e+01
4.685194218750000346e+02,-9.181207414686005563e+01
4.685197148437500232e+02,-9.551194531644816266e+01
4.685200078125000118e+02,-1.059055299855143346e+02
4.685203007812500005e+02,-1.041488442515062331e+02
4.685205937499999891e+02,-9.211360498210927972e+01
4.685208867187500346e+02,-9.018828061028031584e+01
4.685211796875000232e+02,-9.256470044724169099e+01
4.685214726562500118e+02,-1.033237593271891797e+02
4.685217656250000005e+02,-1.000612832973276767e+02
4.685220585937499891e+02,-8.879242634953851621e+01
4.685223515625000346e+02,-9.283739166697705514e+01
4.685226445312500232e+02,-9.447834438102687216e+01
4.685229375000000118e+02,-9.069236153119084065e+01
4.685232304687500005e+02,-8.745746830285588658e+01
4.685235234374999891e+02,-9.439815613329946586e+01
4.685238164062500346e+02,-8.862462974192686715e+01
4.685241093750000232e+02,-8.636261031043656544e+01
4.685244023437500118e+02,-9.182637818339942726e+01
4.685246953125000005e+02,-8.655488503721338134e+01
4.685249882812499891e+02,-8.972482304266543451e+01
4.685252812500000346e+02,-1.078330009727064152e+02
4.685255742187500232e+02,-1.014826506824587113e+02
4.685258671875000118e+02,-1.002334109311060217e+02
4.685261601562500005e+02,-9.057726190578262049e+01
4.685264531249999891e+02,-9.449059529332373586e+01
4.685267460937500346e+02,-9.141620254751998687e+01
4.685270390625000232e+02,-8.812656525282093867e+01
4.685273320312500118e+02,-8.736504554749437546e+01
4.685276250000000005e+02,-8.853583772895487414e+01
4.685279179687499891e+02,-9.153076881753732152e+01
4.685282109375000346e+02,-9.183233180513096272e+01
4.685285039062500232e+02,-9.005525645488197028e+01
4.685287968750000118e+02,-9.986789300775285483e+01
4.685290898437500005e+02,-1.070193183123018628e+02
4.685293828124999891e+02,-9.053218426770320093e+01
4.685296757812500346e+02,-8.931117807341287573e+01
4.685299687500000232e+02,-8.732809847500973888e+01
4.685302617187500118e+02,-9.057475669746166602e+01
4.685305546875000005e+02,-9.683393729173430131e+01
4.685308476562499891e+02,-1.006101941898717342e+02
4.685311406250000346e+02,-1.134620481230975031e+02
4.685314335937500232e+02,-9.204443766147011274e+01
4.685317265625000118e+02,-8.588534543902311214e+01
4.685320195312500005e+02,-8.383407723362964248e+01
4.685323124999999891e+02,-8.869200432034989490e+01
4.685326054687500346e+02,-9.822930055038537489e+01
4.685328984375000232e+02,-9.272236830709913136e+01
4.685331914062500118e+02,-9.248493045048783756e+01
4.685334843750000005e+02,-9.020753313941318652e+01
4.685337773437499891e+02,-9.036093069428025615e+01
4.685340703125000346e+02,-9.606401286693817099e+01
4.685343632812500232e+02,-9.994488981843259978e+01
4.685346562500000118e+02,-9.112680817724992721e+01
4.685349492187500005e+02,-9.132764552134577229e+01
4.685352421874999891e+02,-8.702667843077279031e+01
4.685355351562500346e+02,-9.074502203842321535e+01
4.685358281250000232e+02,-1.038217014256009065e+02
4.685361210937500118e+02,-9.766182916877021114e+01
4.685364140625000005e+02,-9.499495271277611153e+01
4.685367070312499891e+02,-9.276439127702032295e+01
4.685370000000000346e+02,-1.035009962136709873e+02
4.685372929687500232e+02,-9.485619598382358220e+01
4.685375859375000118e+02,-9.925937936299085607e+01
4.685378789062500005e+02,-1.033889563572761858e+02
4.685381718749999891e+02,-9.978333410862418873e+01
4.685384648437500346e+02,-9.826848363199118808e+01
4.685387578125000232e+02,-1.002592845693138912e+02
4.685390507812500118e+02,-9.903831140120055920e+01
4.685393437500000005e+02,-9.598207973896657563e+01
4.685396367187499891e+02,-8.824054361100760957e+01
4.685399296875000346e+02,-9.333422195718556225e+01
4.685402226562500232e+02,-1.093952595306814999e+02
4.685405156250000118e+02,-1.046753763257760852e+02
4.685408085937500005e+02,-9.253944175818074314e+01
4.685411015624999891e+02,-9.050930435988881584e+01
4.685413945312500346e+02,-9.847600304054680009e+01
4.685416875000000232e+02,-9.686700147007256589e+01
4.685419804687500118e+02,-1.016872298031687762e+02
4.685422734375000005e+02,-9.704555207997194088e+01
4.685425664062499891e+02,-1.069979722472083097e+02
4.685428593750000346e+02,-9.480862904485044851e+01
4.685431523437500232e+02,-9.112438939890796519e+01
4.685434453125000118e+02,-8.816975112535439507e+01
4.685437382812500005e+02,-9.441403008600060787e+01
4.685440312499999891e+02,-9.275881879647485562e+01
4.685443242187500346e+02,-9.383717628904742014e+01
4.685446171875000232e+02,-9.058875817419740883e+01
4.685449101562500118e+02,-8.733135665636137901e+01
4.685452031250000005e+02,-9.203890066107076962e+01
4.685454960937499891e+02,-1.197766946275498299e+02
4.685457890625000346e+02,-1.038194673388263141e+02
4.685460820312500232e+02,-1.041933813979031811e+02
4.685463750000000118e+02,-1.025254753410667377e+02
4.685466679687500005e+02,-1.128013896366050517e+02
4.685469609374999891e+02,-1.002709662862264395e+02
4.685472539062500346e+02,-9.075035486347267977e+01
4.685475468750000232e+02,-1.018218338248721579e+02
4.685478398437500118e+02,-9.418492143115545900e+01
4.685481328125000005e+02,-9.703237649406260346e+01
4.685484257812499891e+02,-1.079866256703178493e+02
4.685487187500000346e+02,-9.597969746122467427e+01
4.685490117187500232e+02,-9.396376084944036222e+01
4.685493046875000118e+02,-9.686650171053338454e+01
4.685495976562500005e+02,-9.645796993149892273e+01
4.685498906249999891e+02,-9.289137064308530967e+01
4.685501835937500346e+02,-9.419760603121987685e+01
4.685504765625000232e+02,-1.053977070140793870e+02
4.685507695312500118e+02,-1.049611961372993250e+02
4.685510625000000005e+02,-9.474238257386187456e+01
4.685513554687499891e+02,-8.958993345723251878e+01
4.685516484375000346e+02,-9.138645729319284783e+01
4.685519414062500232e+02,-9.705271771362552613e+01
4.685522343750000118e+02,-9.230389989067521128e+01
4.685525273437500005e+02,-9.741475941413827400e+01
4.685528203124999891e+02,-9.647018296985027064e+01
4.685531132812500346e+02,-1.053613863315957246e+02
4.685534062500000232e+02,-9.351898208837835114e+01
4.685536992187500118e+02,-9.347319531131491033e+01
4.685539921875000005e+02,-9.876457294714343504e+01
4.685542851562499891e+02,-9.488877893724236401e+01
4.685545781250000346e+02,-9.253029374163995158e+01
4.685548710937500232e+02,-9.117927994863390495e+01
4.685551640625000118e+02,-9.208629151743204488e+01
4.685554570312500005e+02,-9.671098672521702611e+01
4.685557499999999891e+02,-9.071899318118127553e+01
4.685560429687500346e+02,-8.878568463536890931e+01
4.685563359375000232e+02,-9.265215453471353158e+01
4.685566289062500118e+02,-8.986918133108690654e+01
4.685569218750000005e+02,-8.433468670601364181e+01
4.685572148437499891e+02,-8.338655754176087953e+01
4.685575078125000346e+02,-8.835080891352895094e+01
4.685578007812500232e+02,-8.990087064767732272e+01
4.685580937500000118e+02,-9.105131087866483597e+01
4.685583867187500005e+02,-9.092598378207330256e+01
4.685586796874999891e+02,-9.256232385316734224e+01
4.685589726562500346e+02,-9.750988237897205124e+01
4.685592656250000232e+02,-9.422054186759217487e+01
4.685595585937500118e+02,-9.503724364390484425e+01
4.685598515625000005e+02,-9.336595746402232976e+01
4.685601445312499891e+02,-9.547153140916384473e+01
4.685604375000000346e+02,-9.590094557678941101e+01
4.685607304687500232e+02,-9.600325338155954569e+01
4.685610234375000118e+02,-9.455163694321412038e+01
4.685613164062500005e+02,-9.079827190834836870e+01
4.685616093749999891e+02,-1.000112408590406403e+02
4.685619023437500346e+02,-9.638437619784994581e+01
4.685621953125000232e+02,-9.517908462818475357e+01
4.685624882812500118e+02,-9.642923664590840360e+01
4.685627812500000005e+02,-1.027553333795791559e+02
4.685630742187499891e+02,-9.434324581267544829e+01
4.685633671875000346e+02,-1.006206465332621036e+02
4.685636601562500232e+02,-9.583613571588082891e+01
4.685639531250000118e+02,-1.029211652255605998e+02
4.685642460937500005e+02,-1.022414305505461840e+02
4.685645390624999891e+02,-9.693276269991719118e+01
4.685648320312500346e+02,-1.210184153473509951e+02
4.685651250000000232e+02,-9.840346788376371023e+01
4.685654179687500118e+02,-9.494479902346240863e+01
4.685657109375000005e+02,-9.085465846646621912e+01
4.685660039062499891e+02,-9.934269068018539883e+01
4.685662968750000346e+02,-9.596409983400721444e+01
4.685665898437500232e+02,-9.697168178675468653e+01
4.685668828125000118e+02,-9.984861123401626060e+01
4.685671757812500005e+02,-9.337640885711601868e+01
4.685674687499999891e+02,-9.082118959903249333e+01
4.685677617187500346e+02,-9.328111382399103491e+01
4.685680546875000232e+02,-8.937152236474118183e+01
4.685683476562500118e+02,-8.983022755130775749e+01
4.685686406250000005e+02,-9.439627104962532655e+01
4.685689335937499891e+02,-9.845024881106928660e+01
4.685692265625000346e+02,-9.577673104730243381e+01
4.685695195312500232e+02,-9.162021660352908725e+01
4.685698125000000118e+02,-9.305820940978433953e+01
4.685701054687500005e+02,-1.003483441942468630e+02
4.685703984374999891e+02,-9.270287106129262611e+01
4.685706914062500346e+02,-9.510729652645508736e+01
4.685709843750000232e+02,-1.018073028330955623e+02
4.685712773437500118e+02,-9.202986922663987457e+01
4.685715703125000005e+02,-9.445655249830437583e+01
4.685718632812499891e+02,-1.020196721006776386e+02
4.685721562500000346e+02,-1.002163285174397629e+02
4.685724492187500232e+02,-9.626601928391170304e+01
4.685727421875000118e+02,-9.656888987635879573e+01
4.685730351562500005e+02,-9.779081905417601206e+01
4.685733281249999891e+02,-9.053286922840173645e+01
4.685736210937500346e+02,-8.744767466903698505e+01
4.685739140625000232e+02,-9.200865008947751278e+01
4.685742070312500118e+02,-8.928605686391293261e+01
4.685745000000000005e+02,-8.776008642876702481e+01
4.685747929687499891e+02,-9.595929931116944545e+01
4.685750859375000346e+02,-9.555089537057722282e+01
4.685753789062500232e+02,-8.926390929065348701e+01
4.685756718750000118e+02,-9.110747131548762923e+01
4.685759648437500005e+02,-8.832627904278824360e+01
4.685762578124999891e+02,-9.160061355949345341e+01
4.685765507812500346e+02,-9.281573803166489256e+01
4.685768437500000232e+02,-9.481280101851075415e+01
4.685771367187500118e+02,-1.102194027077604943e+02
4.685774296875000005e+02,-9.438605268135219717e+01
4.685777226562499891e+02,-9.208579190531308711e+01
4.685780156250000346e+02,-9.480332497181066742e+01
4.685783085937500232e+02,-1.033970675962429198e+02
4.685786015625000118e+02,-9.380747689310476289e+01
4.685788945312500005e+02,-9.227810746144189125e+01
4.685791874999999891e+02,-9.389168109649317273e+01
4.685794804687500346e+02,-9.222076237151455302e+01
4.685797734375000232e+02,-8.616150620530369508e+01
4.685800664062500118e+02,-8.829141648503357942e+01
4.685803593750000005e+02,-9.323347982168151304e+01
4.685806523437499891e+02,-9.543813325346236809e+01
4.685809453125000346e+02,-9.202671778160166127e+01
4.685812382812500232e+02,-9.568403923683122514e+01
4.685815312500000118e+02,-1.004263273040135118e+02
4.685818242187500005e+02,-1.038142194941901408e+02
4.685821171874999891e+02,-8.903253156044335981e+01
4.685824101562500346e+02,-8.595376532345211729e+01
4.685827031250000232e+02,-9.019947275687204069e+01
4.685829960937500118e+02,-9.329425527645598493e+01
4.685832890625000005e+02,-9.988337544374957133e+01
4.685835820312499891e+02,-9.842418182876734534e+01
4.685838750000000346e+02,-1.029565757533911494e+02
4.685841679687500232e+02,-1.056260408179633572e+02
4.685844609375000118e+02,-9.065699167674546288e+01
4.685847539062500005e+02,-9.493095682142478609e+01
4.685850468749999891e+02,-9.324094376419061803e+01
4.685853398437500346e+02,-1.033996475327300573e+02
4.685856328125000232e+02,-9.091546206590163592e+01
4.685859257812500118e+02,-9.099256280104219741e+01
4.685862187500000005e+02,-1.002262058696809532e+02
4.685865117187499891e+02,-9.589001222134274371e+01
4.685868046875000346e+02,-9.500255752061562475e+01
4.685870976562500232e+02,-9.318248090324692612e+01
4.685873906250000118e+02,-1.004307894453272212e+02
4.685876835937500005e+02,-9.727538183000800132e+01
4.685879765624999891e+02,-9.298945933110323381e+01
4.685882695312500346e+02,-9.917517756905134263e+01
4.685885625000000232e+02,-9.325100494045167920e+01
4.685888554687500118e+02,-9.149892467501949511e+01
4.685891484375000005e+02,-9.438803871775095899e+01
4.685894414062499891e+02,-9.491850865311880625e+01
4.685897343750000346e+02,-9.965675904737307178e+01
4.685900273437500232e+02,-9.539675758653595494e+01
4.685903203125000118e+02,-9.922208102595847379e+01
4.685906132812500005e+02,-9.815307377638278297e+01
4.685909062499999891e+02,-9.361744751444041412e+01
4.685911992187500346e+02,-9.707212223283966068e+01
4.685914921875000232e+02,-9.001121535129283302e+01
4.685917851562500118e+02,-8.952578482433168006e+01
4.685920781250000005e+02,-9.348179791131093452e+01
4.685923710937499891e+02,-9.788343626770068795e+01
4.685926640625000346e+02,-9.169938872957131082e+01
4.685929570312500232e+02,-9.420369795668443658e+01
4.685932500000000118e+02,-9.161335002024648588e+01
4.685935429687500005e+02,-9.559028081060739623e+01
4.685938359374999891e+02,-9.983763537243348196e+01
4.685941289062500346e+02,-9.914334006624535789e+01
4.685944218750000232e+02,-9.930938405513043676e+01
4.685947148437500118e+02,-1.074602288797135117e+02
4.685950078125000005e+02,-9.758372706576587063e+01
4.685953007812499891e+02,-9.407137185009604252e+01
4.685955937500000346e+02,-9.587328459101955502e+01
4.685958867187500232e+02,-9.573502215700349893e+01
4.685961796875000118e+02,-9.351913245323180490e+01
4.685964726562500005e+02,-9.605487431879791416e+01
4.685967656249999891e+02,-9.642355821170239949e+01
4.685970585937500346e+02,-9.142864119478124962e+01
4.685973515625000232e+02,-9.443731153224950958e+01
4.685976445312500118e+02,-9.120110559064141853e+01
4.685979375000000005e+02,-8.733434648720312055e+01
4.685982304687499891e+02,-9.328782085320301576e+01
4.685985234375000346e+02,-9.688558622904514550e+01
4.685988164062500232e+02,-9.837610427692413850e+01
4.685991093750000118e+02,-9.178856323908846093e+01
4.685994023437500005e+02,-9.020427262071453356e+01
4.685996953124999891e+02,-9.202303387428116821e+01
4.685999882812500346e+02,-9.256284666248703275e+01
4.686002812500000232e+02,-9.046943594509710351e+01
4.686005742187500118e+02,-8.920446531215689845e+01
4.686008671875000005e+02,-9.416435321496543054e+01
4.686011601562499891e+02,-9.833191634610089693e+01
4.686014531250000346e+02,-9.473285350193563659e+01
4.686017460937500232e+02,-9.348008446222365819e+01
4.686020390625000118e+02,-9.756078321045391988e+01
4.686023320312500005e+02,-9.931265157056213866e+01
4.686026249999999891e+02,-9.557730860742276491e+01
4.686029179687500346e+02,-1.017026254767631741e+02
4.686032109375000232e+02,-1.027290274812459216e+02
4.686035039062500118e+02,-1.089854345852039046e+02
4.686037968750000005e+02,-1.057431831974022600e+02
4.686040898437499891e+02,-9.291621961701898158e+01
4.686043828125000346e+02,-8.931076300713411342e+01
4.686046757812500232e+02,-9.201087494209207307e+01
4.686049687500000118e+02,-9.383875061862866573e+01
4.686052617187500005e+02,-9.561514590156224358e+01
4.686055546874999891e+02,-1.015065435734219790e+02
4.686058476562500346e+02,-9.625911024920326042e+01
4.686061406250000232e+02,-9.219195904443418499e+01
4.686064335937500118e+02,-9.496928969424153877e+01
4.686067265625000005e+02,-1.022271801638192130e+02
4.686070195312499891e+02,-9.944000432899326825e+01
4.686073125000000346e+02,-9.712184385480477999e+01
4.686076054687500232e+02,-1.320080418484898814e+02
4.686078984375000118e+02,-9.914581794918454705e+01
4.686081914062500005e+02,-1.020079556060618415e+02
4.686084843749999891e+02,-9.511544454207088961e+01
4.686087773437500346e+02,-9.211140333509197831e+01
4.686090703125000232e+02,-9.455339189168279290e+01
4.686093632812500118e+02,-1.055487819260937954e+02
4.686096562500000005e+02,-1.156865863963314212e+02
4.686099492187499891e+02,-1.070162950775812050e+02
4.686102421875000346e+02,-1.097568777315388644e+02
4.686105351562500232e+02,-1.047118562191319597e+02
4.686108281250000118e+02,-9.665512289321100070e+01
4.686111210937500005e+02,-8.946190761795239155e+01
4.686114140624999891e+02,-9.187829261432817418e+01
4.686117070312500346e+02,-1.004704571100958788e+02
4.686120000000000232e+02,-9.566188118718548594e+01
4.686122929687500118e+02,-9.204357115092270192e+01
4.686125859375000005e+02,-9.062474113034737400e+01
4.686128789062499891e+02,-9.664953448310367889e+01
4.686131718750000346e+02,-9.377119260562848524e+01
4.686134648437500232e+02,-9.434355468871329720e+01
4.686137578125000118e+02,-9.201855668427279511e+01
4.686140507812500005e+02,-8.794643972307528657e+01
4.686143437499999891e+02,-9.155463202623531060e+01
4.686146367187500346e+02,-9.204259838202675326e+01
4.686149296875000232e+02,-9.406182893770059650e+01
4.686152226562500118e+02,-9.434182320970249691e+01
4.686155156250000005e+02,-9.112661803525732296e+01
4.686158085937499891e+02,-9.971699472910414386e+01
4.686161015625000346e+02,-8.924381273490759270e+01
4.686163945312500232e+02,-9.254907754204867842e+01
4.686166875000000118e+02,-1.023740224823350502e+02
4.686169804687500005e+02,-9.703456564023488795e+01
4.686172734374999891e+02,-9.726073991095313431e+01
4.686175664062500346e+02,-1.018430851542601658e+02
4.686178593750000232e+02,-9.880104786557886598e+01
4.686181523437500118e+02,-1.006430152914241063e+02
4.686184453125000005e+02,-1.018254290233588364e+02
4.686187382812499891e+02,-1.013890445656722932e+02
4.686190312500000346e+02,-9.767623323977474570e+01
4.686193242187500232e+02,-1.012298040367218164e+02
4.686196171875000118e+02,-1.001933838445808647e+02
4.686199101562500005e+02,-9.535074691974507743e+01
4.686202031249999891e+02,-9.993407243818255381e+01
4.686204960937500346e+02,-1.021811104697224692e+02
4.686207890625000232e+02,-9.512153245946538505e+01
4.686210820312500118e+02,-9.512767776059975233e+01
4.686213750000000005e+02,-9.108320446763755740e+01
4.686216679687499891e+02,-8.987191016084184980e+01
4.686219609375000346e+02,-9.179935795471563154e+01
4.686222539062500232e+02,-9.519201952786629306e+01
4.686225468750000118e+02,-9.575129205065074700e+01
4.686228398437500005e+02,-9.804447061789076656e+01
4.686231328124999891e+02,-9.159378380805333109e+01
4.686234257812500346e+02,-8.955698904124433568e+01
4.686237187500000232e+02,-9.376569497702817557e+01
4.686240117187500118e+02,-9.960698558132504843e+01
4.686243046875000005e+02,-9.192552643574418880e+01
4.686245976562499891e+02,-9.575346941672550827e+01
4.686248906250000346e+02,-9.504741226890351413e+01
4.686251835937500232e+02,-9.428401263718981795e+01
4.686254765625000118e+02,-1.032046431085571356e+02
4.686257695312500005e+02,-1.006055407570330686e+02
4.686260624999999891e+02,-9.035621022083050491e+01
4.686263554687500346e+02,-9.282996086905532707e+01
4.686266484375000232e+02,-1.004373796372793493e+02
4.686269414062500118e+02,-9.307392542268200941e+01
4.686272343750000005e+02,-1.049644310769681255e+02
4.686275273437499891e+02,-9.318101797470582426e+01
4.686278203125000346e+02,-9.751256457970042391e+01
4.686281132812500232e+02,-1.066337633420883151e+02
4.686284062500000118e+02,-1.099627064383918906e+02
4.686286992187500005e+02,-1.022207155679882362e+02
4.686289921874999891e+02,-9.094560085091674750e+01
4.686292851562500346e+02,-9.371119602049226671e+01
4.686295781250000232e+02,-9.697876259042699587e+01
4.686298710937500118e+02,-9.278398406921282060e+01
4.686301640625000005e+02,-8.929444459332236761e+01
4.686304570312499891e+02,-9.064015496161843544e+01
4.686307500000000346e+02,-9.332233266755648060e+01
4.686310429687500232e+02,-9.377097164722941613e+01
4.686313359375000118e+02,-9.630600404947166737e+01
4.686316289062500005e+02,-9.365380715951276613e+01
4.686319218749999891e+02,-1.027449087545960680e+02
4.686322148437500346e+02,-9.458829160111233136e+01
4.686325078125000232e+02,-9.276364028460783118e+01
4.686328007812500118e+02,-9.256303486193232288e+01
4.686330937500000005e+02,-9.543055402060036840e+01
4.686333867187499891e+02,-1.000671785246886856e+02
4.686336796875000346e+02,-9.439056999535085879e+01
4.686339726562500232e+02,-9.835419230913495880e+01
4.686342656250000118e+02,-9.705791288707800391e+01
4.686345585937500005e+02,-9.360753774861453280e+01
4.686348515624999891e+02,-1.005691354986996231e+02
4.686351445312500346e+02,-9.550552672794331954e+01
4.686354375000000232e+02,-9.509757522705513111e+01
4.686357304687500118e+02,-9.048027013202060687e+01
4.686360234375000005e+02,-9.954065374009110201e+01
4.686363164062499891e+02,-9.752189204822687429e+01
4.686366093750000346e+02,-1.022342083790726832e+02
4.686369023437500232e+02,-9.510306827518400041e+01
4.686371953125000118e+02,-1.108039415660560678e+02
4.686374882812500005e+02,-1.006293195038194597e+02
4.686377812499999891e+02,-1.133163037294276734e+02
4.686380742187500346e+02,-9.871523492224652330e+01
4.686383671875000232e+02,-9.541052587201465940e+01
4.686386601562500118e+02,-9.601985810365863472e+01
4.686389531250000005e+02,-1.051742567390901826e+02
4.686392460937499891e+02,-1.024979351653865791e+02
4.686395390625000346e+02,-1.034768142991569846e+02
4.686398320312500232e+02,-9.837708579056416625e+01
4.686401250000000118e+02,-9.491286022780754195e+01
4.686404179687500005e+02,-9.006842774620308489e+01
4.686407109374999891e+02,-1.028535525998223079e+02
4.686410039062500346e+02,-1.050550786822339830e+02
4.686412968750000232e+02,-9.389687485927126431e+01
4.686415898437500118e+02,-9.213071995323714702e+01
4.686418828125000005e+02,-9.335702365062248020e+01
4.686421757812499891e+02,-9.989890434965514032e+01
4.686424687500000346e+02,-9.411033048425579750e+01
4.686427617187500232e+02,-9.295500073271247743e+01
4.686430546875000118e+02,-9.510829122582907758e+01
4.686433476562500005e+02,-9.191339120206306745e+01
4.686436406249999891e+02,-9.701395578574749834e+01
4.686439335937500346e+02,-1.017596468919382033e+02
4.686442265625000232e+02,-9.220116069171336903e+01
4.686445195312500118e+02,-8.798961754834918736e+01
4.686448125000000005e+02,-8.788689809667017983e+01
4.686451054687499891e+02,-9.308036235150444782e+01
4.686453984375000346e+02,-1.024928824493433694e+02
4.686456914062500232e+02,-9.710101507120567987e+01
4.686459843750000118e+02,-9.651207821244975094e+01
4.686462773437500005e+02,-1.000549099069174588e+02
4.686465703124999891e+02,-9.290013292072410422e+01
4.686468632812500346e+02,-9.121943893404463211e+01
4.686471562500000232e+02,-9.745888884658836560e+01
4.686474492187500118e+02,-9.983221353278904076e+01
4.686477421875000005e+02,-9.555201544767392363e+01
4.686480351562499891e+02,-9.088460318540131766e+01
4.686483281250000346e+02,-8.990269767779908250e+01
4.686486210937500232e+02,-9.029141421746101059e+01
4.686489140625000118e+02,-9.783691661386347960e+01
4.686492070312500005e+02,-1.006801826786826553e+02
4.686494999999999891e+02,-9.416426760239608029e+01
4.686497929687500346e+02,-9.616254341436813036e+01
4.686500859375000232e+02,-1.005720024524036091e+02
4.686503789062500118e+02,-9.183599323535577241e+01
4.686506718750000005e+02,-9.393860404727419677e+01
4.686509648437499891e+02,-9.716706199275472500e+01
4.686512578125000346e+02,-9.348310355964434848e+01
4.686515507812500232e+02,-1.087881284993051025e+02
4.686518437500000118e+02,-9.952464712267980929e+01
4.686521367187500005e+02,-9.232731553807940372e+01
4.686524296874999891e+02,-9.838654333519613715e+01
4.686527226562500346e+02,-1.014693591258012617e+02
4.686530156250000232e+02,-9.427062784079035396e+01
4.686533085937500118e+02,-1.027673786273835219e+02
4.686536015625000005e+02,-9.107112961623226965e+01
4.686538945312499891e+02,-9.161339720259852015e+01
4.686541875000000346e+02,-1.050080311349872773e+02
4.686544804687500232e+02,-9.790713329452303526e+01
4.686547734375000118e+02,-9.762157590502701510e+01
4.686550664062500005e+02,-9.708315892826421134e+01
4.686553593749999891e+02,-9.262242581761348958e+01
4.686556523437500346e+02,-8.998884923041428863e+01
4.686559453125000232e+02,-9.255451995652870778e+01
4.686562382812500118e+02,-9.432375893586792870e+01
4.686565312500000005e+02,-9.232197088447612998e+01
4.686568242187499891e+02,-9.566312637322323553e+01
4.686571171875000346e+02,-9.552869404524236074e+01
4.686574101562500232e+02,-9.603390251813530654e+01
4.686577031250000118e+02,-1.112511163635037121e+02
4.686579960937500005e+02,-9.328983987362715879e+01
4.686582890624999891e+02,-9.684791769761447711e+01
4.686585820312500346e+02,-9.465461587011530753e+01
4.686588750000000232e+02,-9.233894032509749650e+01
4.686591679687500118e+02,-9.641163467465013071e+01
4.686594609375000005e+02,-9.545060377662623807e+01
4.686597539062499891e+02,-1.026965063893451600e+02
4.686600468750000346e+02,-9.830326510267438778e+01
4.686603398437500232e+02,-9.182759420942581130e+01
4.686606328125000118e+02,-8.910602966983360318e+01
4.686609257812500005e+02,-8.755862694665154322e+01
4.686612187499999891e+02,-9.350004391815546967e+01
4.686615117187500346e+02,-1.078966944661984257e+02
4.686618046875000232e+02,-1.057112349017659056e+02
4.686620976562500118e+02,-9.886754511323854899e+01
4.686623906250000005e+02,-1.011008340987824141e+02
4.686626835937499891e+02,-9.912158236982600101e+01
4.686629765625000346e+02,-9.632477399127228068e+01
4.686632695312500232e+02,-9.773125914130554293e+01
4.686635625000000118e+02,-9.563327339937289651e+01
4.686638554687500005e+02,-9.567609488532434625e+01
4.686641484374999891e+02,-1.058205437769304069e+02
4.686644414062500346e+02,-9.866556347085156631e+01
4.686647343750000232e+02,-9.501638402662074157e+01
4.686650273437500118e+02,-9.087161358893688146e+01
4.686653203125000005e+02,-9.346794956526254339e+01
4.686656132812499891e+02,-9.557971972543975880e+01
4.686659062500000346e+02,-8.888519427459948474e+01
4.686661992187500232e+02,-8.697792935426393512e+01
4.686664921875000118e+02,-9.199138850047415872e+01
4.686667851562500005e+02,-1.016131775484699773e+02
4.686670781249999891e+02,-9.408983200870595454e+01
4.686673710937500346e+02,-1.018173423690944617e+02
4.686676640625000232e+02,-1.019800709592253440e+02
4.686679570312500118e+02,-1.006376589135947484e+02
4.686682500000000005e+02,-9.338680602634872230e+01
4.686685429687499891e+02,-9.542141892090128863e+01
4.686688359375000346e+02,-9.532848488782471463e+01
4.686691289062500232e+02,-9.857237033557487393e+01
4.686694218750000118e+02,-9.909030202145153510e+01
4.686697148437500005e+02,-9.557581767561428876e+01
4.686700078124999891e+02,-9.567456368486955398e+01
4.686703007812500346e+02,-9.782535188372821722e+01
4.686705937500000232e+02,-1.055401396703039438e+02
4.686708867187500118e+02,-9.461362072888725550e+01
4.686711796875000005e+02,-9.470320850358507414e+01
4.686714726562499891e+02,-9.518650370515555892e+01
4.686717656250000346e+02,-9.984315711259125692e+01
4.686720585937500232e+02,-9.402692777215833075e+01
4.686723515625000118e+02,-9.422842201984482813e+01
4.686726445312500005e+02,-9.835506209306552705e+01
4.686729374999999891e+02,-9.959796426600546226e+01
4.686732304687500346e+02,-9.247392260752067727e+01
4.686735234375000232e+02,-9.470200761004193168e+01
4.686738164062500118e+02,-9.853207942708439759e+01
4.686741093750000005e+02,-9.556184774400651349e+01
4.686744023437499891e+02,-9.134416882966989704e+01
4.686746953125000346e+02,-9.305169033677924517e+01
4.686749882812500232e+02,-9.194167665987680493e+01
4.686752812500000118e+02,-9.103435608918290711e+01
4.686755742187500005e+02,-9.141190495582237929e+01
4.686758671874999891e+02,-1.162920165871387042e+02
4.686761601562500346e+02,-1.055463466485246897e+02
4.686764531250000232e+02,-8.890197738850804399e+01
4.686767460937500118e+02,-8.734403279845828649e+01
4.686770390625000005e+02,-8.987751390300125820e+01
4.686773320312499891e+02,-9.740864597795351187e+01
4.686776250000000346e+02,-9.640559060492421395e+01
4.686779179687500232e+02,-1.023653152453754700e+02
4.686782109375000118e+02,-1.016568848699467367e+02
4.686785039062500005e+02,-9.833668515137566146e+01
4.686787968749999891e+02,-9.252449374884741928e+01
4.686790898437500346e+02,-9.171192593488846967e+01
4.686793828125000232e+02,-9.442501698193518678e+01
4.686796757812500118e+02,-9.345819216296932552e+01
4.686799687500000005e+02,-9.186323835506136959e+01
4.686802617187499891e+02,-9.204093770291029841e+01
4.686805546875000346e+02,-1.038950262853172148e+02
4.686808476562500232e+02,-1.025751280011996300e+02
4.686811406250000118e+02,-9.321260286815166296e+01
4.686814335937500005e+02,-9.611147607528550907e+01
4.686817265624999891e+02,-9.666298690218518175e+01
4.686820195312500346e+02,-9.425914195123304751e+01
4.686823125000000232e+02,-9.236173702794263818e+01
4.686826054687500118e+02,-9.403509595798637122e+01
4.686828984375000005e+02,-9.521918638249775313e+01
4.686831914062499891e+02,-1.192212276529190262e+02
4.686834843750000346e+02,-9.764698570345370854e+01
4.686837773437500232e+02,-1.002670163068716960e+02
4.686840703125000118e+02,-9.654233633567152140e+01
4.686843632812500005e+02,-9.893526138101258027e+01
4.686846562499999891e+02,-9.666919602895687547e+01
4.686849492187500346e+02,-9.502636172894949596e+01
4.686852421875000232e+02,-9.662633321900102601e+01
4.686855351562500118e+02,-9.319040354412423710e+01
4.686858281250000005e+02,-9.079418578749299229e+01
4.686861210937499891e+02,-1.070129965106805656e+02
4.686864140625000346e+02,-9.579010532375919240e+01
4.686867070312500232e+02,-9.187206479055090824e+01
4.686870000000000118e+02,-9.001439694442105122e+01
4.686872929687500005e+02,-8.991085792670776300e+01
4.686875859374999891e+02,-9.200359204276041680e+01
4.686878789062500346e+02,-9.609674971833445056e+01
4.686881718750000232e+02,-1.010581920405371648e+02
4.686884648437500118e+02,-1.028809235687239720e+02
4.686887578125000005e+02,-9.888254969243095616e+01
4.686890507812499891e+02,-1.040227407701364086e+02
4.686893437500000346e+02,-9.237246153018361383e+01
4.686896367187500232e+02,-9.017507055840923158e+01
4.686899296875000118e+02,-9.172269881641712175e+01
4.686902226562500005e+02,-9.672417752270006019e+01
4.686905156249999891e+02,-1.050135592158387823e+02
4.686908085937500346e+02,-1.015541145172028052e+02
4.686911015625000232e+02,-9.754522028368727149e+01
4.686913945312500118e+02,-9.889587343428432575e+01
4.686916875000000005e+02,-9.404099569429682504e+01
4.686919804687499891e+02,-9.492215541218956787e+01
4.686922734375000346e+02,-1.086942270881306740e+02
4.686925664062500232e+02,-1.039791323906229792e+02
4.686928593750000118e+02,-9.891815962174655397e+01
4.686931523437500005e+02,-9.621110368691620351e+01
4.686934453124999891e+02,-9.416978789209971978e+01
4.686937382812500346e+02,-9.339242316683925083e+01
4.686940312500000232e+02,-9.182724380902638472e+01
4.686943242187500118e+02,-9.083182863383571259e+01
4.686946171875000005e+02,-8.707654469592287683e+01
4.686949101562499891e+02,-9.061287161228096920e+01
4.686952031250000346e+02,-1.094009919088892673e+02
4.686954960937500232e+02,-9.681608557556251071e+01
4.686957890625000118e+02,-9.807776630311198574e+01
4.686960820312500005e+02,-9.263848776156100939e+01
4.686963749999999891e+02,-9.402613742679109521e+01
4.686966679687500346e+02,-1.018476742805894446e+02
4.686969609375000232e+02,-9.878478133382893134e+01
4.686972539062500118e+02,-1.065980419847614655e+02
4.686975468750000005e+02,-9.676372467921862608e+01
4.686978398437499891e+02,-1.005507760126671002e+02
4.686981328125000346e+02,-9.163147633483313825e+01
4.686984257812500232e+02,-9.753985926209524848e+01
4.686987187500000118e+02,-9.539183123194970904e+01
4.686990117187500005e+02,-9.534732506204878177e+01
4.686993046874999891e+02,-1.032628666109724094e+02
4.686995976562500346e+02,-9.645296349923594903e+01
4.686998906250000232e+02,-9.585497360306162307e+01
4.687001835937500118e+02,-9.619888083644815424e+01
4.687004765625000005e+02,-9.107892759880681410e+01
4.687007695312499891e+02,-9.247228280978629300e+01
4.687010625000000346e+02,-1.019050471221065237e+02
4.687013554687500232e+02,-1.020459121817596042e+02
4.687016484375000118e+02,-1.029379951040710921e+02
4.687019414062500005e+02,-9.232350330144660688e+01
4.687022343749999891e+02,-1.000356330566120846e+02
4.687025273437500346e+02,-1.007964009288891134e+02
4.687028203125000232e+02,-1.089205833377067734e+02
4.687031132812500118e+02,-9.402858400463487953e+01
4.687034062500000005e+02,-9.761365888175318162e+01
4.687036992187499891e+02,-9.581938309675481946e+01
4.687039921875000346e+02,-9.528644064976739969e+01
4.687042851562500232e+02,-9.743856758755987357e+01
4.687045781250000118e+02,-9.248995310575256212e+01
4.687048710937500005e+02,-9.056348331519967587e+01
4.687051640624999891e+02,-9.407844164566265022e+01
4.687054570312500346e+02,-9.494013450241142493e+01
4.687057500000000232e+02,-1.005004105586001373e+02
4.687060429687500118e+02,-9.736138733045959270e+01
4.687063359375000005e+02,-1.000779691445840314e+02
4.687066289062499891e+02,-1.011029557379034429e+02
4.687069218750000346e+02,-1.007661987418232741e+02
4.687072148437500232e+02,-9.726739289100849817e+01
4.687075078125000118e+02,-8.953968648641225059e+01
4.687078007812500005e+02,-9.174937410223925838e+01
4.687080937499999891e+02,-9.746151671562890328e+01
4.687083867187500346e+02,-1.031262220309471189e+02
4.687086796875000232e+02,-9.254624585568407724e+01
4.687089726562500118e+02,-8.943789273264934536e+01
4.687092656250000005e+02,-9.728253371700037633e+01
4.687095585937499891e+02,-1.060872633494698647e+02
4.687098515625000346e+02,-9.968506685168267722e+01
4.687101445312500232e+02,-9.144059039678333534e+01
4.687104375000000118e+02,-9.026733544315277413e+01
4.687107304687500005e+02,-9.024196126550194208e+01
4.687110234374999891e+02,-1.005087235777339174e+02
4.687113164062500346e+02,-9.669339454661431432e+01
4.687116093750000232e+02,-9.989977844583154365e+01
4.687119023437500118e+02,-1.029544707047917314e+02
4.687121953125000005e+02,-1.237076336702085655e+02
4.687124882812499891e+02,-1.049846123442773944e+02
4.687127812500000346e+02,-9.672991847792869180e+01
4.687130742187500232e+02,-9.320216689474864324e+01
4.687133671875000118e+02,-9.527419791814573102e+01
4.687136601562500005e+02,-1.000242239297304394e+02
4.687139531249999891e+02,-9.772174213532260012e+01
4.687142460937500346e+02,-9.374116356114859627e+01
4.687145390625000232e+02,-9.277545015384484373e+01
4.687148320312500118e+02,-9.376133387170982303e+01
4.687151250000000005e+02,-1.005969861024396295e+02
4.687154179687499891e+02,-9.269904255676395621e+01
4.687157109375000346e+02,-8.844628037781927787e+01
4.687160039062500232e+02,-8.674988787575686899e+01
4.687162968750000118e+02,-9.028226552493200074e+01
4.687165898437500005e+02,-9.844578281226547745e+01
4.687168828124999891e+02,-9.747218146533340644e+01
4.687171757812500346e+02,-1.116827465276621467e+02
4.687174687500000232e+02,-9.660009501886557359e+01
4.687177617187500118e+02,-9.370884245596101891e+01
4.687180546875000005e+02,-9.699679345003789877e+01
4.687183476562499891e+02,-1.095492708051794466e+02
4.687186406250000346e+02,-9.679845943305771527e+01
4.687189335937500232e+02,-9.725315058710073401e+01
4.687192265625000118e+02,-1.093809826104586591e+02
4.687195195312500005e+02,-1.008553388317714052e+02
4.687198124999999891e+02,-9.798525545256890723e+01
4.687201054687500346e+02,-1.067322918820608493e+02
4.687203984375000232e+02,-9.364029955399740857e+01
4.687206914062500118e+02,-8.981544888880617350e+01
4.687209843750000005e+02,-8.988957590099585104e+01
4.687212773437499891e+02,-9.162818183724121468e+01
4.687215703125000346e+02,-9.036971688902737299e+01
4.687218632812500232e+02,-9.487168353667426857e+01
4.687221562500000118e+02,-1.025250202677619029e+02
4.687224492187500005e+02,-1.030938314283884125e+02
4.687227421874999891e+02,-9.239390849603459799e+01
4.687230351562500346e+02,-9.305495055428444573e+01
4.687233281250000232e+02,-9.020008319379927286e+01
4.687236210937500118e+02,-8.999159253659820479e+01
4.687239140625000005e+02,-1.190216850020542552e+02
4.687242070312499891e+02,-9.783587891735641051e+01
4.687245000000000346e+02,-1.080893857299698624e+02
4.687247929687500232e+02,-1.039853937824452146e+02
4.687250859375000118e+02,-1.030402167730179883e+02
4.687253789062500005e+02,-9.645783465459882677e+01
4.687256718749999891e+02,-9.343666957557982755e+01
4.687259648437500346e+02,-9.856109276045864931e+01
4.687262578125000232e+02,-9.985462039449384974e+01
4.687265507812500118e+02,-9.141416198164313300e+01
4.687268437500000005e+02,-9.517526598990693287e+01
4.687271367187499891e+02,-9.599075542980764908e+01
4.687274296875000346e+02,-9.812655168172932463e+01
4.687277226562500232e+02,-9.661354323021619450e+01
4.687280156250000118e+02,-9.925704175425566689e+01
4.687283085937500005e+02,-9.938904018315120936e+01
4.687286015624999891e+02,-1.022715816096224870e+02
4.687288945312500346e+02,-9.605116847974937855e+01
4.687291875000000232e+02,-1.013020551881696463e+02
4.687294804687500118e+02,-1.004074946741611711e+02
4.687297734375000005e+02,-1.104097186123468077e+02
4.687300664062499891e+02,-9.543609095728372438e+01
4.687303593750000346e+02,-9.081661903786967116e+01
4.687306523437500232e+02,-9.483507935515645215e+01
4.687309453125000118e+02,-9.839148232325192112e+01
4.687312382812500005e+02,-1.051600210996382145e+02
4.687315312499999891e+02,-1.001623924027841639e+02
4.687318242187500346e+02,-9.280054922991389788e+01
4.687321171875000232e+02,-8.981061560985654069e+01
4.687324101562500118e+02,-9.176357501640241310e+01
4.687327031250000005e+02,-9.654509414149140412e+01
4.687329960937499891e+02,-1.267545851307534122e+02
4.687332890625000346e+02,-1.053310218998869345e+02
4.687335820312500232e+02,-9.880061043846963287e+01
4.687338750000000118e+02,-1.066514108154392915e+02
4.687341679687500005e+02,-9.468701918070971146e+01
4.687344609374999891e+02,-9.650310585164304200e+01
4.687347539062500346e+02,-1.011245406050052651e+02
4.687350468750000232e+02,-9.453230145928289119e+01
4.687353398437500118e+02,-9.768851578053373430e+01
4.687356328125000005e+02,-1.050180444345192967e+02
4.687359257812499891e+02,-1.036938847940753448e+02
4.687362187500000346e+02,-1.009990467394808746e+02
4.687365117187500232e+02,-9.770588385581923774e+01
4.687368046875000118e+02,-9.469316492745612379e+01
4.687370976562500005e+02,-9.093652217977138719e+01
4.687373906249999891e+02,-9.569595982298983472e+01
4.687376835937500346e+02,-1.065253713835646465e+02
4.687379765625000232e+02,-1.023009235723713743e+02
4.687382695312500118e+02,-1.008627547394446964e+02
4.687385625000000005e+02,-1.016216568673616223e+02
4.687388554687499891e+02,-9.600189636785725611e+01
4.687391484375000346e+02,-9.248129330850977681e+01
4.687394414062500232e+02,-9.880208096711682231e+01
4.687397343750000118e+02,-9.552052183746171465e+01
4.687400273437500005e+02,-9.262244162619280985e+01
4.687403203124999891e+02,-1.108001454194492794e+02
4.687406132812500346e+02,-9.052539032400991914e+01
4.687409062500000232e+02,-9.139783945692563805e+01
4.687411992187500118e+02,-9.304457110044288015e+01
4.687414921875000005e+02,-9.229750793562543265e+01
4.687417851562499891e+02,-9.292076071049027064e+01
4.687420781250000346e+02,-9.713585622166189637e+01
4.687423710937500232e+02,-9.867895600760640207e+01
4.687426640625000118e+02,-9.788675409144147466e+01
4.687429570312500005e+02,-1.004360900927579507e+02
4.687432499999999891e+02,-1.006446887513191939e+02
4.687435429687500346e+02,-9.682401142702561003e+01
4.687438359375000232e+02,-9.736994361128650155e+01
4.687441289062500118e+02,-9.517636102340459558e+01
4.687444218750000005e+02,-1.044268121384171195e+02
4.687447148437499891e+02,-9.290204899492968593e+01
4.687450078125000346e+02,-8.930150973989466934e+01
4.687453007812500232e+02,-9.579866454455853386e+01
4.687455937500000118e+02,-9.701329179738728214e+01
4.687458867187500005e+02,-8.919697277994090712e+01
4.687461796874999891e+02,-8.683524873184225612e+01
4.687464726562500346e+02,-9.255860841734781275e+01
4.687467656250000232e+02,-1.031411887852254665e+02
4.687470585937500118e+02,-9.110611071968699548e+01
4.687473515625000005e+02,-9.053005639314736186e+01
4.687476445312499891e+02,-9.849598151501730570e+01
4.687479375000000346e+02,-1.014139915483456633e+02
4.687482304687500232e+02,-9.589388593391024074e+01
4.687485234375000118e+02,-9.360907018111186062e+01
4.687488164062500005e+02,-9.352431300307256379e+01
4.687491093749999891e+02,-9.365104003385926035e+01
4.687494023437500346e+02,-9.637118474875377672e+01
4.687496953125000232e+02,-9.511980018605305531e+01
4.687499882812500118e+02,-9.991250873393974530e+01
4.687502812500000005e+02,-1.018173634574220614e+02
4.687505742187499891e+02,-9.408024069356193309e+01
4.687508671875000346e+02,-1.042915980788353778e+02
4.687511601562500232e+02,-8.984722020160202760e+01
4.687514531250000118e+02,-8.851313003807661062e+01
4.687517460937500005e+02,-9.420176836858642844e+01
4.687520390624999891e+02,-1.033402638092351538e+02
4.687523320312500346e+02,-9.453813200560031760e+01
4.687526250000000232e+02,-9.374387924385368365e+01
4.687529179687500118e+02,-9.648786188564682220e+01
4.687532109375000005e+02,-1.014087754595554003e+02
4.687535039062499891e+02,-1.041207644968287838e+02
4.687537968750000346e+02,-9.866349495594167252e+01
4.687540898437500232e+02,-9.013602684701480428e+01
4.687543828125000118e+02,-9.484663975854903128e+01
4.687546757812500005e+02,-9.266399167136974313e+01
4.687549687499999891e+02,-9.063694051644239380e+01
4.687552617187500346e+02,-1.006259280902719269e+02
4.687555546875000232e+02,-9.533465950021133040e+01
4.687558476562500118e+02,-8.970822155566702349e+01
4.687561406250000005e+02,-9.103382592095387338e+01
4.687564335937499891e+02,-9.732542824483373067e+01
4.687567265625000346e+02,-9.479400536920705633e+01
4.687570195312500232e+02,-8.949710363923719569e+01
4.687573125000000118e+02,-9.541085360502873414e+01
4.687576054687500005e+02,-9.407593705514948113e+01
4.687578984374999891e+02,-9.016443877239908034e+01
4.687581914062500346e+02,-9.521318670321826971e+01
4.687584843750000232e+02,-9.065082490706669205e+01
4.687587773437500118e+02,-9.585019811617110008e+01
4.687590703125000005e+02,-1.002696380873780413e+02
4.687593632812499891e+02,-9.677446763361919579e+01
4.687596562500000346e+02,-1.023178411781990746e+02
4.687599492187500232e+02,-9.350906704613366571e+01
4.687602421875000118e+02,-9.833643915197912122e+01
4.687605351562500005e+02,-9.667103884302011352e+01
4.687608281249999891e+02,-9.876769168645947161e+01
4.687611210937500346e+02,-8.981467026465799108e+01
4.687614140625000232e+02,-8.740792139383336234e+01
4.687617070312500118e+02,-9.104229480843514466e+01
