Frequency_MHz,Power_dBHz
4.663620000000000232e+02,-8.969074948536096770e+01
4.663622929687500118e+02,-9.585683502872635131e+01
4.663625859375000005e+02,-9.908187149544798444e+01
4.663628789062499891e+02,-1.021513547898065042e+02
4.663631718750000346e+02,-9.727283299029738828e+01
4.663634648437500232e+02,-9.932523604204621392e+01
4.663637578125000118e+02,-1.078765333822670698e+02
4.663640507812500005e+02,-1.051981641274880985e+02
4.663643437499999891e+02,-8.776312800920793222e+01
4.663646367187500346e+02,-8.936301257126621067e+01
4.663649296875000232e+02,-9.820845116175675571e+01
4.663652226562500118e+02,-1.059310475569597543e+02
4.663655156250000005e+02,-9.133426088802804088e+01
4.663658085937499891e+02,-9.282082748805919437e+01
4.663661015625000346e+02,-1.021495049958665220e+02
4.663663945312500232e+02,-9.642024684993839401e+01
4.663666875000000118e+02,-9.338311341414407707e+01
4.663669804687500005e+02,-9.102974818019524150e+01
4.663672734374999891e+02,-9.875058555111600356e+01
4.663675664062500346e+02,-1.088198569738875960e+02
4.663678593750000232e+02,-9.085785312522972390e+01
4.663681523437500118e+02,-8.943808766278561961e+01
4.663684453125000005e+02,-9.320497108326969737e+01
4.663687382812499891e+02,-9.390739930342137143e+01
4.663690312500000346e+02,-9.048894067497829496e+01
4.663693242187500232e+02,-9.255499168516691100e+01
4.663696171875000118e+02,-1.001566279615490203e+02
4.663699101562500005e+02,-1.014428318469953041e+02
4.663702031249999891e+02,-9.593910692684552544e+01
4.663704960937500346e+02,-9.144869797246522580e+01
4.663707890625000232e+02,-9.222644066498817494e+01
4.663710820312500118e+02,-1.013178486136149417e+02
4.663713750000000005e+02,-9.096626612376118715e+01
4.663716679687499891e+02,-9.113933739679717405e+01
4.663719609375000346e+02,-9.448789035473095055e+01
4.663722539062500232e+02,-9.941121789910093298e+01
4.663725468750000118e+02,-9.252463260259510491e+01
4.663728398437500005e+02,-9.372926288965773267e+01
4.663731328124999891e+02,-9.645302504570857138e+01
4.663734257812500346e+02,-1.091868419275014759e+02
4.663737187500000232e+02,-9.476007615843050758e+01
4.663740117187500118e+02,-9.194599016428594496e+01
4.663743046875000005e+02,-9.340775570385993376e+01
4.663745976562499891e+02,-9.516725857247566012e+01
4.663748906250000346e+02,-9.095992514068757373e+01
4.663751835937500232e+02,-9.344829709451373390e+01
4.663754765625000118e+02,-9.651958337913694663e+01
4.663757695312500005e+02,-9.523266071835439561e+01
4.663760624999999891e+02,-9.586805530841269274e+01
4.663763554687500346e+02,-9.300442692231061415e+01
4.663766484375000232e+02,-9.220368347811471210e+01
4.663769414062500118e+02,-9.477344070911756546e+01
4.663772343750000005e+02,-9.181804689100916050e+01
4.663775273437499891e+02,-9.357783880016143030e+01
4.663778203125000346e+02,-1.004715662654270858e+02
4.663781132812500232e+02,-9.749524216826674206e+01
4.663784062500000118e+02,-9.553591447604188147e+01
4.663786992187500005e+02,-9.638191428704621444e+01
4.663789921874999891e+02,-1.059593487155585194e+02
4.663792851562500346e+02,-9.854188175451088227e+01
4.663795781250000232e+02,-9.192745543934712771e+01
4.663798710937500118e+02,-9.115322172718799720e+01
4.663801640625000005e+02,-1.008323116651174303e+02
4.663804570312499891e+02,-1.086858068239841515e+02
4.663807500000000346e+02,-1.080778849140605615e+02
4.663810429687500232e+02,-9.469400565033204487e+01
4.663813359375000118e+02,-9.727750763858540495e+01
4.663816289062500005e+02,-1.081693577254469574e+02
4.663819218749999891e+02,-1.091682623345462702e+02
4.663822148437500346e+02,-1.010816342824235647e+02
4.663825078125000232e+02,-9.676895838265713223e+01
4.663828007812500118e+02,-9.552280545442852144e+01
4.663830937500000005e+02,-9.969815039161196069e+01
4.663833867187499891e+02,-9.493181429106918756e+01
4.663836796875000346e+02,-8.995197389305198499e+01
4.663839726562500232e+02,-9.437378568436123771e+01
4.663842656250000118e+02,-9.317174218138791275e+01
4.663845585937500005e+02,-9.723754302045097120e+01
4.663848515624999891e+02,-9.449147402936060303e+01
4.663851445312500346e+02,-9.472939269054114675e+01
4.663854375000000232e+02,-9.770888585774139301e+01
4.663857304687500118e+02,-9.758899237278855310e+01
4.663860234375000005e+02,-8.933963179718885783e+01
4.663863164062499891e+02,-9.033720783670533194e+01
4.663866093750000346e+02,-9.137976731074098780e+01
4.663869023437500232e+02,-9.128288898096862169e+01
4.663871953125000118e+02,-9.101146743615504420e+01
4.663874882812500005e+02,-9.405350217903128396e+01
4.663877812499999891e+02,-9.816077684523321523e+01
4.663880742187500346e+02,-9.624455625452131358e+01
4.663883671875000232e+02,-8.930395877371154256e+01
4.663886601562500118e+02,-8.954233159335068137e+01
4.663889531250000005e+02,-9.264415908303719505e+01
4.663892460937499891e+02,-9.129532541825693670e+01
4.663895390625000346e+02,-8.969578842772378380e+01
4.663898320312500232e+02,-9.268883716747492940e+01
4.663901250000000118e+02,-1.016493088195931023e+02
4.663904179687500005e+02,-1.007786551020298162e+02
4.663907109374999891e+02,-9.285717816211641207e+01
4.663910039062500346e+02,-9.066667980230563728e+01
4.663912968750000232e+02,-9.667424083274049451e+01
4.663915898437500118e+02,-9.463795674260053659e+01
4.663918828125000005e+02,-9.261786754315676262e+01
4.663921757812499891e+02,-9.485191802706205522e+01
4.663924687500000346e+02,-1.027250469559340900e+02
4.663927617187500232e+02,-1.077105138692883344e+02
4.663930546875000118e+02,-1.034964625277300740e+02
4.663933476562500005e+02,-9.749109116105202588e+01
4.663936406249999891e+02,-9.926883566128408631e+01
4.663939335937500346e+02,-9.591399879053201971e+01
4.663942265625000232e+02,-9.338548381094898332e+01
4.663945195312500118e+02,-9.683492283085601571e+01
4.663948125000000005e+02,-1.023544192878120498e+02
4.663951054687499891e+02,-1.089708684473752243e+02
4.663953984375000346e+02,-9.363331067366124216e+01
4.663956914062500232e+02,-9.629968114472447382e+01
4.663959843750000118e+02,-9.616686740412404788e+01
4.663962773437500005e+02,-9.850502402549651038e+01
4.663965703124999891e+02,-1.022154057607656057e+02
4.663968632812500346e+02,-1.127149428652720360e+02
4.663971562500000232e+02,-9.964988079395011766e+01
4.663974492187500118e+02,-9.426193745173250704e+01
4.663977421875000005e+02,-8.903999104666777953e+01
4.663980351562499891e+02,-8.871876916896815146e+01
4.663983281250000346e+02,-9.158561852546272064e+01
4.663986210937500232e+02,-9.608610198120152290e+01
4.663989140625000118e+02,-1.039992987412069425e+02
4.663992070312500005e+02,-1.095601544101321423e+02
4.663994999999999891e+02,-9.978284279349037433e+01
4.663997929687500346e+02,-9.592213530580083614e+01
4.664000859375000232e+02,-9.108498763931785902e+01
4.664003789062500118e+02,-8.978962413467431247e+01
4.664006718750000005e+02,-9.416665779316429052e+01
4.664009648437499891e+02,-9.664644212216273900e+01
4.664012578125000346e+02,-9.639144147432452314e+01
4.664015507812500232e+02,-9.873136947938475316e+01
4.664018437500000118e+02,-1.027045448129207443e+02
4.664021367187500005e+02,-9.639215721983660501e+01
4.664024296874999891e+02,-9.236082105088883054e+01
4.664027226562500346e+02,-9.203747995131146808e+01
4.664030156250000232e+02,-9.514592271468514184e+01
4.664033085937500118e+02,-1.004753930028046511e+02
4.664036015625000005e+02,-9.494280890699013753e+01
4.664038945312499891e+02,-9.126653579045479603e+01
4.664041875000000346e+02,-1.025471357010810323e+02
4.664044804687500232e+02,-9.469372473679015911e+01
4.664047734375000118e+02,-9.440937778790969048e+01
4.664050664062500005e+02,-9.348195632228413388e+01
4.664053593749999891e+02,-1.038247329927907714e+02
4.664056523437500346e+02,-1.027983803793559758e+02
4.664059453125000232e+02,-1.008716653881105429e+02
4.664062382812500118e+02,-9.119354500609517800e+01
4.664065312500000005e+02,-9.609158561442200153e+01
4.664068242187499891e+02,-9.302972627998740052e+01
4.664071171875000346e+02,-9.209372964216520074e+01
4.664074101562500232e+02,-9.056905392514713071e+01
4.664077031250000118e+02,-1.000114841298173189e+02
4.664079960937500005e+02,-1.063824322134178857e+02
4.664082890624999891e+02,-1.025448435728575021e+02
4.664085820312500346e+02,-9.167599722298544407e+01
4.664088750000000232e+02,-9.393132684030626933e+01
4.664091679687500118e+02,-9.565078541983947957e+01
4.664094609375000005e+02,-9.086769154417038408e+01
4.664097539062499891e+02,-8.680548332839623527e+01
4.664100468750000346e+02,-9.111933878941709963e+01
4.664103398437500232e+02,-9.927618721572696359e+01
4.664106328125000118e+02,-1.061818332876435136e+02
4.664109257812500005e+02,-9.431752795223381725e+01
4.664112187499999891e+02,-9.482399776355899235e+01
4.664115117187500346e+02,-1.007858666572290360e+02
4.664118046875000232e+02,-9.529719948890323167e+01
4.664120976562500118e+02,-9.093527725643724580e+01
4.664123906250000005e+02,-8.955406392318008102e+01
4.664126835937499891e+02,-9.592968417639951895e+01
4.664129765625000346e+02,-1.056952790685902812e+02
4.664132695312500232e+02,-9.119073350100437381e+01
4.664135625000000118e+02,-9.774199968407782535e+01
4.664138554687500005e+02,-1.068691876122748710e+02
4.664141484374999891e+02,-9.948950995447037826e+01
4.664144414062500346e+02,-9.541402596056826724e+01
4.664147343750000232e+02,-9.130367996313837864e+01
4.664150273437500118e+02,-9.699935728469856144e+01
4.664153203125000005e+02,-9.981754650155630770e+01
4.664156132812499891e+02,-9.111363699298733820e+01
4.664159062500000346e+02,-9.917202419355426457e+01
4.664161992187500232e+02,-9.804151098874660875e+01
4.664164921875000118e+02,-1.013041891223365667e+02
4.664167851562500005e+02,-1.031108826164518888e+02
4.664170781249999891e+02,-9.575515478677431247e+01
4.664173710937500346e+02,-9.587493204632977495e+01
4.664176640625000232e+02,-1.013509764310185943e+02
4.664179570312500118e+02,-9.462420696765981631e+01
4.664182500000000005e+02,-1.018949504565344455e+02
4.664185429687499891e+02,-9.647377335310208935e+01
4.664188359375000346e+02,-9.644335633891550685e+01
4.664191289062500232e+02,-1.066061898348337138e+02
4.664194218750000118e+02,-9.937410736202052419e+01
4.664197148437500005e+02,-9.321299467503493474e+01
4.664200078124999891e+02,-9.665618233619690614e+01
4.664203007812500346e+02,-9.582231226204937968e+01
4.664205937500000232e+02,-1.129316978363650747e+02
4.664208867187500118e+02,-9.533183785534747301e+01
4.664211796875000005e+02,-9.476039927598756663e+01
4.664214726562499891e+02,-1.042494563299997878e+02
4.664217656250000346e+02,-9.421644146610066173e+01
4.664220585937500232e+02,-9.187711931794513021e+01
4.664223515625000118e+02,-9.726148234648044877e+01
4.664226445312500005e+02,-9.702049934238866058e+01
4.664229374999999891e+02,-1.047468283462687282e+02
4.664232304687500346e+02,-9.393755061969548592e+01
4.664235234375000232e+02,-9.365912636049216644e+01
4.664238164062500118e+02,-9.937050593758030459e+01
4.664241093750000005e+02,-9.759871723459822590e+01
4.664244023437499891e+02,-9.348260393679261426e+01
4.664246953125000346e+02,-1.074012837341394686e+02
4.664249882812500232e+02,-9.647785690517773105e+01
4.664252812500000118e+02,-1.004653595033905447e+02
4.664255742187500005e+02,-9.098935038198106895e+01
4.664258671874999891e+02,-9.396617243205128034e+01
4.664261601562500346e+02,-9.683129234690704834e+01
4.664264531250000232e+02,-9.633419816870835461e+01
4.664267460937500118e+02,-1.021477727077650570e+02
4.664270390625000005e+02,-1.050624438139057304e+02
4.664273320312499891e+02,-9.242417618690294034e+01
4.664276250000000346e+02,-9.320293375208206044e+01
4.664279179687500232e+02,-9.075619859472590178e+01
4.664282109375000118e+02,-9.426831883556010894e+01
4.664285039062500005e+02,-9.626628810697459926e+01
4.664287968749999891e+02,-8.862651253529867290e+01
4.664290898437500346e+02,-9.577249722528662801e+01
4.664293828125000232e+02,-9.740860225726859767e+01
4.664296757812500118e+02,-8.888698816685695192e+01
4.664299687500000005e+02,-9.105489994594151426e+01
4.664302617187499891e+02,-9.702451746624730333e+01
4.664305546875000346e+02,-9.503292987513519563e+01
4.664308476562500232e+02,-1.048392235339368881e+02
4.664311406250000118e+02,-9.136657943700279816e+01
4.664314335937500005e+02,-8.921646800022777768e+01
4.664317265624999891e+02,-9.098176583480174884e+01
4.664320195312500346e+02,-8.909237934366970535e+01
4.664323125000000232e+02,-9.038659765026565651e+01
4.664326054687500118e+02,-9.737766533383140199e+01
4.664328984375000005e+02,-9.671122604456203931e+01
4.664331914062499891e+02,-1.023040236973502886e+02
4.664334843750000346e+02,-1.011288949596038975e+02
4.664337773437500232e+02,-9.286238869185950762e+01
4.664340703125000118e+02,-9.327215678286614775e+01
4.664343632812500005e+02,-9.035947157956820774e+01
4.664346562499999891e+02,-9.032987676590907711e+01
4.664349492187500346e+02,-1.023976607022444796e+02
4.664352421875000232e+02,-1.019700539015034906e+02
4.664355351562500118e+02,-1.050828566628229908e+02
4.664358281250000005e+02,-1.023324052965697319e+02
4.664361210937499891e+02,-1.073794792310308992e+02
4.664364140625000346e+02,-9.933387778548697611e+01
4.664367070312500232e+02,-9.774051972744345562e+01
4.664370000000000118e+02,-9.336533367393400340e+01
4.664372929687500005e+02,-1.132105480723929389e+02
4.664375859374999891e+02,-9.570328896279761466e+01
4.664378789062500346e+02,-1.087100929257433108e+02
4.664381718750000232e+02,-9.790198826236547802e+01
4.664384648437500118e+02,-9.202184742676865881e+01
4.664387578125000005e+02,-9.836066172708774502e+01
4.664390507812499891e+02,-1.055672000811489397e+02
4.664393437500000346e+02,-9.752649423788254524e+01
4.664396367187500232e+02,-1.008926190251778792e+02
4.664399296875000118e+02,-1.010409532852639813e+02
4.664402226562500005e+02,-1.013177429035305863e+02
4.664405156249999891e+02,-1.037285722176452651e+02
4.664408085937500346e+02,-9.073828747241486781e+01
4.664411015625000232e+02,-8.915261134177430336e+01
4.664413945312500118e+02,-9.667363164181634261e+01
4.664416875000000005e+02,-1.008485078150077783e+02
4.664419804687499891e+02,-9.525532061477613865e+01
4.664422734375000346e+02,-1.022154286312121627e+02
4.664425664062500232e+02,-1.036464609790586024e+02
4.664428593750000118e+02,-1.041131845213757572e+02
4.664431523437500005e+02,-9.631158361581874772e+01
4.664434453124999891e+02,-9.022190268834913240e+01
4.664437382812500346e+02,-9.111340511292196709e+01
4.664440312500000232e+02,-9.263675131711156041e+01
4.664443242187500118e+02,-9.083729195669053524e+01
4.664446171875000005e+02,-9.494393870641305000e+01
4.664449101562499891e+02,-1.012147101751931046e+02
4.664452031250000346e+02,-9.958578990227330507e+01
4.664454960937500232e+02,-9.545001300455245996e+01
4.664457890625000118e+02,-9.244422387362803306e+01
4.664460820312500005e+02,-9.199868600672076013e+01
4.664463749999999891e+02,-9.196995328254375579e+01
4.664466679687500346e+02,-8.954841422070535373e+01
4.664469609375000232e+02,-9.038813135033690571e+01
4.664472539062500118e+02,-9.257489840223428246e+01
4.664475468750000005e+02,-9.237018452825132897e+01
4.664478398437499891e+02,-9.445003137845577612e+01
4.664481328125000346e+02,-9.856013845783074601e+01
4.664484257812500232e+02,-1.068059737748151719e+02
4.664487187500000118e+02,-9.537131714567946972e+01
4.664490117187500005e+02,-9.007203820684155460e+01
4.664493046874999891e+02,-8.912660142517536599e+01
4.664495976562500346e+02,-9.800521432180288173e+01
4.664498906250000232e+02,-9.080479073859095251e+01
4.664501835937500118e+02,-9.330136454419118763e+01
4.664504765625000005e+02,-9.994991120420202435e+01
4.664507695312499891e+02,-9.965679560769699208e+01
4.664510625000000346e+02,-1.032320119557590488e+02
4.664513554687500232e+02,-9.327013291520316329e+01
4.664516484375000118e+02,-9.110870892657692366e+01
4.664519414062500005e+02,-1.009688825336863260e+02
4.664522343749999891e+02,-9.326457142700763825e+01
4.664525273437500346e+02,-9.192193789807355131e+01
4.664528203125000232e+02,-9.850058379601270531e+01
4.664531132812500118e+02,-9.719127030712571980e+01
4.664534062500000005e+02,-1.044324690771746731e+02
4.664536992187499891e+02,-9.639490797187585258e+01
4.664539921875000346e+02,-9.425845553773996244e+01
4.664542851562500232e+02,-9.985857374685890875e+01
4.664545781250000118e+02,-9.505285986261745279e+01
4.664548710937500005e+02,-9.013057079609161804e+01
4.664551640624999891e+02,-9.260082528526082513e+01
4.664554570312500346e+02,-9.279136828468659814e+01
4.664557500000000232e+02,-1.014844779869389129e+02
4.664560429687500118e+02,-9.953238884073249437e+01
4.664563359375000005e+02,-1.099629863979732960e+02
4.664566289062499891e+02,-1.053472394042306348e+02
4.664569218750000346e+02,-1.008116858838798890e+02
4.664572148437500232e+02,-9.225419538129587238e+01
4.664575078125000118e+02,-9.076857769178714364e+01
4.664578007812500005e+02,-9.299879291756150224e+01
4.664580937499999891e+02,-9.660447674101702376e+01
4.664583867187500346e+02,-9.563996024819367392e+01
4.664586796875000232e+02,-1.032234530095725518e+02
4.664589726562500118e+02,-1.051153755434184092e+02
4.664592656250000005e+02,-1.134363249951878458e+02
4.664595585937499891e+02,-1.015526391818232099e+02
4.664598515625000346e+02,-9.527594547264430958e+01
4.664601445312500232e+02,-9.705305887932438225e+01
4.664604375000000118e+02,-9.486144494285362327e+01
4.664607304687500005e+02,-9.714092903907459231e+01
4.664610234374999891e+02,-1.029717529323836231e+02
4.664613164062500346e+02,-1.050052340119399048e+02
4.664616093750000232e+02,-1.049386587075686634e+02
4.664619023437500118e+02,-9.783028304042723278e+01
4.664621953125000005e+02,-9.294444753353675992e+01
4.664624882812499891e+02,-1.012900776892907828e+02
4.664627812500000346e+02,-9.242876149188788304e+01
4.664630742187500232e+02,-1.017033459798165609e+02
4.664633671875000118e+02,-9.955961685785291593e+01
4.664636601562500005e+02,-1.021080795423264220e+02
4.664639531249999891e+02,-1.005145974391173525e+02
4.664642460937500346e+02,-1.002720324191095074e+02
4.664645390625000232e+02,-9.247533205959544489e+01
4.664648320312500118e+02,-9.716611077720125422e+01
4.664651250000000005e+02,-9.212520337576870588e+01
4.664654179687499891e+02,-9.587266359590023512e+01
4.664657109375000346e+02,-9.286958231609254710e+01
4.664660039062500232e+02,-9.459996689622373367e+01
4.664662968750000118e+02,-1.088444082068558032e+02
4.664665898437500005e+02,-1.140655013675503255e+02
4.664668828124999891e+02,-9.383396187854640402e+01
4.664671757812500346e+02,-9.576014756925992799e+01
4.664674687500000232e+02,-8.935458507681988749e+01
4.664677617187500118e+02,-9.091430328031214003e+01
4.664680546875000005e+02,-9.202961167884906502e+01
4.664683476562499891e+02,-9.776578022780712729e+01
4.664686406250000346e+02,-9.813668620329065106e+01
4.664689335937500232e+02,-1.098090193693177383e+02
4.664692265625000118e+02,-9.415956266327405899e+01
4.664695195312500005e+02,-9.197361354496433705e+01
4.664698124999999891e+02,-9.259727362848549603e+01
4.664701054687500346e+02,-9.062840862157047184e+01
4.664703984375000232e+02,-9.261081188436949674e+01
4.664706914062500118e+02,-9.759377895417920001e+01
4.664709843750000005e+02,-9.115760569763169485e+01
4.664712773437499891e+02,-9.585713479214389565e+01
4.664715703125000346e+02,-9.219098363617408154e+01
4.664718632812500232e+02,-9.040981044405819489e+01
4.664721562500000118e+02,-9.934056567255152004e+01
4.664724492187500005e+02,-9.153899855505487437e+01
4.664727421874999891e+02,-9.398167522428323650e+01
4.664730351562500346e+02,-1.028615202841790790e+02
4.664733281250000232e+02,-9.196537667143032024e+01
4.664736210937500118e+02,-9.453797638429408323e+01
4.664739140625000005e+02,-9.224595880407412096e+01
4.664742070312499891e+02,-9.356162685984153882e+01
4.664745000000000346e+02,-1.052018712949798385e+02
4.664747929687500232e+02,-9.082158248734343431e+01
4.664750859375000118e+02,-9.704921587940933136e+01
4.664753789062500005e+02,-9.594262868939834732e+01
4.664756718749999891e+02,-9.148885973667943006e+01
4.664759648437500346e+02,-9.550111770681527901e+01
4.664762578125000232e+02,-9.343288733577938387e+01
4.664765507812500118e+02,-9.331402140514173027e+01
4.664768437500000005e+02,-9.500048059047085758e+01
4.664771367187499891e+02,-9.286880866713310922e+01
4.664774296875000346e+02,-9.550801286698478521e+01
4.664777226562500232e+02,-9.277432558070046298e+01
4.664780156250000118e+02,-9.401731382633275302e+01
4.664783085937500005e+02,-9.389233986341503169e+01
4.664786015624999891e+02,-9.212336753903505837e+01
4.664788945312500346e+02,-9.513966893225219223e+01
4.664791875000000232e+02,-9.494653271679958095e+01
4.664794804687500118e+02,-9.340847576982545775e+01
4.664797734375000005e+02,-9.508178384591624877e+01
4.664800664062499891e+02,-9.142108435337246419e+01
4.664803593750000346e+02,-9.526558841249489262e+01
4.664806523437500232e+02,-9.632708012279599075e+01
4.664809453125000118e+02,-9.276881660789145201e+01
4.664812382812500005e+02,-9.628702703793427986e+01
4.664815312499999891e+02,-9.158975816489173383e+01
4.664818242187500346e+02,-8.993127751961360161e+01
4.664821171875000232e+02,-9.344572414336917632e+01
4.664824101562500118e+02,-9.067739104288844487e+01
4.664827031250000005e+02,-9.487659064904448769e+01
4.664829960937499891e+02,-9.211671428081204738e+01
4.664832890625000346e+02,-8.986027401637844036e+01
4.664835820312500232e+02,-9.223080836769837276e+01
4.664838750000000118e+02,-9.312254031469532833e+01
4.664841679687500005e+02,-9.429151555324139622e+01
4.664844609374999891e+02,-9.537330930766918868e+01
4.664847539062500346e+02,-9.494855725851543582e+01
4.664850468750000232e+02,-9.229238319697394388e+01
4.664853398437500118e+02,-9.332116298281916045e+01
4.664856328125000005e+02,-9.322423557149549822e+01
4.664859257812499891e+02,-9.431707620348657883e+01
4.664862187500000346e+02,-9.413059188214168671e+01
4.664865117187500232e+02,-1.010001610553611897e+02
4.664868046875000118e+02,-9.836063935953086457e+01
4.664870976562500005e+02,-1.075004573738100362e+02
4.664873906249999891e+02,-9.165016126815119435e+01
4.664876835937500346e+02,-9.105448979798228493e+01
4.664879765625000232e+02,-9.517877123515049220e+01
4.664882695312500118e+02,-1.008651305641082274e+02
4.664885625000000005e+02,-9.520765252159831959e+01
4.664888554687499891e+02,-9.313151332812493877e+01
4.664891484375000346e+02,-9.219450827259665004e+01
4.664894414062500232e+02,-9.226504345926406359e+01
4.664897343750000118e+02,-9.276957023553092085e+01
4.664900273437500005e+02,-9.648804398837128815e+01
4.664903203124999891e+02,-1.049083397044739030e+02
4.664906132812500346e+02,-1.067981846987374865e+02
4.664909062500000232e+02,-9.586757972439302478e+01
4.664911992187500118e+02,-9.036327560645653989e+01
4.664914921875000005e+02,-8.896634731682665631e+01
4.664917851562499891e+02,-8.879117184367495952e+01
4.664920781250000346e+02,-9.243787675273338778e+01
4.664923710937500232e+02,-9.496452383122282015e+01
4.664926640625000118e+02,-1.126401099701474919e+02
4.664929570312500005e+02,-1.142193721181066337e+02
4.664932499999999891e+02,-9.634152485024245038e+01
4.664935429687500346e+02,-8.804483440364022329e+01
4.664938359375000232e+02,-8.829386218308037826e+01
4.664941289062500118e+02,-8.869357786803479371e+01
4.664944218750000005e+02,-9.315069219044779913e+01
4.664947148437499891e+02,-9.542553553538456867e+01
4.664950078125000346e+02,-9.135277950805661362e+01
4.664953007812500232e+02,-1.002241741117370708e+02
4.664955937500000118e+02,-9.531755307332629457e+01
4.664958867187500005e+02,-9.051778654422440695e+01
4.664961796874999891e+02,-9.520040109893670888e+01
4.664964726562500346e+02,-9.125026489531384755e+01
4.664967656250000232e+02,-9.246220886195202127e+01
4.664970585937500118e+02,-9.880263135171466615e+01
4.664973515625000005e+02,-8.961294180671913523e+01
4.664976445312499891e+02,-9.359436544989907247e+01
4.664979375000000346e+02,-9.892307471545049680e+01
4.664982304687500232e+02,-9.258469565745778596e+01
4.664985234375000118e+02,-9.216620878550911300e+01
4.664988164062500005e+02,-1.114322363743217466e+02
4.664991093749999891e+02,-1.034665494749964409e+02
4.664994023437500346e+02,-9.781914978337451316e+01
4.664996953125000232e+02,-9.685058349402510203e+01
4.664999882812500118e+02,-1.014464877904485576e+02
4.665002812500000005e+02,-1.112621381538329786e+02
4.665005742187499891e+02,-9.587502131812526329e+01
4.665008671875000346e+02,-9.093617281334671532e+01
4.665011601562500232e+02,-9.204397295106936383e+01
4.665014531250000118e+02,-1.022639352843693814e+02
4.665017460937500005e+02,-1.022592721214117972e+02
4.665020390624999891e+02,-1.070954931101525034e+02
4.665023320312500346e+02,-1.018659197957713900e+02
4.665026250000000232e+02,-1.004550401843947895e+02
4.665029179687500118e+02,-1.073290700341408694e+02
4.665032109375000005e+02,-1.008904337485242024e+02
4.665035039062499891e+02,-9.072641232603061212e+01
4.665037968750000346e+02,-9.320474436170042054e+01
4.665040898437500232e+02,-9.809928697777586137e+01
4.665043828125000118e+02,-9.590314750656335718e+01
4.665046757812500005e+02,-1.021731543952496537e+02
4.665049687499999891e+02,-1.007884127854897542e+02
4.665052617187500346e+02,-1.011047254576648413e+02
4.665055546875000232e+02,-1.001282551435326127e+02
4.665058476562500118e+02,-9.424303714964219125e+01
4.665061406250000005e+02,-9.747208264923558829e+01
4.665064335937499891e+02,-9.727850978604405441e+01
4.665067265625000346e+02,-9.349622096699455653e+01
4.665070195312500232e+02,-1.019257478158479842e+02
4.665073125000000118e+02,-1.050712518214457845e+02
4.665076054687500005e+02,-9.421604983908744657e+01
4.665078984374999891e+02,-9.615280873457953703e+01
4.665081914062500346e+02,-9.579761153410017016e+01
4.665084843750000232e+02,-9.673327488767036186e+01
4.665087773437500118e+02,-9.235354127528609069e+01
4.665090703125000005e+02,-8.991704723626656914e+01
4.665093632812499891e+02,-9.324370053581381512e+01
4.665096562500000346e+02,-9.397251693871589850e+01
4.665099492187500232e+02,-9.003951288218706850e+01
4.665102421875000118e+02,-9.014718997260116851e+01
4.665105351562500005e+02,-9.062333883337053919e+01
4.665108281249999891e+02,-9.364809362465425124e+01
4.665111210937500346e+02,-9.115437885321492217e+01
4.665114140625000232e+02,-9.047278462258060472e+01
4.665117070312500118e+02,-1.014103459076744116e+02
4.665120000000000005e+02,-9.492033134780585613e+01
4.665122929687499891e+02,-9.412329567368855976e+01
4.665125859375000346e+02,-9.444384949624785008e+01
4.665128789062500232e+02,-9.608349420676202612e+01
4.665131718750000118e+02,-9.538453483288371615e+01
4.665134648437500005e+02,-9.286759290795666288e+01
4.665137578124999891e+02,-9.121073955289908497e+01
4.665140507812500346e+02,-9.944390130801301098e+01
4.665143437500000232e+02,-9.293310869247669359e+01
4.665146367187500118e+02,-9.426269304432631202e+01
4.665149296875000005e+02,-9.187306394894166317e+01
4.665152226562499891e+02,-9.423923235617495209e+01
4.665155156250000346e+02,-1.033713782798849934e+02
4.665158085937500232e+02,-9.686437673996837816e+01
4.665161015625000118e+02,-9.510846256544499511e+01
4.665163945312500005e+02,-9.962825368004200755e+01
4.665166874999999891e+02,-9.614426866396311766e+01
4.665169804687500346e+02,-9.373045416809995345e+01
4.665172734375000232e+02,-9.278509923369804824e+01
4.665175664062500118e+02,-9.961378230714532833e+01
4.665178593750000005e+02,-9.390461407012648465e+01
4.665181523437499891e+02,-9.279344661131671046e+01
4.665184453125000346e+02,-1.162819444948479202e+02
4.665187382812500232e+02,-9.534977253928765606e+01
4.665190312500000118e+02,-9.421859278522634895e+01
4.665193242187500005e+02,-9.294056115099363069e+01
4.665196171874999891e+02,-9.264765076003031652e+01
4.665199101562500346e+02,-9.853509178822844206e+01
4.665202031250000232e+02,-8.877379372033533400e+01
4.665204960937500118e+02,-8.741220753714053160e+01
4.665207890625000005e+02,-9.791817729458875874e+01
4.665210820312499891e+02,-9.318650087377321256e+01
4.665213750000000346e+02,-8.932591157933651971e+01
4.665216679687500232e+02,-8.966743117279634134e+01
4.665219609375000118e+02,-9.352016431144460284e+01
4.665222539062500005e+02,-9.662450284041177895e+01
4.665225468749999891e+02,-9.114272708964267622e+01
4.665228398437500346e+02,-8.679845000025993329e+01
4.665231328125000232e+02,-8.942729421938685164e+01
4.665234257812500118e+02,-9.311135394051079572e+01
4.665237187500000005e+02,-9.170030361456775836e+01
4.665240117187499891e+02,-8.864922799205722015e+01
4.665243046875000346e+02,-9.092181662641849016e+01
4.665245976562500232e+02,-9.741663967452446116e+01
4.665248906250000118e+02,-9.653520323797809510e+01
4.665251835937500005e+02,-8.925576166194106520e+01
4.665254765624999891e+02,-9.208361693788872060e+01
4.665257695312500346e+02,-9.436665157642210033e+01
4.665260625000000232e+02,-1.025687378872219426e+02
4.665263554687500118e+02,-9.054747573219142964e+01
4.665266484375000005e+02,-8.944382851104163024e+01
4.665269414062499891e+02,-1.001138941251416554e+02
4.665272343750000346e+02,-1.040574195350526452e+02
4.665275273437500232e+02,-9.542139590263715831e+01
4.665278203125000118e+02,-9.379672462477857664e+01
4.665281132812500005e+02,-9.465371630032053929e+01
4.665284062499999891e+02,-9.799987065899905758e+01
4.665286992187500346e+02,-9.717085256191795395e+01
4.665289921875000232e+02,-9.038801275047691774e+01
4.665292851562500118e+02,-9.596532056277338540e+01
4.665295781250000005e+02,-9.662860873596895317e+01
4.665298710937499891e+02,-1.038289846933160590e+02
4.665301640625000346e+02,-9.605071927761848372e+01
4.665304570312500232e+02,-1.004342301266512152e+02
4.665307500000000118e+02,-9.511693198959413564e+01
4.665310429687500005e+02,-9.062582822610453093e+01
4.665313359374999891e+02,-9.401663171537489916e+01
4.665316289062500346e+02,-9.555335493478870035e+01
4.665319218750000232e+02,-8.895312535903548223e+01
4.665322148437500118e+02,-9.021661428041880981e+01
4.665325078125000005e+02,-8.968170286705617400e+01
4.665328007812499891e+02,-9.438038537758841073e+01
4.665330937500000346e+02,-1.000860260846174015e+02
4.665333867187500232e+02,-9.078039114218412919e+01
4.665336796875000118e+02,-9.452885226136915264e+01
4.665339726562500005e+02,-9.608441712014190728e+01
4.665342656249999891e+02,-8.989433906020951781e+01
4.665345585937500346e+02,-9.301128081724419872e+01
4.665348515625000232e+02,-9.223239948142469302e+01
4.665351445312500118e+02,-9.347109729597868011e+01
4.665354375000000005e+02,-9.739553155879134749e+01
4.665357304687499891e+02,-9.147579317198506033e+01
4.665360234375000346e+02,-9.337462450429245564e+01
4.665363164062500232e+02,-1.049991853229922185e+02
4.665366093750000118e+02,-8.989270391901808921e+01
4.665369023437500005e+02,-9.388554026196476343e+01
4.665371953124999891e+02,-9.242741972210592394e+01
4.665374882812500346e+02,-9.556264219651218639e+01
4.665377812500000232e+02,-9.881717721655063258e+01
4.665380742187500118e+02,-1.047862658895186314e+02
4.665383671875000005e+02,-1.006045088060569128e+02
4.665386601562499891e+02,-9.936160649269319833e+01
4.665389531250000346e+02,-9.197066803083265540e+01
4.665392460937500232e+02,-1.022510832278845925e+02
4.665395390625000118e+02,-9.839936892979146421e+01
4.665398320312500005e+02,-1.037696149957453997e+02
4.665401249999999891e+02,-1.015929172919972530e+02
4.665404179687500346e+02,-9.395062770252386031e+01
4.665407109375000232e+02,-9.304033715935310056e+01
4.665410039062500118e+02,-9.702367202416201053e+01
4.665412968750000005e+02,-9.871746684406132033e+01
4.665415898437499891e+02,-9.199549690280690584e+01
4.665418828125000346e+02,-8.958365703660552981e+01
4.665421757812500232e+02,-9.060980844718385185e+01
4.665424687500000118e+02,-9.411906048497696986e+01
4.665427617187500005e+02,-9.215237477578989456e+01
4.665430546874999891e+02,-8.964107194895700559e+01
4.665433476562500346e+02,-9.248318698450701447e+01
4.665436406250000232e+02,-1.051079427110203142e+02
4.665439335937500118e+02,-9.219392956872300715e+01
4.665442265625000005e+02,-8.967412692979289091e+01
4.665445195312499891e+02,-9.146797701160809879e+01
4.665448125000000346e+02,-9.265041603383426150e+01
4.665451054687500232e+02,-9.606199399778417103e+01
4.665453984375000118e+02,-9.241395080325096956e+01
4.665456914062500005e+02,-8.966567832178802178e+01
4.665459843749999891e+02,-9.425828812266232148e+01
4.665462773437500346e+02,-9.693495177279460506e+01
4.665465703125000232e+02,-9.130238329246682838e+01
4.665468632812500118e+02,-9.056579974192869997e+01
4.665471562500000005e+02,-9.119414937896840456e+01
4.665474492187499891e+02,-9.577590052303931145e+01
4.665477421875000346e+02,-1.017129604755715775e+02
4.665480351562500232e+02,-9.331848522107105737e+01
4.665483281250000118e+02,-9.168884354303442308e+01
4.665486210937500005e+02,-9.335320936146158033e+01
4.665489140624999891e+02,-9.679436165700940364e+01
4.665492070312500346e+02,-9.569135291393351395e+01
4.665495000000000232e+02,-9.303871351045806648e+01
4.665497929687500118e+02,-9.932728447722452358e+01
4.665500859375000005e+02,-1.021601980761432316e+02
4.665503789062499891e+02,-9.360420753765424706e+01
4.665506718750000346e+02,-9.373958877915016785e+01
4.665509648437500232e+02,-9.136759789566374934e+01
4.665512578125000118e+02,-9.695936052812164974e+01
4.665515507812500005e+02,-9.859762145845081704e+01
4.665518437499999891e+02,-9.253908721732342713e+01
4.665521367187500346e+02,-9.421766445705381443e+01
4.665524296875000232e+02,-9.528601538774654500e+01
4.665527226562500118e+02,-9.239731978217457709e+01
4.665530156250000005e+02,-9.808458085360400958e+01
4.665533085937499891e+02,-9.847790803959298955e+01
4.665536015625000346e+02,-9.755481022982340278e+01
4.665538945312500232e+02,-1.117973048946146406e+02
4.665541875000000118e+02,-9.908615434542696221e+01
4.665544804687500005e+02,-9.369265200461421728e+01
4.665547734374999891e+02,-9.917908312282413874e+01
4.665550664062500346e+02,-9.471762347223960887e+01
4.665553593750000232e+02,-9.762958110072821682e+01
4.665556523437500118e+02,-1.018266065521695651e+02
4.665559453125000005e+02,-1.072223304368174865e+02
4.665562382812499891e+02,-9.957915009365740389e+01
4.665565312500000346e+02,-9.365290499778525657e+01
4.665568242187500232e+02,-9.221155750750153857e+01
4.665571171875000118e+02,-9.670432288284607125e+01
4.665574101562500005e+02,-9.448168444617094508e+01
4.665577031249999891e+02,-9.550655659163922451e+01
4.665579960937500346e+02,-1.013359329667361521e+02
4.665582890625000232e+02,-9.935876728500090849e+01
4.665585820312500118e+02,-1.031332899409451613e+02
4.665588750000000005e+02,-9.669535773001246071e+01
4.665591679687499891e+02,-9.748774607099750256e+01
4.665594609375000346e+02,-9.918431530090400372e+01
4.665597539062500232e+02,-9.574718216494660794e+01
4.665600468750000118e+02,-9.044677677267554827e+01
4.665603398437500005e+02,-9.394904659969023442e+01
4.665606328124999891e+02,-9.308250643785569878e+01
4.665609257812500346e+02,-9.339066375742815751e+01
4.665612187500000232e+02,-9.446443737452869982e+01
4.665615117187500118e+02,-9.989854407128927960e+01
4.665618046875000005e+02,-9.835653072134670083e+01
4.665620976562499891e+02,-1.069963525727489753e+02
4.665623906250000346e+02,-9.236630095895691284e+01
4.665626835937500232e+02,-9.423151822510541820e+01
4.665629765625000118e+02,-9.563163964700586916e+01
4.665632695312500005e+02,-1.038978781439436432e+02
4.665635624999999891e+02,-9.679779597559110016e+01
4.665638554687500346e+02,-9.963315416844464778e+01
4.665641484375000232e+02,-1.004923215800681504e+02
4.665644414062500118e+02,-1.028513464383524649e+02
4.665647343750000005e+02,-9.319247794536366314e+01
4.665650273437499891e+02,-9.482472168560730097e+01
4.665653203125000346e+02,-9.183712084842481715e+01
4.665656132812500232e+02,-1.025866517487603460e+02
4.665659062500000118e+02,-9.321092932034689227e+01
4.665661992187500005e+02,-9.218072929818362127e+01
4.665664921874999891e+02,-9.064756585217885743e+01
4.665667851562500346e+02,-9.714358834147164146e+01
4.665670781250000232e+02,-1.160976634122971660e+02
4.665673710937500118e+02,-1.030940287372983022e+02
4.665676640625000005e+02,-9.822636770917114291e+01
4.665679570312499891e+02,-9.363077336170550780e+01
4.665682500000000346e+02,-8.751651068492000718e+01
4.665685429687500232e+02,-9.319858657845801986e+01
4.665688359375000118e+02,-9.290482883851758800e+01
4.665691289062500005e+02,-9.865157446745041625e+01
4.665694218749999891e+02,-1.007026845765949474e+02
4.665697148437500346e+02,-9.469281693398545485e+01
4.665700078125000232e+02,-9.489894974928242277e+01
4.665703007812500118e+02,-9.416199347547203047e+01
4.665705937500000005e+02,-8.434856115633056106e+01
4.665708867187499891e+02,-8.653645096807566972e+01
4.665711796875000346e+02,-9.008924373085062598e+01
4.665714726562500232e+02,-9.010726134084509908e+01
4.665717656250000118e+02,-9.250784088369569247e+01
4.665720585937500005e+02,-8.797791918049480842e+01
4.665723515624999891e+02,-8.941481521668484334e+01
4.665726445312500346e+02,-9.891345216782931971e+01
4.665729375000000232e+02,-8.583374604927843166e+01
4.665732304687500118e+02,-8.710660602465212321e+01
4.665735234375000005e+02,-9.557753379489400913e+01
4.665738164062499891e+02,-9.953719247018055682e+01
4.665741093750000346e+02,-9.145905944322151981e+01
4.665744023437500232e+02,-8.847901036338575409e+01
4.665746953125000118e+02,-9.141249431953825422e+01
4.665749882812500005e+02,-1.000120931130101383e+02
4.665752812499999891e+02,-8.772720288135097633e+01
4.665755742187500346e+02,-8.762136513343170918e+01
4.665758671875000232e+02,-9.525337593255432012e+01
4.665761601562500118e+02,-1.093510675387598496e+02
4.665764531250000005e+02,-1.000975980436344912e+02
4.665767460937499891e+02,-9.176062970729098822e+01
4.665770390625000346e+02,-8.940991034199583964e+01
4.665773320312500232e+02,-9.936470788895945816e+01
4.665776250000000118e+02,-9.176246380924544610e+01
4.665779179687500005e+02,-9.128100301787931414e+01
4.665782109374999891e+02,-9.569706320588296933e+01
4.665785039062500346e+02,-9.648407669082715188e+01
4.665787968750000232e+02,-1.037644206803989846e+02
4.665790898437500118e+02,-9.093591617350055856e+01
4.665793828125000005e+02,-8.946282884076815378e+01
4.665796757812499891e+02,-9.296856122473667483e+01
4.665799687500000346e+02,-9.388712431382029422e+01
4.665802617187500232e+02,-8.951858326018147238e+01
4.665805546875000118e+02,-1.061733101804885280e+02
4.665808476562500005e+02,-9.305098011359417853e+01
4.665811406249999891e+02,-9.950938089442405499e+01
4.665814335937500346e+02,-9.936357920493337303e+01
4.665817265625000232e+02,-9.840669115846202430e+01
4.665820195312500118e+02,-9.647247828361474831e+01
4.665823125000000005e+02,-9.932672916892742876e+01
4.665826054687499891e+02,-8.995272569426728637e+01
4.665828984375000346e+02,-1.019172504501802905e+02
4.665831914062500232e+02,-9.357287439448009536e+01
4.665834843750000118e+02,-9.684024119383914808e+01
4.665837773437500005e+02,-9.700988500836777462e+01
4.665840703124999891e+02,-9.511358614092550567e+01
4.665843632812500346e+02,-9.884223216638831389e+01
4.665846562500000232e+02,-9.215712456530170016e+01
4.665849492187500118e+02,-1.017958642173865087e+02
4.665852421875000005e+02,-1.083446775280741008e+02
4.665855351562499891e+02,-9.609278096862011864e+01
4.665858281250000346e+02,-1.019340787417462622e+02
4.665861210937500232e+02,-1.010822222735101263e+02
4.665864140625000118e+02,-9.410678939979507618e+01
4.665867070312500005e+02,-9.548698490446417964e+01
4.665869999999999891e+02,-9.008833444575870431e+01
4.665872929687500346e+02,-8.965222862810001914e+01
4.665875859375000232e+02,-9.837967635759594032e+01
4.665878789062500118e+02,-9.917142066385657984e+01
4.665881718750000005e+02,-9.760042058763082196e+01
4.665884648437499891e+02,-9.422624908636130669e+01
4.665887578125000346e+02,-9.229444124831566398e+01
4.665890507812500232e+02,-9.484199549957382658e+01
4.665893437500000118e+02,-9.014180277322773804e+01
4.665896367187500005e+02,-8.784423325624271683e+01
4.665899296874999891e+02,-8.839375491413764507e+01
4.665902226562500346e+02,-9.355924164646962993e+01
4.665905156250000232e+02,-9.045538841429269894e+01
4.665908085937500118e+02,-8.945757804405266711e+01
4.665911015625000005e+02,-9.372288948429743982e+01
4.665913945312499891e+02,-1.000206018887201935e+02
4.665916875000000346e+02,-8.691703588882118936e+01
4.665919804687500232e+02,-8.596161339424860159e+01
4.665922734375000118e+02,-8.734040670328118949e+01
4.665925664062500005e+02,-9.294490121680283323e+01
4.665928593749999891e+02,-9.189696434585516727e+01
4.665931523437500346e+02,-8.642969608241968160e+01
4.665934453125000232e+02,-8.903489459153809094e+01
4.665937382812500118e+02,-1.029395113815576082e+02
4.665940312500000005e+02,-9.224322573966105665e+01
4.665943242187499891e+02,-8.708834006726445409e+01
4.665946171875000346e+02,-8.830101158021585661e+01
4.665949101562500232e+02,-9.436517408920495598e+01
4.665952031250000118e+02,-9.436245621159086738e+01
4.665954960937500005e+02,-8.767038291954466445e+01
4.665957890624999891e+02,-8.813991973994791351e+01
4.665960820312500346e+02,-1.029979354109812419e+02
4.665963750000000232e+02,-1.032076112476124479e+02
4.665966679687500118e+02,-9.447701615647670792e+01
4.665969609375000005e+02,-9.486577889810408237e+01
4.665972539062499891e+02,-1.030160699063873153e+02
4.665975468750000346e+02,-1.004640186707521110e+02
4.665978398437500232e+02,-8.998098877632473602e+01
4.665981328125000118e+02,-8.851704828354581878e+01
4.665984257812500005e+02,-9.800730216878679357e+01
4.665987187499999891e+02,-9.701855219291201138e+01
4.665990117187500346e+02,-9.512202145902195127e+01
4.665993046875000232e+02,-9.864398417894206261e+01
4.665995976562500118e+02,-1.009181722865604058e+02
4.665998906250000005e+02,-1.005706844794171673e+02
4.666001835937499891e+02,-9.020378282544369597e+01
4.666004765625000346e+02,-8.796564624721048631e+01
4.666007695312500232e+02,-9.422837000729336410e+01
4.666010625000000118e+02,-1.017738996625975432e+02
4.666013554687500005e+02,-9.054777301343698070e+01
4.666016484374999891e+02,-9.394216678625930683e+01
4.666019414062500346e+02,-9.626855560646674803e+01
4.666022343750000232e+02,-9.485435421235058584e+01
4.666025273437500118e+02,-8.992886918298327714e+01
4.666028203125000005e+02,-9.087196049657379149e+01
4.666031132812499891e+02,-9.344948992828912537e+01
4.666034062500000346e+02,-1.009610139640261082e+02
4.666036992187500232e+02,-9.307700280710690777e+01
4.666039921875000118e+02,-9.104110610673507153e+01
4.666042851562500005e+02,-9.726514015767229182e+01
4.666045781249999891e+02,-9.506969422664360536e+01
4.666048710937500346e+02,-8.654202397280479886e+01
4.666051640625000232e+02,-8.726496504851812119e+01
4.666054570312500118e+02,-9.159492827607350307e+01
4.666057500000000005e+02,-1.048458066056892335e+02
4.666060429687499891e+02,-9.348948600761958971e+01
4.666063359375000346e+02,-8.947977165592095616e+01
4.666066289062500232e+02,-9.342959237750403645e+01
4.666069218750000118e+02,-9.713168819106903129e+01
4.666072148437500005e+02,-9.075295196284093890e+01
4.666075078124999891e+02,-9.289835112486279911e+01
4.666078007812500346e+02,-9.272881875943484431e+01
4.666080937500000232e+02,-1.067543252511254934e+02
4.666083867187500118e+02,-1.005218830468693341e+02
4.666086796875000005e+02,-9.469839587335088993e+01
4.666089726562499891e+02,-9.334155637350180257e+01
4.666092656250000346e+02,-9.093898983534124625e+01
4.666095585937500232e+02,-9.579382391397442120e+01
4.666098515625000118e+02,-1.006498003437227737e+02
4.666101445312500005e+02,-8.864683870091617734e+01
4.666104374999999891e+02,-9.211891551609289763e+01
4.666107304687500346e+02,-9.235593877419800890e+01
4.666110234375000232e+02,-1.059175846326021428e+02
4.666113164062500118e+02,-8.964361722630221152e+01
4.666116093750000005e+02,-8.780135745547002557e+01
4.666119023437499891e+02,-8.911603381975319849e+01
4.666121953125000346e+02,-9.439512247081466967e+01
4.666124882812500232e+02,-8.889287487194721393e+01
4.666127812500000118e+02,-9.323072744231927800e+01
4.666130742187500005e+02,-9.803019669207307629e+01
4.666133671874999891e+02,-9.702200397286672739e+01
4.666136601562500346e+02,-9.012754308748723986e+01
4.666139531250000232e+02,-8.421566556779582413e+01
4.666142460937500118e+02,-8.482876754722443025e+01
4.666145390625000005e+02,-8.835164001436325520e+01
4.666148320312499891e+02,-8.841854207904606255e+01
4.666151250000000346e+02,-8.982873139151904240e+01
4.666154179687500232e+02,-9.935467397670333867e+01
4.666157109375000118e+02,-9.618863902879098760e+01
4.666160039062500005e+02,-9.422332640236260204e+01
4.666162968749999891e+02,-8.512924709706965132e+01
4.666165898437500346e+02,-8.531995729509921489e+01
4.666168828125000232e+02,-8.848621939428485916e+01
4.666171757812500118e+02,-9.699640900046902914e+01
4.666174687500000005e+02,-1.044809110613999223e+02
4.666177617187499891e+02,-1.044964822829228410e+02
4.666180546875000346e+02,-9.467219747522736384e+01
4.666183476562500232e+02,-1.016709632485291905e+02
4.666186406250000118e+02,-8.815987918247719790e+01
4.666189335937500005e+02,-8.608083416740099381e+01
4.666192265624999891e+02,-9.287020214911618154e+01
4.666195195312500346e+02,-9.645615713159634197e+01
4.666198125000000232e+02,-9.430681621648457735e+01
4.666201054687500118e+02,-1.070205488761512811e+02
4.666203984375000005e+02,-9.233933018526929004e+01
4.666206914062499891e+02,-9.525675058169156273e+01
4.666209843750000346e+02,-1.057878181758292726e+02
4.666212773437500232e+02,-9.384410846964999564e+01
4.666215703125000118e+02,-1.078538880385421237e+02
4.666218632812500005e+02,-9.243426855392470998e+01
4.666221562499999891e+02,-8.680083170296340711e+01
4.666224492187500346e+02,-9.071479848166271154e+01
4.666227421875000232e+02,-1.065660569386400596e+02
4.666230351562500118e+02,-1.065981186209836267e+02
4.666233281250000005e+02,-9.508775321095377819e+01
4.666236210937499891e+02,-1.004687626645891640e+02
4.666239140625000346e+02,-1.012184881319663816e+02
4.666242070312500232e+02,-9.448211139066322062e+01
4.666245000000000118e+02,-8.629922042560856710e+01
4.666247929687500005e+02,-8.731652189988069779e+01
4.666250859374999891e+02,-1.037845457780161098e+02
4.666253789062500346e+02,-1.124687749153953575e+02
4.666256718750000232e+02,-9.422351363693735493e+01
4.666259648437500118e+02,-9.327703417442407385e+01
4.666262578125000005e+02,-1.001825688925512594e+02
4.666265507812499891e+02,-9.725654076122486913e+01
4.666268437500000346e+02,-9.079982937789706909e+01
4.666271367187500232e+02,-8.859970118502022274e+01
4.666274296875000118e+02,-9.211945462674637497e+01
4.666277226562500005e+02,-9.412848613516685248e+01
4.666280156249999891e+02,-9.684384054178761403e+01
4.666283085937500346e+02,-1.043998511797246778e+02
4.666286015625000232e+02,-9.685610819325717102e+01
4.666288945312500118e+02,-9.182651223546848485e+01
4.666291875000000005e+02,-9.164052250572083835e+01
4.666294804687499891e+02,-9.521111081269603460e+01
4.666297734375000346e+02,-9.843323173330867348e+01
4.666300664062500232e+02,-9.690294526323467039e+01
4.666303593750000118e+02,-9.249838184429773946e+01
4.666306523437500005e+02,-9.280048002880280933e+01
4.666309453124999891e+02,-9.509387021566251974e+01
4.666312382812500346e+02,-9.111348758651186586e+01
4.666315312500000232e+02,-9.134536136215871238e+01
4.666318242187500118e+02,-9.244335633471393976e+01
4.666321171875000005e+02,-1.072262998362225233e+02
4.666324101562499891e+02,-9.872480088541334453e+01
4.666327031250000346e+02,-9.545234122266442967e+01
4.666329960937500232e+02,-9.288374401077874154e+01
4.666332890625000118e+02,-9.429951927999476879e+01
4.666335820312500005e+02,-8.913215760985761449e+01
4.666338749999999891e+02,-8.757858669902577731e+01
4.666341679687500346e+02,-8.785335831513577887e+01
4.666344609375000232e+02,-8.966399788317131936e+01
4.666347539062500118e+02,-9.620128503284048804e+01
4.666350468750000005e+02,-9.865763768564733027e+01
4.666353398437499891e+02,-8.898704754443261322e+01
4.666356328125000346e+02,-8.880179267042049673e+01
4.666359257812500232e+02,-9.167139258884367337e+01
4.666362187500000118e+02,-8.778971123798967824e+01
4.666365117187500005e+02,-8.646017812809057546e+01
4.666368046874999891e+02,-8.714483137105581534e+01
4.666370976562500346e+02,-9.400845371348259505e+01
4.666373906250000232e+02,-9.469326083252811088e+01
4.666376835937500118e+02,-8.945681880452566759e+01
4.666379765625000005e+02,-8.630066237480421876e+01
4.666382695312499891e+02,-8.841888281659703352e+01
4.666385625000000346e+02,-8.663765630281025665e+01
4.666388554687500232e+02,-8.705323789910823962e+01
4.666391484375000118e+02,-8.871093384796323278e+01
4.666394414062500005e+02,-9.017514217282675304e+01
4.666397343749999891e+02,-9.003587856485140151e+01
4.666400273437500346e+02,-8.823648349129081225e+01
4.666403203125000232e+02,-8.950518486450133082e+01
4.666406132812500118e+02,-9.099539356538757318e+01
4.666409062500000005e+02,-9.265955416811374334e+01
4.666411992187499891e+02,-9.072685925702964482e+01
4.666414921875000346e+02,-9.022875032736088485e+01
4.666417851562500232e+02,-9.214920760179452941e+01
4.666420781250000118e+02,-9.343933135360443032e+01
4.666423710937500005e+02,-8.788022575867167063e+01
4.666426640624999891e+02,-8.957882245698721135e+01
4.666429570312500346e+02,-9.487496579364048443e+01
4.666432500000000232e+02,-9.655792455892560611e+01
4.666435429687500118e+02,-9.383629114332867971e+01
4.666438359375000005e+02,-9.223369506964928632e+01
4.666441289062499891e+02,-9.099119582535652739e+01
4.666444218750000346e+02,-9.703099806763903246e+01
4.666447148437500232e+02,-8.850784042959921294e+01
4.666450078125000118e+02,-9.136125943363944657e+01
4.666453007812500005e+02,-1.017880617144615769e+02
4.666455937499999891e+02,-9.352236013583613783e+01
4.666458867187500346e+02,-8.982695549369094579e+01
4.666461796875000232e+02,-9.377019532017544634e+01
4.666464726562500118e+02,-9.559181013530883320e+01
4.666467656250000005e+02,-9.743223266068434896e+01
4.666470585937499891e+02,-9.196713963348047116e+01
4.666473515625000346e+02,-9.426689213667798128e+01
4.666476445312500232e+02,-1.026639474893033821e+02
4.666479375000000118e+02,-9.172463798239425614e+01
4.666482304687500005e+02,-8.825495056163489949e+01
4.666485234374999891e+02,-9.303744496814715603e+01
4.666488164062500346e+02,-9.935277046401725443e+01
4.666491093750000232e+02,-9.102677807874835025e+01
4.666494023437500118e+02,-9.238140659526925447e+01
4.666496953125000005e+02,-1.006748642958564233e+02
4.666499882812499891e+02,-1.037841425762429850e+02
4.666502812500000346e+02,-9.307637358417237294e+01
4.666505742187500232e+02,-8.733884597898446600e+01
4.666508671875000118e+02,-9.072287849037564911e+01
4.666511601562500005e+02,-9.279809913872583138e+01
4.666514531249999891e+02,-8.841596005130199387e+01
4.666517460937500346e+02,-9.109000718166990396e+01
4.666520390625000232e+02,-1.214233390484041166e+02
4.666523320312500118e+02,-1.016284390723907194e+02
4.666526250000000005e+02,-9.928166228901822876e+01
4.666529179687499891e+02,-8.787635041191913388e+01
4.666532109375000346e+02,-8.675177463523495192e+01
4.666535039062500232e+02,-9.133173597931609322e+01
4.666537968750000118e+02,-8.729283229041220693e+01
4.666540898437500005e+02,-9.379131054777221266e+01
4.666543828124999891e+02,-1.020349149096595340e+02
4.666546757812500346e+02,-9.777127035559743717e+01
4.666549687500000232e+02,-9.454866582477487214e+01
4.666552617187500118e+02,-9.844841811825531863e+01
4.666555546875000005e+02,-9.303130617577721750e+01
4.666558476562499891e+02,-9.760352021574901471e+01
4.666561406250000346e+02,-9.078480670143163422e+01
4.666564335937500232e+02,-1.063881184403327325e+02
4.666567265625000118e+02,-9.923749872353872092e+01
4.666570195312500005e+02,-1.081589127842700293e+02
4.666573124999999891e+02,-9.401161435341768424e+01
4.666576054687500346e+02,-9.490747665262898636e+01
4.666578984375000232e+02,-1.009262837001382849e+02
4.666581914062500118e+02,-9.291932406736570726e+01
4.666584843750000005e+02,-9.526395251767829109e+01
4.666587773437499891e+02,-9.839279319055627582e+01
4.666590703125000346e+02,-9.905551412440894410e+01
4.666593632812500232e+02,-9.613563670883530676e+01
4.666596562500000118e+02,-9.038377452181798333e+01
4.666599492187500005e+02,-8.920994347408772285e+01
4.666602421874999891e+02,-9.433206683010084248e+01
4.666605351562500346e+02,-9.391119310599309244e+01
4.666608281250000232e+02,-9.173268051628575392e+01
4.666611210937500118e+02,-9.822404958556838039e+01
4.666614140625000005e+02,-9.210107532257461571e+01
4.666617070312499891e+02,-9.260179594714259110e+01
4.666620000000000346e+02,-9.566930893184705553e+01
4.666622929687500232e+02,-9.424265415783749233e+01
4.666625859375000118e+02,-9.345118989651039954e+01
4.666628789062500005e+02,-9.056668066271113560e+01
4.666631718749999891e+02,-8.824937741143992298e+01
4.666634648437500346e+02,-9.105178948578750919e+01
4.666637578125000232e+02,-9.149339088463933933e+01
4.666640507812500118e+02,-9.331813433535921831e+01
4.666643437500000005e+02,-9.399586241160224631e+01
4.666646367187499891e+02,-1.022892833479245667e+02
4.666649296875000346e+02,-9.727187520909048146e+01
4.666652226562500232e+02,-9.249616521325675933e+01
4.666655156250000118e+02,-8.871053213072781318e+01
4.666658085937500005e+02,-9.013289271137682590e+01
4.666661015624999891e+02,-8.673451316060993577e+01
4.666663945312500346e+02,-9.150747386470865763e+01
4.666666875000000232e+02,-9.652627704118128804e+01
4.666669804687500118e+02,-1.112048878133642233e+02
4.666672734375000005e+02,-9.699496275934897938e+01
4.666675664062499891e+02,-1.043907670574818383e+02
4.666678593750000346e+02,-9.302731172307800023e+01
4.666681523437500232e+02,-9.234931952040290071e+01
4.666684453125000118e+02,-9.108556377065376353e+01
4.666687382812500005e+02,-8.900156725316264783e+01
4.666690312499999891e+02,-9.352069303840482917e+01
4.666693242187500346e+02,-1.004480689358848480e+02
4.666696171875000232e+02,-9.741027836462905043e+01
4.666699101562500118e+02,-9.601399895922386918e+01
4.666702031250000005e+02,-9.047669711044063945e+01
4.666704960937499891e+02,-9.374396348090115794e+01
4.666707890625000346e+02,-1.177039492431244696e+02
4.666710820312500232e+02,-9.375501994591475352e+01
4.666713750000000118e+02,-9.298701764186425578e+01
4.666716679687500005e+02,-9.336824374941477345e+01
4.666719609374999891e+02,-9.152842743722723640e+01
4.666722539062500346e+02,-9.312770754580155597e+01
4.666725468750000232e+02,-1.018726894131433482e+02
4.666728398437500118e+02,-9.627576580043077570e+01
4.666731328125000005e+02,-9.248962696339117429e+01
4.666734257812499891e+02,-9.216962565324413958e+01
4.666737187500000346e+02,-9.113870595198278579e+01
4.666740117187500232e+02,-9.743752432251177709e+01
4.666743046875000118e+02,-1.022148998178071224e+02
4.666745976562500005e+02,-1.078781961173711892e+02
4.666748906249999891e+02,-1.025621616819043140e+02
4.666751835937500346e+02,-9.885355637037363863e+01
4.666754765625000232e+02,-9.193083328210933303e+01
4.666757695312500118e+02,-9.130984455317192783e+01
4.666760625000000005e+02,-9.451114085620743310e+01
4.666763554687499891e+02,-9.083215448402759762e+01
4.666766484375000346e+02,-9.539102644214429461e+01
4.666769414062500232e+02,-9.581954992561931306e+01
4.666772343750000118e+02,-8.804968906504434756e+01
4.666775273437500005e+02,-9.418490947360089649e+01
4.666778203124999891e+02,-1.040625709907072860e+02
4.666781132812500346e+02,-9.779814885199768071e+01
4.666784062500000232e+02,-9.086889890662132530e+01
4.666786992187500118e+02,-8.545666521023332507e+01
4.666789921875000005e+02,-8.987956922631630619e+01
4.666792851562499891e+02,-9.947037151372107644e+01
4.666795781250000346e+02,-8.827948346745208141e+01
4.666798710937500232e+02,-8.952965440167903921e+01
4.666801640625000118e+02,-9.261609330367352300e+01
4.666804570312500005e+02,-8.998359522691244194e+01
4.666807499999999891e+02,-8.861075998928731678e+01
4.666810429687500346e+02,-8.381618357789534457e+01
4.666813359375000232e+02,-8.852310074574296550e+01
4.666816289062500118e+02,-1.035579191168277760e+02
4.666819218750000005e+02,-9.441725494214844616e+01
4.666822148437499891e+02,-8.763919923057160588e+01
4.666825078125000346e+02,-9.019510481895834175e+01
4.666828007812500232e+02,-9.358440842993417164e+01
4.666830937500000118e+02,-9.024642264135439973e+01
4.666833867187500005e+02,-8.430242099016462021e+01
4.666836796874999891e+02,-8.648286211798091472e+01
4.666839726562500346e+02,-1.072469014356131964e+02
4.666842656250000232e+02,-9.477568188449924946e+01
4.666845585937500118e+02,-8.589154752749166732e+01
4.666848515625000005e+02,-8.899333621464609223e+01
4.666851445312499891e+02,-9.709604563132432986e+01
4.666854375000000346e+02,-9.846850769205963161e+01
4.666857304687500232e+02,-8.730214734982430969e+01
4.666860234375000118e+02,-8.871218677255457408e+01
4.666863164062500005e+02,-1.062316799547380413e+02
4.666866093749999891e+02,-1.078422577549420964e+02
4.666869023437500346e+02,-9.125338895171394427e+01
4.666871953125000232e+02,-8.936636626698029318e+01
4.666874882812500118e+02,-9.089244755264211051e+01
4.666877812500000005e+02,-9.000533449714106382e+01
4.666880742187499891e+02,-9.055813676111179689e+01
4.666883671875000346e+02,-9.179054732455392696e+01
4.666886601562500232e+02,-1.030015266449111522e+02
4.666889531250000118e+02,-9.861101694194438494e+01
4.666892460937500005e+02,-9.798967419343206586e+01
4.666895390624999891e+02,-9.285330993678482514e+01
4.666898320312500346e+02,-9.075966885618561264e+01
4.666901250000000232e+02,-8.946342307623483237e+01
4.666904179687500118e+02,-9.906769863950961508e+01
4.666907109375000005e+02,-1.006625427045585042e+02
4.666910039062499891e+02,-9.284898259030150314e+01
4.666912968750000346e+02,-9.219998499621304688e+01
4.666915898437500232e+02,-9.997404266801180484e+01
4.666918828125000118e+02,-9.576463364818945934e+01
4.666921757812500005e+02,-9.026722530490502550e+01
4.666924687499999891e+02,-8.886346952427348356e+01
4.666927617187500346e+02,-9.715434904720295606e+01
4.666930546875000232e+02,-1.001269196652896056e+02
4.666933476562500118e+02,-9.270717897100962546e+01
4.666936406250000005e+02,-8.956601152684874023e+01
4.666939335937499891e+02,-8.922333967908060970e+01
4.666942265625000346e+02,-9.541982268253596544e+01
4.666945195312500232e+02,-9.314833864535934538e+01
4.666948125000000118e+02,-9.143587209128989457e+01
4.666951054687500005e+02,-9.983880479017257414e+01
4.666953984374999891e+02,-9.383233954917066910e+01
4.666956914062500346e+02,-8.875411955529369834e+01
4.666959843750000232e+02,-8.813437034745219023e+01
4.666962773437500118e+02,-8.827922523212245665e+01
4.666965703125000005e+02,-9.367033924677460277e+01
4.666968632812499891e+02,-9.235586787900527383e+01
4.666971562500000346e+02,-9.249814212977163663e+01
4.666974492187500232e+02,-9.631115026781039035e+01
4.666977421875000118e+02,-9.622105221801996322e+01
4.666980351562500005e+02,-9.227011064142843111e+01
4.666983281249999891e+02,-8.979973627500837097e+01
4.666986210937500346e+02,-8.772682580640632466e+01
4.666989140625000232e+02,-9.526855190300679510e+01
4.666992070312500118e+02,-9.216127822527386115e+01
4.666995000000000005e+02,-9.252830451045986138e+01
4.666997929687499891e+02,-9.875497666163121835e+01
4.667000859375000346e+02,-9.688978042871642060e+01
4.667003789062500232e+02,-1.145899295621119904e+02
4.667006718750000118e+02,-9.775494816659016806e+01
4.667009648437500005e+02,-9.396081014951583654e+01
4.667012578124999891e+02,-9.538372389817426722e+01
4.667015507812500346e+02,-9.500958132795874178e+01
4.667018437500000232e+02,-9.272934954742972025e+01
4.667021367187500118e+02,-9.044300582431196744e+01
4.667024296875000005e+02,-9.900761688807983774e+01
4.667027226562499891e+02,-9.622187432457874934e+01
4.667030156250000346e+02,-1.132401947540607665e+02
4.667033085937500232e+02,-1.128770935066886238e+02
4.667036015625000118e+02,-1.069731325422401937e+02
4.667038945312500005e+02,-9.634810137022226684e+01
4.667041874999999891e+02,-9.881535374459602394e+01
4.667044804687500346e+02,-8.860373203978468837e+01
4.667047734375000232e+02,-9.199760256239716227e+01
4.667050664062500118e+02,-9.640786701782373314e+01
4.667053593750000005e+02,-9.769594466657582643e+01
4.667056523437499891e+02,-9.513829194265238698e+01
4.667059453125000346e+02,-8.971967570778912204e+01
4.667062382812500232e+02,-8.906553809352287487e+01
4.667065312500000118e+02,-9.473803511168412683e+01
4.667068242187500005e+02,-9.873491394601673221e+01
4.667071171874999891e+02,-9.414163485828537148e+01
4.667074101562500346e+02,-9.238324254247748968e+01
4.667077031250000232e+02,-9.412397178499401207e+01
4.667079960937500118e+02,-9.118691117366398657e+01
4.667082890625000005e+02,-8.621197393510789198e+01
4.667085820312499891e+02,-8.801690474734286340e+01
4.667088750000000346e+02,-8.823467616673561054e+01
4.667091679687500232e+02,-9.552384459154694696e+01
4.667094609375000118e+02,-1.000306954336538325e+02
4.667097539062500005e+02,-1.001211958954894499e+02
4.667100468749999891e+02,-9.296203210122074267e+01
4.667103398437500346e+02,-8.780839287995264897e+01
4.667106328125000232e+02,-8.292552985944801947e+01
4.667109257812500118e+02,-8.533058141653131656e+01
4.667112187500000005e+02,-9.121072641802643943e+01
4.667115117187499891e+02,-8.668570778401507937e+01
4.667118046875000346e+02,-9.127326804573813490e+01
4.667120976562500232e+02,-1.001585159090986110e+02
4.667123906250000118e+02,-1.032854573863911440e+02
4.667126835937500005e+02,-9.479474730509991787e+01
4.667129765624999891e+02,-8.630844778396819095e+01
4.667132695312500346e+02,-8.724587794103931060e+01
4.667135625000000232e+02,-1.012306761000473756e+02
4.667138554687500118e+02,-8.828929527116108034e+01
4.667141484375000005e+02,-9.239416302384171331e+01
4.667144414062499891e+02,-9.102630127472865240e+01
4.667147343750000346e+02,-9.133796547661340526e+01
4.667150273437500232e+02,-9.820117810458584984e+01
4.667153203125000118e+02,-8.886675385004207328e+01
4.667156132812500005e+02,-9.129548646813776713e+01
4.667159062499999891e+02,-8.828359934167538370e+01
4.667161992187500346e+02,-9.120272667792244192e+01
4.667164921875000232e+02,-8.784875611854502608e+01
4.667167851562500118e+02,-9.498822632692403545e+01
4.667170781250000005e+02,-9.108816344893496364e+01
4.667173710937499891e+02,-9.989765558332564410e+01
4.667176640625000346e+02,-1.125882080926415938e+02
4.667179570312500232e+02,-9.722586540020627410e+01
4.667182500000000118e+02,-8.771003396348406511e+01
4.667185429687500005e+02,-1.070792025346190854e+02
4.667188359374999891e+02,-8.832349358963357133e+01
4.667191289062500346e+02,-9.931038400528079535e+01
4.667194218750000232e+02,-9.166900923801634349e+01
4.667197148437500118e+02,-9.564820923460354152e+01
4.667200078125000005e+02,-9.469779661985248254e+01
4.667203007812499891e+02,-8.952457466222158189e+01
4.667205937500000346e+02,-9.104709557400232711e+01
4.667208867187500232e+02,-9.732692691921607775e+01
4.667211796875000118e+02,-9.246022411610532288e+01
4.667214726562500005e+02,-9.833045646294571895e+01
4.667217656249999891e+02,-8.950476350362295364e+01
4.667220585937500346e+02,-9.119991032828622224e+01
4.667223515625000232e+02,-9.398405293713709341e+01
4.667226445312500118e+02,-8.857442412168734336e+01
4.667229375000000005e+02,-8.761998097714366907e+01
4.667232304687499891e+02,-9.119518760990976602e+01
4.667235234375000346e+02,-1.000277848223909132e+02
4.667238164062500232e+02,-1.020560682080195249e+02
4.667241093750000118e+02,-9.505588489333995028e+01
4.667244023437500005e+02,-9.776998385813492121e+01
4.667246953124999891e+02,-9.247547932350606459e+01
4.667249882812500346e+02,-8.573420072133431802e+01
4.667252812500000232e+02,-8.466925584206636302e+01
4.667255742187500118e+02,-9.872990281278931946e+01
4.667258671875000005e+02,-9.380312706660205890e+01
4.667261601562499891e+02,-9.768135821841573829e+01
4.667264531250000346e+02,-1.008892255514320766e+02
4.667267460937500232e+02,-9.597584283267222816e+01
4.667270390625000118e+02,-9.041850223036350087e+01
4.667273320312500005e+02,-8.768299402082934080e+01
4.667276249999999891e+02,-8.552088726197460744e+01
4.667279179687500346e+02,-9.187966099153108246e+01
4.667282109375000232e+02,-9.759318745968104736e+01
4.667285039062500118e+02,-9.614005825169401476e+01
4.667287968750000005e+02,-1.084465866424445579e+02
4.667290898437499891e+02,-9.348280445600875055e+01
4.667293828125000346e+02,-9.234960002001081136e+01
4.667296757812500232e+02,-9.310819756429165750e+01
4.667299687500000118e+02,-8.643458295819208104e+01
4.667302617187500005e+02,-8.755981414537906460e+01
4.667305546874999891e+02,-9.937196554596370390e+01
4.667308476562500346e+02,-9.583340997784887350e+01
4.667311406250000232e+02,-9.726810704228235238e+01
4.667314335937500118e+02,-9.478175648775335560e+01
4.667317265625000005e+02,-9.086579789979536770e+01
4.667320195312499891e+02,-8.843398966431833230e+01
4.667323125000000346e+02,-9.008359010321498772e+01
4.667326054687500232e+02,-8.731629278436614072e+01
4.667328984375000118e+02,-8.696640162011050279e+01
4.667331914062500005e+02,-8.851170030476220063e+01
4.667334843749999891e+02,-9.140605841516142505e+01
4.667337773437500346e+02,-9.115819222051177917e+01
4.667340703125000232e+02,-8.934415582121722821e+01
4.667343632812500118e+02,-9.770429090625022184e+01
4.667346562500000005e+02,-9.360885652568680371e+01
4.667349492187499891e+02,-9.265699677268399626e+01
4.667352421875000346e+02,-8.592530929697566933e+01
4.667355351562500232e+02,-8.699245097713478003e+01
4.667358281250000118e+02,-9.217755206351768038e+01
4.667361210937500005e+02,-9.763924230498582801e+01
4.667364140624999891e+02,-9.759913435339518628e+01
4.667367070312500346e+02,-1.064377532583822585e+02
4.667370000000000232e+02,-9.550113169226182208e+01
4.667372929687500118e+02,-9.413166261267896573e+01
4.667375859375000005e+02,-8.552524696941914328e+01
4.667378789062499891e+02,-8.550422477386555897e+01
4.667381718750000346e+02,-9.241186697351707835e+01
4.667384648437500232e+02,-9.403956738100460200e+01
4.667387578125000118e+02,-8.677180410136658395e+01
4.667390507812500005e+02,-9.568965812036796592e+01
4.667393437499999891e+02,-9.462290397451680235e+01
4.667396367187500346e+02,-9.505045606282644144e+01
4.667399296875000232e+02,-8.807410647136664750e+01
4.667402226562500118e+02,-8.521247473926706562e+01
4.667405156250000005e+02,-8.832714717844659447e+01
4.667408085937499891e+02,-9.085345692909520210e+01
4.667411015625000346e+02,-8.795740961159268068e+01
4.667413945312500232e+02,-9.194334410237755151e+01
4.667416875000000118e+02,-9.611694641480063694e+01
4.667419804687500005e+02,-1.050998362639710422e+02
4.667422734374999891e+02,-9.792836163085831913e+01
4.667425664062500346e+02,-9.046354499400962368e+01
4.667428593750000232e+02,-9.545763989888334322e+01
4.667431523437500118e+02,-1.011369323364691297e+02
4.667434453125000005e+02,-8.929148524137681875e+01
4.667437382812499891e+02,-8.952278286403391405e+01
4.667440312500000346e+02,-9.371470273497112657e+01
4.667443242187500232e+02,-9.396133306584394518e+01
4.667446171875000118e+02,-9.609902861861402812e+01
4.667449101562500005e+02,-9.804961455751734434e+01
4.667452031249999891e+02,-9.118333303724014627e+01
4.667454960937500346e+02,-9.260848810866561109e+01
4.667457890625000232e+02,-9.306187502350107366e+01
4.667460820312500118e+02,-8.759852265358824752e+01
4.667463750000000005e+02,-9.039723054937257984e+01
4.667466679687499891e+02,-9.282934492936342963e+01
4.667469609375000346e+02,-9.576310897389708998e+01
4.667472539062500232e+02,-9.173801450522111622e+01
4.667475468750000118e+02,-8.845510172558790885e+01
4.667478398437500005e+02,-9.101372168294579978e+01
4.667481328124999891e+02,-9.407223552843140624e+01
4.667484257812500346e+02,-9.969585274328829883e+01
4.667487187500000232e+02,-9.893066203628424660e+01
4.667490117187500118e+02,-1.019973749737324624e+02
4.667493046875000005e+02,-9.920392698425992251e+01
4.667495976562499891e+02,-9.169719963231969473e+01
4.667498906250000346e+02,-9.158922365128367460e+01
4.667501835937500232e+02,-9.425156276151398060e+01
4.667504765625000118e+02,-1.023098100833075250e+02
4.667507695312500005e+02,-9.679223437245610739e+01
4.667510624999999891e+02,-9.312357714670687869e+01
4.667513554687500346e+02,-9.348463981677255674e+01
4.667516484375000232e+02,-9.708051075629660431e+01
4.667519414062500118e+02,-9.246699662034842504e+01
4.667522343750000005e+02,-9.720578476708757876e+01
4.667525273437499891e+02,-9.398073627259280727e+01
4.667528203125000346e+02,-9.582392275251854130e+01
4.667531132812500232e+02,-9.014293478388923120e+01
4.667534062500000118e+02,-9.374692860400847394e+01
4.667536992187500005e+02,-8.850295290207357368e+01
4.667539921874999891e+02,-9.828064733911368478e+01
4.667542851562500346e+02,-9.391452771901515462e+01
4.667545781250000232e+02,-9.738142255811440862e+01
4.667548710937500118e+02,-9.605609662905939672e+01
4.667551640625000005e+02,-8.823239175875963269e+01
4.667554570312499891e+02,-8.852898655371090797e+01
4.667557500000000346e+02,-8.993320621330104814e+01
4.667560429687500232e+02,-8.342399678695187504e+01
4.667563359375000118e+02,-8.667733981352125738e+01
4.667566289062500005e+02,-8.975896277759323993e+01
4.667569218749999891e+02,-8.868173406641703593e+01
4.667572148437500346e+02,-9.276624478945544183e+01
4.667575078125000232e+02,-8.760961821848513864e+01
4.667578007812500118e+02,-8.559781482414528853e+01
4.667580937500000005e+02,-8.838898605237118034e+01
4.667583867187499891e+02,-8.511068976001538999e+01
4.667586796875000346e+02,-8.872292710445304920e+01
4.667589726562500232e+02,-8.757997393889128546e+01
4.667592656250000118e+02,-9.510964069021164846e+01
4.667595585937500005e+02,-9.525398994613702541e+01
4.667598515624999891e+02,-9.985865560728377943e+01
4.667601445312500346e+02,-9.363231655972791145e+01
4.667604375000000232e+02,-9.041917661762923331e+01
4.667607304687500118e+02,-8.853773838340867997e+01
4.667610234375000005e+02,-8.917096885420221497e+01
4.667613164062499891e+02,-8.791337581091674735e+01
4.667616093750000346e+02,-1.016130104759130148e+02
4.667619023437500232e+02,-9.535978080697822179e+01
4.667621953125000118e+02,-9.626047318925651552e+01
4.667624882812500005e+02,-9.312003813362323967e+01
4.667627812499999891e+02,-9.365312743799927375e+01
4.667630742187500346e+02,-9.048341554224975880e+01
4.667633671875000232e+02,-9.599254851371176755e+01
4.667636601562500118e+02,-9.361148141885301754e+01
4.667639531250000005e+02,-9.522460994360852737e+01
4.667642460937499891e+02,-9.221037134005983660e+01
4.667645390625000346e+02,-9.560489116100043816e+01
4.667648320312500232e+02,-8.890824435612580601e+01
4.667651250000000118e+02,-9.331525349691645488e+01
4.667654179687500005e+02,-8.930339370853343439e+01
4.667657109374999891e+02,-9.072850064160886063e+01
4.667660039062500346e+02,-8.929057654926084808e+01
4.667662968750000232e+02,-9.188255467728302506e+01
4.667665898437500118e+02,-9.044512765881182759e+01
4.667668828125000005e+02,-8.944318758736442021e+01
4.667671757812499891e+02,-8.535813171088095430e+01
4.667674687500000346e+02,-8.842724077797166160e+01
4.667677617187500232e+02,-8.577082486417560858e+01
4.667680546875000118e+02,-8.938677178720033112e+01
4.667683476562500005e+02,-8.978377435343421098e+01
4.667686406249999891e+02,-8.897398114236264632e+01
4.667689335937500346e+02,-8.913289368877327945e+01
4.667692265625000232e+02,-8.915108865127734816e+01
4.667695195312500118e+02,-8.636631795210394102e+01
4.667698125000000005e+02,-8.934157904724884247e+01
4.667701054687499891e+02,-8.831038874868445987e+01
4.667703984375000346e+02,-8.940001242483410238e+01
4.667706914062500232e+02,-9.086425823837967641e+01
4.667709843750000118e+02,-8.754224863052104411e+01
4.667712773437500005e+02,-9.455938254869592186e+01
4.667715703124999891e+02,-9.468845672959983517e+01
4.667718632812500346e+02,-8.848312748297502139e+01
4.667721562500000232e+02,-9.618145587340428904e+01
4.667724492187500118e+02,-8.904746442364471193e+01
4.667727421875000005e+02,-8.763572725929711282e+01
4.667730351562499891e+02,-9.324784229285315007e+01
4.667733281250000346e+02,-8.966817577323816124e+01
4.667736210937500232e+02,-1.026685311187086143e+02
4.667739140625000118e+02,-9.340583138263059482e+01
4.667742070312500005e+02,-1.011932951595489953e+02
4.667744999999999891e+02,-9.389707984027094767e+01
4.667747929687500346e+02,-8.852350246929574951e+01
4.667750859375000232e+02,-8.921415694692528575e+01
4.667753789062500118e+02,-9.302033990237916328e+01
4.667756718750000005e+02,-8.707855646383069370e+01
4.667759648437499891e+02,-9.061614478420580099e+01
4.667762578125000346e+02,-9.585928952490465349e+01
4.667765507812500232e+02,-9.038392465583757485e+01
4.667768437500000118e+02,-9.164091341958352643e+01
4.667771367187500005e+02,-8.615437522446698893e+01
4.667774296874999891e+02,-8.571785843844374142e+01
4.667777226562500346e+02,-8.959036946103989862e+01
4.667780156250000232e+02,-8.888681019263813710e+01
4.667783085937500118e+02,-8.596789517505015965e+01
4.667786015625000005e+02,-8.841339928471043663e+01
4.667788945312499891e+02,-8.654864096152635966e+01
4.667791875000000346e+02,-8.536592978151179523e+01
4.667794804687500232e+02,-8.629036818962710242e+01
4.667797734375000118e+02,-8.677627733015286537e+01
4.667800664062500005e+02,-8.785136443490402769e+01
4.667803593749999891e+02,-9.105969329726322314e+01
4.667806523437500346e+02,-8.836910956219432478e+01
4.667809453125000232e+02,-8.617239819262243827e+01
4.667812382812500118e+02,-8.650026175310360088e+01
4.667815312500000005e+02,-8.882596132351793017e+01
4.667818242187499891e+02,-9.695316138662607841e+01
4.667821171875000346e+02,-9.291661725730827470e+01
4.667824101562500232e+02,-8.760736359728068123e+01
4.667827031250000118e+02,-9.565523928744367765e+01
4.667829960937500005e+02,-9.344159433618628441e+01
4.667832890624999891e+02,-8.547726581396790380e+01
4.667835820312500346e+02,-8.549896435324140498e+01
4.667838750000000232e+02,-9.145391010088411576e+01
4.667841679687500118e+02,-1.003203487343693610e+02
4.667844609375000005e+02,-1.020565804014424316e+02
4.667847539062499891e+02,-9.032051645417405439e+01
4.667850468750000346e+02,-9.780847516351740012e+01
4.667853398437500232e+02,-9.704497644670760792e+01
4.667856328125000118e+02,-8.882985106499330641e+01
4.667859257812500005e+02,-8.252233758087055548e+01
4.667862187499999891e+02,-8.830136541465668643e+01
4.667865117187500346e+02,-9.047313403573774337e+01
4.667868046875000232e+02,-8.857878871496336615e+01
4.667870976562500118e+02,-9.955993036219597059e+01
4.667873906250000005e+02,-9.408403194293585159e+01
4.667876835937499891e+02,-9.203088226254480730e+01
4.667879765625000346e+02,-9.286179085483351514e+01
4.667882695312500232e+02,-8.624751693867602853e+01
4.667885625000000118e+02,-8.994163712976794045e+01
4.667888554687500005e+02,-8.892100649395513301e+01
4.667891484374999891e+02,-8.724605096241069191e+01
4.667894414062500346e+02,-9.925903278257761997e+01
4.667897343750000232e+02,-9.641373341106891814e+01
4.667900273437500118e+02,-9.233553120165478845e+01
4.667903203125000005e+02,-8.922600496686928295e+01
4.667906132812499891e+02,-9.239823647945445373e+01
4.667909062500000346e+02,-9.664959325749805430e+01
4.667911992187500232e+02,-9.295212590397019881e+01
4.667914921875000118e+02,-9.320733510502419961e+01
4.667917851562500005e+02,-1.077772380437899642e+02
4.667920781249999891e+02,-9.343506049842329730e+01
4.667923710937500346e+02,-8.703957843608712608e+01
4.667926640625000232e+02,-8.727234973971624754e+01
4.667929570312500118e+02,-9.101742471663899892e+01
4.667932500000000005e+02,-1.072676852227688329e+02
4.667935429687499891e+02,-9.963246752010169871e+01
4.667938359375000346e+02,-1.004081512291598841e+02
4.667941289062500232e+02,-8.839531716725306865e+01
4.667944218750000118e+02,-9.389169989645708370e+01
4.667947148437500005e+02,-8.899546738173503968e+01
4.667950078124999891e+02,-8.625987877683817828e+01
4.667953007812500346e+02,-9.510891099415115946e+01
4.667955937500000232e+02,-9.344074822795845137e+01
4.667958867187500118e+02,-9.595644187244204204e+01
4.667961796875000005e+02,-1.013366833595060399e+02
4.667964726562499891e+02,-9.318847160485464087e+01
4.667967656250000346e+02,-9.474905602975144348e+01
4.667970585937500232e+02,-9.125105537793206167e+01
4.667973515625000118e+02,-8.508000824131198669e+01
4.667976445312500005e+02,-8.989323477302704646e+01
4.667979374999999891e+02,-9.351736014051209622e+01
4.667982304687500346e+02,-9.726074812122777757e+01
4.667985234375000232e+02,-9.030232387689397910e+01
4.667988164062500118e+02,-8.875091160215936270e+01
4.667991093750000005e+02,-9.028369226691364702e+01
4.667994023437499891e+02,-8.971359453174568444e+01
4.667996953125000346e+02,-9.537733737647181442e+01
4.667999882812500232e+02,-8.826096632369953454e+01
4.668002812500000118e+02,-8.625107892527699960e+01
4.668005742187500005e+02,-9.234234441308143460e+01
4.668008671874999891e+02,-9.918142055276504720e+01
4.668011601562500346e+02,-9.117415676335841113e+01
4.668014531250000232e+02,-8.825811496036175186e+01
4.668017460937500118e+02,-8.549900758104995191e+01
4.668020390625000005e+02,-8.519832188496218350e+01
4.668023320312499891e+02,-9.945080355038656705e+01
4.668026250000000346e+02,-8.588871153156600258e+01
4.668029179687500232e+02,-9.050506330491116103e+01
4.668032109375000118e+02,-8.824296031268420393e+01
4.668035039062500005e+02,-9.301663515532963800e+01
4.668037968749999891e+02,-9.574536078598109157e+01
4.668040898437500346e+02,-9.192878182822704503e+01
4.668043828125000232e+02,-8.675000725950999936e+01
4.668046757812500118e+02,-1.010586469002004009e+02
4.668049687500000005e+02,-8.606942264557011413e+01
4.668052617187499891e+02,-8.759915278087885326e+01
4.668055546875000346e+02,-9.085228465392511055e+01
4.668058476562500232e+02,-8.709573069542520329e+01
4.668061406250000118e+02,-8.805528250071391483e+01
4.668064335937500005e+02,-9.779276230167627659e+01
4.668067265624999891e+02,-8.744756048352996913e+01
4.668070195312500346e+02,-8.785635394693294131e+01
4.668073125000000232e+02,-1.007118910347253262e+02
4.668076054687500118e+02,-9.204611416826948300e+01
4.668078984375000005e+02,-9.779149609585033431e+01
4.668081914062499891e+02,-9.072231408550875642e+01
4.668084843750000346e+02,-8.893550048111423223e+01
4.668087773437500232e+02,-9.240795723581615562e+01
4.668090703125000118e+02,-9.598507484977892545e+01
4.668093632812500005e+02,-8.940832046927526733e+01
4.668096562499999891e+02,-9.217515187726506554e+01
4.668099492187500346e+02,-1.039140572099708493e+02
4.668102421875000232e+02,-1.026985396941678914e+02
4.668105351562500118e+02,-8.826306449701336021e+01
4.668108281250000005e+02,-8.793309779990738662e+01
4.668111210937499891e+02,-9.016865141906693282e+01
4.668114140625000346e+02,-9.670438703821389481e+01
4.668117070312500232e+02,-9.129103695312137745e+01
4.668120000000000118e+02,-8.815554582139091622e+01
4.668122929687500005e+02,-9.209383156805853332e+01
4.668125859374999891e+02,-9.517164180267164397e+01
4.668128789062500346e+02,-9.845155231107747795e+01
4.668131718750000232e+02,-8.863021183011376536e+01
4.668134648437500118e+02,-8.909527213754465436e+01
4.668137578125000005e+02,-9.308155687160939351e+01
4.668140507812499891e+02,-1.058949747313451439e+02
4.668143437500000346e+02,-9.072536707217179242e+01
4.668146367187500232e+02,-8.799674454822385883e+01
4.668149296875000118e+02,-9.253637348292251374e+01
4.668152226562500005e+02,-9.814078166883525967e+01
4.668155156249999891e+02,-9.389473178595241620e+01
4.668158085937500346e+02,-1.033731049658129706e+02
4.668161015625000232e+02,-1.070307056379680262e+02
4.668163945312500118e+02,-9.907767688490707769e+01
4.668166875000000005e+02,-9.265281450457555934e+01
4.668169804687499891e+02,-8.918180312139497801e+01
4.668172734375000346e+02,-9.249391100459803283e+01
4.668175664062500232e+02,-9.258209456661575132e+01
4.668178593750000118e+02,-1.005491519515000363e+02
4.668181523437500005e+02,-8.815280688692480737e+01
4.668184453124999891e+02,-8.806170502484187068e+01
4.668187382812500346e+02,-8.745483934867141329e+01
4.668190312500000232e+02,-9.303179124086581453e+01
4.668193242187500118e+02,-9.182803750288412914e+01
4.668196171875000005e+02,-9.190164638507020811e+01
4.668199101562499891e+02,-8.719402896419103399e+01
4.668202031250000346e+02,-9.489346304605653870e+01
4.668204960937500232e+02,-8.580751037911562662e+01
4.668207890625000118e+02,-8.459365766925802177e+01
4.668210820312500005e+02,-8.758643012463127775e+01
4.668213749999999891e+02,-8.943978394527090359e+01
4.668216679687500346e+02,-9.316403643273410751e+01
4.668219609375000232e+02,-9.047174031217724632e+01
4.668222539062500118e+02,-9.880747108553481439e+01
4.668225468750000005e+02,-9.844805257777863972e+01
4.668228398437499891e+02,-9.094559707158083484e+01
4.668231328125000346e+02,-8.552567454960497173e+01
4.668234257812500232e+02,-8.217000875533756243e+01
4.668237187500000118e+02,-8.781355963666857178e+01
4.668240117187500005e+02,-9.324052574467076226e+01
4.668243046874999891e+02,-8.807852732903050708e+01
4.668245976562500346e+02,-8.915026369394357175e+01
4.668248906250000232e+02,-9.078802472466352924e+01
4.668251835937500118e+02,-8.832195100194044812e+01
4.668254765625000005e+02,-8.792139919751475929e+01
4.668257695312499891e+02,-8.800144579512165421e+01
4.668260625000000346e+02,-8.886346690016209493e+01
4.668263554687500232e+02,-8.921995586058781669e+01
4.668266484375000118e+02,-8.399938395306077155e+01
4.668269414062500005e+02,-8.577795412111244389e+01
4.668272343749999891e+02,-8.808839365014722489e+01
4.668275273437500346e+02,-8.862551699825566232e+01
4.668278203125000232e+02,-8.899248723339411526e+01
4.668281132812500118e+02,-1.045671600009906257e+02
4.668284062500000005e+02,-8.780723818956033710e+01
4.668286992187499891e+02,-8.722073168132394017e+01
4.668289921875000346e+02,-8.703604390613750752e+01
4.668292851562500232e+02,-8.487102302574108137e+01
4.668295781250000118e+02,-8.726017504679013825e+01
4.668298710937500005e+02,-9.144680035292759612e+01
4.668301640624999891e+02,-8.501925699845200768e+01
4.668304570312500346e+02,-8.707110270115586559e+01
4.668307500000000232e+02,-8.977296261622257134e+01
4.668310429687500118e+02,-9.049103127822226611e+01
4.668313359375000005e+02,-9.935720645914798865e+01
4.668316289062499891e+02,-8.988060049175963684e+01
4.668319218750000346e+02,-8.356554238274466684e+01
4.668322148437500232e+02,-9.059037397116257750e+01
4.668325078125000118e+02,-8.879283183167041216e+01
4.668328007812500005e+02,-8.536426558206193249e+01
4.668330937499999891e+02,-8.822195151075331410e+01
4.668333867187500346e+02,-8.703105076320414923e+01
4.668336796875000232e+02,-9.453012046010078961e+01
4.668339726562500118e+02,-9.061772692686074038e+01
4.668342656250000005e+02,-8.694253689804637020e+01
4.668345585937499891e+02,-9.050812909789611638e+01
4.668348515625000346e+02,-9.857252897062414831e+01
4.668351445312500232e+02,-8.831955542016955008e+01
4.668354375000000118e+02,-8.713966610092418819e+01
4.668357304687500005e+02,-8.825192528882473653e+01
4.668360234374999891e+02,-9.381221107942950255e+01
4.668363164062500346e+02,-8.807599282865744783e+01
4.668366093750000232e+02,-9.622052268339277248e+01
4.668369023437500118e+02,-1.016352108218173953e+02
4.668371953125000005e+02,-9.643900688178071334e+01
4.668374882812499891e+02,-9.173235123751732090e+01
4.668377812500000346e+02,-9.166482831552042398e+01
4.668380742187500232e+02,-8.919851181312994015e+01
4.668383671875000118e+02,-9.063908515039264557e+01
4.668386601562500005e+02,-8.764774960721310038e+01
4.668389531249999891e+02,-1.110706852225406465e+02
4.668392460937500346e+02,-9.540547335831048770e+01
4.668395390625000232e+02,-1.000523300170257812e+02
4.668398320312500118e+02,-9.092498939966974092e+01
4.668401250000000005e+02,-8.920644064176178745e+01
4.668404179687499891e+02,-1.005274994359369742e+02
4.668407109375000346e+02,-9.333384803124079099e+01
4.668410039062500232e+02,-8.374176466874182267e+01
4.668412968750000118e+02,-8.454946633081065954e+01
4.668415898437500005e+02,-9.567103736705749384e+01
4.668418828124999891e+02,-1.058346731655774420e+02
4.668421757812500346e+02,-9.451909789487868352e+01
4.668424687500000232e+02,-8.957420573866521352e+01
4.668427617187500118e+02,-9.049906156489072373e+01
4.668430546875000005e+02,-9.860945302965056669e+01
4.668433476562499891e+02,-9.132747426966002990e+01
4.668436406250000346e+02,-8.708803020410840645e+01
4.668439335937500232e+02,-9.377904820206239833e+01
4.668442265625000118e+02,-8.701271119365614481e+01
4.668445195312500005e+02,-9.427984986857052263e+01
4.668448124999999891e+02,-8.924434091773633781e+01
4.668451054687500346e+02,-8.979538499447929212e+01
4.668453984375000232e+02,-1.007074486645544056e+02
4.668456914062500118e+02,-9.176926054118958120e+01
4.668459843750000005e+02,-8.979624841289688675e+01
4.668462773437499891e+02,-8.560234240750850176e+01
4.668465703125000346e+02,-8.855819288848957171e+01
4.668468632812500232e+02,-9.291263959948915385e+01
4.668471562500000118e+02,-9.818871771370460522e+01
4.668474492187500005e+02,-9.149128787059608214e+01
4.668477421874999891e+02,-1.044379500407250561e+02
4.668480351562500346e+02,-9.175200064994749027e+01
4.668483281250000232e+02,-9.456018890996291759e+01
4.668486210937500118e+02,-8.873097553103747259e+01
4.668489140625000005e+02,-9.547505079473451417e+01
4.668492070312499891e+02,-8.960149762759114367e+01
4.668495000000000346e+02,-1.017694398171424837e+02
4.668497929687500232e+02,-9.538668342120784871e+01
4.668500859375000118e+02,-1.009039960688797350e+02
4.668503789062500005e+02,-9.902112912630656183e+01
4.668506718749999891e+02,-8.926088481340615033e+01
4.668509648437500346e+02,-1.033507057312355073e+02
4.668512578125000232e+02,-9.183518534360770502e+01
4.668515507812500118e+02,-9.396899304835086753e+01
4.668518437500000005e+02,-9.791662342700789168e+01
4.668521367187499891e+02,-9.572662800548683038e+01
4.668524296875000346e+02,-9.353127000973725558e+01
4.668527226562500232e+02,-8.511528939774864000e+01
4.668530156250000118e+02,-8.542339277362609096e+01
4.668533085937500005e+02,-9.260079292822602781e+01
4.668536015624999891e+02,-9.246242053540237293e+01
4.668538945312500346e+02,-9.567251760004964467e+01
4.668541875000000232e+02,-9.059541014544268478e+01
4.668544804687500118e+02,-9.698453575839269547e+01
4.668547734375000005e+02,-8.989920273938511741e+01
4.668550664062499891e+02,-8.581718896786912865e+01
4.668553593750000346e+02,-9.006903885126511966e+01
4.668556523437500232e+02,-8.812900883682016229e+01
4.668559453125000118e+02,-8.799792565928440524e+01
4.668562382812500005e+02,-9.496013400354877376e+01
4.668565312499999891e+02,-1.022794070462159510e+02
4.668568242187500346e+02,-9.631782531093983835e+01
4.668571171875000232e+02,-9.369236714967370006e+01
4.668574101562500118e+02,-9.180934797472781383e+01
4.668577031250000005e+02,-9.550925924971724612e+01
4.668579960937499891e+02,-8.864612208876752675e+01
4.668582890625000346e+02,-8.588691074899521993e+01
4.668585820312500232e+02,-9.291251002775794632e+01
4.668588750000000118e+02,-9.226272808360729982e+01
4.668591679687500005e+02,-9.559946670335386898e+01
4.668594609374999891e+02,-9.243788681390759621e+01
4.668597539062500346e+02,-9.225789734914862095e+01
4.668600468750000232e+02,-1.120527010020862519e+02
4.668603398437500118e+02,-8.800156547280339225e+01
4.668606328125000005e+02,-8.797793448490665469e+01
4.668609257812499891e+02,-1.003899155529427105e+02
4.668612187500000346e+02,-9.163089128377325210e+01
4.668615117187500232e+02,-8.793027033473177312e+01
4.668618046875000118e+02,-8.584885508093806550e+01
4.668620976562500005e+02,-9.057481190440881846e+01
4.668623906249999891e+02,-1.061399070254383616e+02
4.668626835937500346e+02,-9.149756945905288319e+01
4.668629765625000232e+02,-8.837647032169704175e+01
4.668632695312500118e+02,-9.126499057091351119e+01
4.668635625000000005e+02,-8.747139762632770044e+01
4.668638554687499891e+02,-8.428788147669888531e+01
4.668641484375000346e+02,-8.436572326090737306e+01
4.668644414062500232e+02,-8.702436994038887974e+01
4.668647343750000118e+02,-9.060204324216121563e+01
4.668650273437500005e+02,-9.469443101608180768e+01
4.668653203124999891e+02,-8.723361064797617814e+01
4.668656132812500346e+02,-8.549132167819529116e+01
4.668659062500000232e+02,-9.000651644113068528e+01
4.668661992187500118e+02,-8.994518248264557769e+01
4.668664921875000005e+02,-8.749384372796838250e+01
4.668667851562499891e+02,-9.052918832768204993e+01
4.668670781250000346e+02,-9.902204249756516674e+01
4.668673710937500232e+02,-9.478553267838321972e+01
4.668676640625000118e+02,-9.258946092264224603e+01
4.668679570312500005e+02,-9.548458976703237511e+01
4.668682499999999891e+02,-8.740087682151983017e+01
4.668685429687500346e+02,-1.018512361499275585e+02
4.668688359375000232e+02,-8.303684720162955557e+01
4.668691289062500118e+02,-8.147086616719769836e+01
4.668694218750000005e+02,-8.858496296513015977e+01
4.668697148437499891e+02,-1.030575831647099960e+02
4.668700078125000346e+02,-9.204926678233181292e+01
4.668703007812500232e+02,-1.154742026123647918e+02
4.668705937500000118e+02,-9.773814503304021173e+01
4.668708867187500005e+02,-1.001723643280646314e+02
4.668711796874999891e+02,-8.920439106750623637e+01
4.668714726562500346e+02,-8.220383081862884467e+01
4.668717656250000232e+02,-8.775377877713071939e+01
4.668720585937500118e+02,-8.947500605431265797e+01
4.668723515625000005e+02,-9.457535209031824763e+01
4.668726445312499891e+02,-9.027227483827729770e+01
4.668729375000000346e+02,-8.354951833164362540e+01
4.668732304687500232e+02,-8.789734413073047392e+01
4.668735234375000118e+02,-9.360685056756686606e+01
4.668738164062500005e+02,-8.531450834044532883e+01
4.668741093749999891e+02,-8.406213920689353358e+01
4.668744023437500346e+02,-8.385709207335207793e+01
4.668746953125000232e+02,-9.030618871929794977e+01
4.668749882812500118e+02,-9.347375598688873310e+01
4.668752812500000005e+02,-8.829898213885354608e+01
4.668755742187499891e+02,-9.544892889606322228e+01
4.668758671875000346e+02,-9.041325731301313340e+01
4.668761601562500232e+02,-9.314108710529833957e+01
4.668764531250000118e+02,-8.566942439136428789e+01
4.668767460937500005e+02,-8.810898610351767957e+01
4.668770390624999891e+02,-1.080216617384916589e+02
4.668773320312500346e+02,-9.030193584675238583e+01
4.668776250000000232e+02,-9.130481890691416424e+01
4.668779179687500118e+02,-9.058015203002453575e+01
4.668782109375000005e+02,-8.769956591681292934e+01
4.668785039062499891e+02,-9.594773729525732620e+01
4.668787968750000346e+02,-1.110146605887912727e+02
4.668790898437500232e+02,-1.027712528110073436e+02
4.668793828125000118e+02,-9.322008749515227066e+01
4.668796757812500005e+02,-8.669607576933962889e+01
4.668799687499999891e+02,-9.803431978116759637e+01
4.668802617187500346e+02,-9.256680563421035401e+01
4.668805546875000232e+02,-8.906014266947136093e+01
4.668808476562500118e+02,-9.214823550889562398e+01
4.668811406250000005e+02,-9.983650269950570078e+01
4.668814335937499891e+02,-9.278587818301994616e+01
4.668817265625000346e+02,-9.903478971064154734e+01
4.668820195312500232e+02,-8.857399683461170525e+01
4.668823125000000118e+02,-8.956242918829144628e+01
4.668826054687500005e+02,-8.852873206946775042e+01
4.668828984374999891e+02,-8.654252221198733253e+01
4.668831914062500346e+02,-8.996391346286731050e+01
4.668834843750000232e+02,-9.848910296444282153e+01
4.668837773437500118e+02,-9.731911141998241987e+01
4.668840703125000005e+02,-1.015045213398219772e+02
4.668843632812499891e+02,-9.163748479038657990e+01
4.668846562500000346e+02,-9.246247509596474856e+01
4.668849492187500232e+02,-8.920327129939582278e+01
4.668852421875000118e+02,-8.531527758958368679e+01
4.668855351562500005e+02,-9.072264303209377090e+01
4.668858281249999891e+02,-1.005680647827291097e+02
4.668861210937500346e+02,-9.269535273606612691e+01
4.668864140625000232e+02,-8.822556142704695503e+01
4.668867070312500118e+02,-9.069980997285381363e+01
4.668870000000000005e+02,-9.617205250500036584e+01
4.668872929687499891e+02,-9.068489476692570861e+01
4.668875859375000346e+02,-9.267307431282091557e+01
4.668878789062500232e+02,-9.531010205066736773e+01
4.668881718750000118e+02,-9.009009663815676561e+01
4.668884648437500005e+02,-9.047065016521139569e+01
4.668887578124999891e+02,-9.171005672084234561e+01
4.668890507812500346e+02,-8.927703688708325558e+01
4.668893437500000232e+02,-8.654237775803112243e+01
4.668896367187500118e+02,-9.160854343102431585e+01
4.668899296875000005e+02,-9.401855924501290929e+01
4.668902226562499891e+02,-8.978923654920356512e+01
4.668905156250000346e+02,-9.364112274958692694e+01
4.668908085937500232e+02,-9.750850531241853503e+01
4.668911015625000118e+02,-8.963895214462917238e+01
4.668913945312500005e+02,-8.544968940278025116e+01
4.668916874999999891e+02,-8.356767807357789479e+01
4.668919804687500346e+02,-8.454987561593250689e+01
4.668922734375000232e+02,-8.915119808904948684e+01
4.668925664062500118e+02,-8.855697188295576439e+01
4.668928593750000005e+02,-9.165310843711634448e+01
4.668931523437499891e+02,-8.932095485970106097e+01
4.668934453125000346e+02,-9.142767623187388892e+01
4.668937382812500232e+02,-8.902236752909458062e+01
4.668940312500000118e+02,-8.548771339454008000e+01
4.668943242187500005e+02,-9.039510934909745288e+01
4.668946171874999891e+02,-9.565286038722091178e+01
4.668949101562500346e+02,-1.013049323566590800e+02
4.668952031250000232e+02,-9.020640783115737804e+01
4.668954960937500118e+02,-9.442698008113691799e+01
4.668957890625000005e+02,-9.776357831181127267e+01
4.668960820312499891e+02,-9.352093501699090439e+01
4.668963750000000346e+02,-8.927797734843028366e+01
4.668966679687500232e+02,-1.069534571724491201e+02
4.668969609375000118e+02,-9.978333878152831460e+01
4.668972539062500005e+02,-9.368064633016744835e+01
4.668975468749999891e+02,-9.511778329019921330e+01
4.668978398437500346e+02,-1.025312362952641365e+02
4.668981328125000232e+02,-1.033829435114492270e+02
4.668984257812500118e+02,-8.652052616954460973e+01
4.668987187500000005e+02,-8.623802853941452895e+01
4.668990117187499891e+02,-9.291612999110569149e+01
4.668993046875000346e+02,-9.428324162169799649e+01
4.668995976562500232e+02,-9.969006678340990391e+01
4.668998906250000118e+02,-9.245860725757920306e+01
4.669001835937500005e+02,-9.194239793699976815e+01
4.669004765624999891e+02,-9.957215049117854733e+01
4.669007695312500346e+02,-8.529496196844152678e+01
4.669010625000000232e+02,-8.412544489726222707e+01
4.669013554687500118e+02,-9.172789191935837039e+01
4.669016484375000005e+02,-8.960241702157048849e+01
4.669019414062499891e+02,-9.040426861952327897e+01
4.669022343750000346e+02,-9.308241190761009420e+01
4.669025273437500232e+02,-9.061925928531685770e+01
4.669028203125000118e+02,-8.992537027025980478e+01
4.669031132812500005e+02,-8.801103875005607335e+01
4.669034062499999891e+02,-9.185485270793475365e+01
4.669036992187500346e+02,-9.368735430308004197e+01
4.669039921875000232e+02,-9.641085404505700751e+01
4.669042851562500118e+02,-9.141746072593434747e+01
4.669045781250000005e+02,-8.878848821360944044e+01
4.669048710937499891e+02,-1.057786911397976581e+02
4.669051640625000346e+02,-9.453469624871070209e+01
4.669054570312500232e+02,-8.624094853492076140e+01
4.669057500000000118e+02,-8.861437650850561454e+01
4.669060429687500005e+02,-8.862390395236353413e+01
4.669063359374999891e+02,-1.048864200717927417e+02
4.669066289062500346e+02,-9.223908482049674262e+01
4.669069218750000232e+02,-8.868646462428338850e+01
4.669072148437500118e+02,-9.284314352457968766e+01
4.669075078125000005e+02,-9.233829599038335800e+01
4.669078007812499891e+02,-9.080497573866180971e+01
4.669080937500000346e+02,-8.918918099290254986e+01
4.669083867187500232e+02,-8.421864699682593880e+01
4.669086796875000118e+02,-8.643274539857912941e+01
4.669089726562500005e+02,-9.983517366101175128e+01
4.669092656249999891e+02,-9.004427154707535408e+01
4.669095585937500346e+02,-8.914382676857721322e+01
4.669098515625000232e+02,-8.977500430386567132e+01
4.669101445312500118e+02,-8.907437494229586150e+01
4.669104375000000005e+02,-8.927032460700746697e+01
4.669107304687499891e+02,-8.438083610565662696e+01
4.669110234375000346e+02,-8.601129621011796189e+01
4.669113164062500232e+02,-9.364125498794891200e+01
4.669116093750000118e+02,-8.441556660160532033e+01
4.669119023437500005e+02,-9.698020830722626329e+01
4.669121953124999891e+02,-9.453661002714633810e+01
4.669124882812500346e+02,-8.506174222848051159e+01
4.669127812500000232e+02,-8.466035402497915641e+01
4.669130742187500118e+02,-8.755647359355918979e+01
4.669133671875000005e+02,-8.612968938154416776e+01
4.669136601562499891e+02,-8.910668378585641847e+01
4.669139531250000346e+02,-8.850359049715731885e+01
4.669142460937500232e+02,-8.528202946309153276e+01
4.669145390625000118e+02,-9.279648532363043500e+01
4.669148320312500005e+02,-1.010585855757195048e+02
4.669151249999999891e+02,-9.712166351299664768e+01
4.669154179687500346e+02,-9.367436646695166758e+01
4.669157109375000232e+02,-8.603715143181483427e+01
4.669160039062500118e+02,-8.616758488392206061e+01
4.669162968750000005e+02,-9.118672994606245652e+01
4.669165898437499891e+02,-8.545303658920329326e+01
4.669168828125000346e+02,-9.140542508304150715e+01
4.669171757812500232e+02,-9.622930954776748536e+01
4.669174687500000118e+02,-1.081070520140922753e+02
4.669177617187500005e+02,-9.241112032043267277e+01
4.669180546874999891e+02,-1.077575187420582949e+02
4.669183476562500346e+02,-8.775842175021750791e+01
4.669186406250000232e+02,-9.569248714573754455e+01
4.669189335937500118e+02,-8.324370873235281465e+01
4.669192265625000005e+02,-8.231219173634799802e+01
4.669195195312499891e+02,-8.770910812068524365e+01
4.669198125000000346e+02,-1.006894760182506730e+02
4.669201054687500232e+02,-1.014606575529477794e+02
4.669203984375000118e+02,-9.481439079425625494e+01
4.669206914062500005e+02,-9.254345663234482799e+01
4.669209843749999891e+02,-9.701773615269169682e+01
4.669212773437500346e+02,-9.599958657291450947e+01
4.669215703125000232e+02,-9.209376164077518467e+01
4.669218632812500118e+02,-9.396002137329850257e+01
4.669221562500000005e+02,-1.058523913191253882e+02
4.669224492187499891e+02,-8.711176953519600374e+01
4.669227421875000346e+02,-9.093468044001423323e+01
4.669230351562500232e+02,-9.373839586183891015e+01
4.669233281250000118e+02,-9.056319538015769410e+01
4.669236210937500005e+02,-1.022764280828972261e+02
4.669239140624999891e+02,-9.262503860908358888e+01
4.669242070312500346e+02,-8.739870326683043800e+01
4.669245000000000232e+02,-1.080161385563451120e+02
4.669247929687500118e+02,-9.378508560818124806e+01
4.669250859375000005e+02,-9.459332929678141966e+01
4.669253789062499891e+02,-9.028238687564834208e+01
4.669256718750000346e+02,-1.002913764765616236e+02
4.669259648437500232e+02,-8.737702452365840600e+01
4.669262578125000118e+02,-8.645879068165902481e+01
4.669265507812500005e+02,-8.646482686910979965e+01
4.669268437499999891e+02,-9.083940230005852356e+01
4.669271367187500346e+02,-8.899221570137443393e+01
4.669274296875000232e+02,-8.640683424073927199e+01
4.669277226562500118e+02,-8.727025923963972787e+01
4.669280156250000005e+02,-1.029276285738616394e+02
4.669283085937499891e+02,-9.297594544739507683e+01
4.669286015625000346e+02,-8.695476819584065709e+01
4.669288945312500232e+02,-9.076527336618087816e+01
4.669291875000000118e+02,-9.609925655823298030e+01
4.669294804687500005e+02,-9.026329345319524577e+01
4.669297734374999891e+02,-9.747541280261950192e+01
4.669300664062500346e+02,-8.758652679908230709e+01
4.669303593750000232e+02,-8.764599010448819172e+01
4.669306523437500118e+02,-9.067629767663456164e+01
4.669309453125000005e+02,-9.779784004314697654e+01
4.669312382812499891e+02,-1.043738486139819912e+02
4.669315312500000346e+02,-9.055189911405045677e+01
4.669318242187500232e+02,-9.226633286502469389e+01
4.669321171875000118e+02,-1.042727548545924208e+02
4.669324101562500005e+02,-9.524195195918443346e+01
4.669327031249999891e+02,-8.986423201362606505e+01
4.669329960937500346e+02,-9.311917676048709325e+01
4.669332890625000232e+02,-9.169568756631204565e+01
4.669335820312500118e+02,-9.662447223750979219e+01
4.669338750000000005e+02,-8.772335019625495534e+01
4.669341679687499891e+02,-8.653522163516683463e+01
4.669344609375000346e+02,-9.557155140454852926e+01
4.669347539062500232e+02,-9.977505788323261982e+01
4.669350468750000118e+02,-9.170488313605159192e+01
4.669353398437500005e+02,-8.777027896315972555e+01
4.669356328124999891e+02,-9.191408843953688290e+01
4.669359257812500346e+02,-9.033805192348833657e+01
4.669362187500000232e+02,-8.762131971293010224e+01
4.669365117187500118e+02,-9.149429512639100892e+01
4.669368046875000005e+02,-9.170679568416737482e+01
4.669370976562499891e+02,-8.895542393341466436e+01
4.669373906250000346e+02,-9.916785355949369318e+01
4.669376835937500232e+02,-9.438625024854744083e+01
4.669379765625000118e+02,-9.329799210439423973e+01
4.669382695312500005e+02,-8.793523554520349705e+01
4.669385624999999891e+02,-8.711162364573682737e+01
4.669388554687500346e+02,-8.896393666301877090e+01
4.669391484375000232e+02,-9.072643764949577871e+01
4.669394414062500118e+02,-8.791740014638448031e+01
4.669397343750000005e+02,-9.139287917134913641e+01
4.669400273437499891e+02,-9.189441257269579921e+01
4.669403203125000346e+02,-9.616348500244305342e+01
4.669406132812500232e+02,-9.526338535281203690e+01
4.669409062500000118e+02,-8.886951481106561346e+01
4.669411992187500005e+02,-9.047820354598701442e+01
4.669414921874999891e+02,-9.384431369142468782e+01
4.669417851562500346e+02,-9.888934143552999956e+01
4.669420781250000232e+02,-8.734231208890383868e+01
4.669423710937500118e+02,-8.433428195437309682e+01
4.669426640625000005e+02,-9.408370830519844219e+01
4.669429570312499891e+02,-9.382203649778452359e+01
4.669432500000000346e+02,-8.849338898069625259e+01
4.669435429687500232e+02,-9.395012860891363005e+01
4.669438359375000118e+02,-9.222952641062954626e+01
4.669441289062500005e+02,-9.646711294375494106e+01
4.669444218749999891e+02,-8.504936723251140052e+01
4.669447148437500346e+02,-8.442994313663686512e+01
4.669450078125000232e+02,-9.505528066158328215e+01
4.669453007812500118e+02,-8.974903247765450942e+01
4.669455937500000005e+02,-8.796787027535430070e+01
4.669458867187499891e+02,-8.983327959619685998e+01
4.669461796875000346e+02,-8.675349379975754971e+01
4.669464726562500232e+02,-8.744232380503872548e+01
4.669467656250000118e+02,-8.801934491521623727e+01
4.669470585937500005e+02,-9.290594423439132754e+01
4.669473515624999891e+02,-1.010109120762753321e+02
4.669476445312500346e+02,-9.606646293435845507e+01
4.669479375000000232e+02,-9.042799346514522085e+01
4.669482304687500118e+02,-9.733965816981020680e+01
4.669485234375000005e+02,-8.452586112847286870e+01
4.669488164062499891e+02,-8.438708473937425936e+01
4.669491093750000346e+02,-9.119881668931027718e+01
4.669494023437500232e+02,-9.502004433563638486e+01
4.669496953125000118e+02,-8.893050575005463543e+01
4.669499882812500005e+02,-9.462549330775701151e+01
4.669502812499999891e+02,-9.765603629939720065e+01
4.669505742187500346e+02,-8.917161557491911594e+01
4.669508671875000232e+02,-8.266898763983860476e+01
4.669511601562500118e+02,-8.377188538888299263e+01
4.669514531250000005e+02,-9.062296395268057836e+01
4.669517460937499891e+02,-9.134490417815653984e+01
4.669520390625000346e+02,-8.596559782485947210e+01
4.669523320312500232e+02,-8.741767997265125700e+01
4.669526250000000118e+02,-8.722370457705075353e+01
4.669529179687500005e+02,-8.407564305262894777e+01
4.669532109374999891e+02,-8.445354182409333532e+01
4.669535039062500346e+02,-8.396793125991850104e+01
4.669537968750000232e+02,-8.670877415890124951e+01
4.669540898437500118e+02,-1.105420496668997430e+02
4.669543828125000005e+02,-8.740646892268128454e+01
4.669546757812499891e+02,-8.482689025571121988e+01
4.669549687500000346e+02,-8.673567804065791620e+01
4.669552617187500232e+02,-8.254338933807619583e+01
4.669555546875000118e+02,-8.991678315814087341e+01
4.669558476562500005e+02,-8.839043878543050425e+01
4.669561406249999891e+02,-8.235514084649851441e+01
4.669564335937500346e+02,-8.607706551514304749e+01
4.669567265625000232e+02,-8.968990826701052299e+01
4.669570195312500118e+02,-8.710342145760883170e+01
4.669573125000000005e+02,-9.161380804141037970e+01
4.669576054687499891e+02,-8.163667839476997301e+01
4.669578984375000346e+02,-8.778174129446645679e+01
4.669581914062500232e+02,-8.670672969938294727e+01
4.669584843750000118e+02,-8.317257696825319613e+01
4.669587773437500005e+02,-8.578586916136447371e+01
4.669590703124999891e+02,-1.027017223739552918e+02
4.669593632812500346e+02,-8.889987793601859778e+01
4.669596562500000232e+02,-9.232414900139045244e+01
4.669599492187500118e+02,-9.180907393854192833e+01
4.669602421875000005e+02,-1.012185910879666153e+02
4.669605351562499891e+02,-8.655095106309582320e+01
4.669608281250000346e+02,-8.120843961953158896e+01
4.669611210937500232e+02,-8.272318910656763080e+01
4.669614140625000118e+02,-8.442288334680844741e+01
4.669617070312500005e+02,-8.757159932186850426e+01
4.669619999999999891e+02,-9.082869395361254305e+01
4.669622929687500346e+02,-9.710468478980659768e+01
4.669625859375000232e+02,-9.092377405480606001e+01
4.669628789062500118e+02,-8.467223656651447072e+01
4.669631718750000005e+02,-8.267633644673998106e+01
4.669634648437499891e+02,-8.654415979512546642e+01
4.669637578125000346e+02,-8.416540767428747927e+01
4.669640507812500232e+02,-8.330492087288847358e+01
4.669643437500000118e+02,-8.132364597561895891e+01
4.669646367187500005e+02,-8.752448511825463129e+01
4.669649296874999891e+02,-8.525948379706170499e+01
4.669652226562500346e+02,-8.420501245086768449e+01
4.669655156250000232e+02,-8.718786717886837323e+01
4.669658085937500118e+02,-9.038311105757655639e+01
4.669661015625000005e+02,-8.799433202831389167e+01
4.669663945312499891e+02,-8.290596914831564845e+01
4.669666875000000346e+02,-8.359142082981969679e+01
4.669669804687500232e+02,-8.689405138513603788e+01
4.669672734375000118e+02,-8.393203344247076814e+01
4.669675664062500005e+02,-8.271571177271353292e+01
4.669678593749999891e+02,-8.322903545746449083e+01
4.669681523437500346e+02,-9.485501211919499553e+01
4.669684453125000232e+02,-1.017496244848607603e+02
4.669687382812500118e+02,-8.433400071805031928e+01
4.669690312500000005e+02,-8.334720046948109484e+01
4.669693242187499891e+02,-9.127912973782285633e+01
4.669696171875000346e+02,-9.498206481708946569e+01
4.669699101562500232e+02,-8.759636291800346442e+01
4.669702031250000118e+02,-8.725152207757511746e+01
4.669704960937500005e+02,-9.224914098785374961e+01
4.669707890624999891e+02,-9.266989543082382852e+01
4.669710820312500346e+02,-9.089767711272209283e+01
4.669713750000000232e+02,-9.664964794325065611e+01
4.669716679687500118e+02,-9.932134794588381510e+01
4.669719609375000005e+02,-1.223629913557906121e+02
4.669722539062499891e+02,-9.173145481421903469e+01
4.669725468750000346e+02,-8.410491983492640600e+01
4.669728398437500232e+02,-8.658716235134257033e+01
4.669731328125000118e+02,-1.000553902174422944e+02
4.669734257812500005e+02,-8.610474432950206847e+01
4.669737187499999891e+02,-8.178467265182882784e+01
4.669740117187500346e+02,-9.447910042422213905e+01
4.669743046875000232e+02,-8.693491524719678409e+01
4.669745976562500118e+02,-8.967795751818428585e+01
4.669748906250000005e+02,-9.433085205429144082e+01
4.669751835937499891e+02,-8.673641340348451934e+01
4.669754765625000346e+02,-8.668701874210654523e+01
4.669757695312500232e+02,-8.700373362304013369e+01
4.669760625000000118e+02,-9.337228397322869000e+01
4.669763554687500005e+02,-9.153443472917987833e+01
4.669766484374999891e+02,-8.273676332093614860e+01
4.669769414062500346e+02,-8.153182691305362084e+01
4.669772343750000232e+02,-8.476387319352129168e+01
4.669775273437500118e+02,-9.111743336248345315e+01
4.669778203125000005e+02,-1.003777799634789858e+02
4.669781132812499891e+02,-9.222789170934747460e+01
4.669784062500000346e+02,-9.339670212251471071e+01
4.669786992187500232e+02,-8.658296368161745704e+01
4.669789921875000118e+02,-8.395339536977523665e+01
4.669792851562500005e+02,-8.629785301347757809e+01
4.669795781249999891e+02,-9.380937758557826101e+01
4.669798710937500346e+02,-1.101312873446765508e+02
4.669801640625000232e+02,-9.447412171463366803e+01
4.669804570312500118e+02,-1.299044486253912396e+02
4.669807500000000005e+02,-9.252160502528872144e+01
4.669810429687499891e+02,-1.000931580298206001e+02
4.669813359375000346e+02,-9.368570490607213230e+01
4.669816289062500232e+02,-9.643363111373841434e+01
4.669819218750000118e+02,-8.633439004519766513e+01
4.669822148437500005e+02,-8.857747655927651920e+01
4.669825078124999891e+02,-9.198264441184862505e+01
4.669828007812500346e+02,-8.959403334251959450e+01
4.669830937500000232e+02,-9.012265186926276783e+01
4.669833867187500118e+02,-8.888282077053881380e+01
4.669836796875000005e+02,-8.563047146542629662e+01
4.669839726562499891e+02,-9.470401027429952023e+01
4.669842656250000346e+02,-8.326508954813654384e+01
4.669845585937500232e+02,-8.557519196517577598e+01
4.669848515625000118e+02,-8.514136904502026937e+01
4.669851445312500005e+02,-8.952740219713128056e+01
4.669854374999999891e+02,-9.763191814551825587e+01
4.669857304687500346e+02,-9.154633204647488753e+01
4.669860234375000232e+02,-8.905135424077919026e+01
4.669863164062500118e+02,-8.716396857111061536e+01
4.669866093750000005e+02,-8.233472252230639299e+01
4.669869023437499891e+02,-8.305463647105833047e+01
4.669871953125000346e+02,-8.848461399737416855e+01
4.669874882812500232e+02,-9.244742803086553806e+01
4.669877812500000118e+02,-1.118327168907073741e+02
4.669880742187500005e+02,-8.409516228368025281e+01
4.669883671874999891e+02,-8.571490804212183434e+01
4.669886601562500346e+02,-8.803957442229558694e+01
4.669889531250000232e+02,-8.642068317646550213e+01
4.669892460937500118e+02,-8.761061752419578852e+01
4.669895390625000005e+02,-8.946176364866343533e+01
4.669898320312499891e+02,-8.782000255361354846e+01
4.669901250000000346e+02,-8.976794119359716717e+01
4.669904179687500232e+02,-9.160676325522891261e+01
4.669907109375000118e+02,-9.314581420918982246e+01
4.669910039062500005e+02,-9.530713393484312235e+01
4.669912968749999891e+02,-8.620785429335505512e+01
4.669915898437500346e+02,-8.618254305096732537e+01
4.669918828125000232e+02,-8.545629012888863940e+01
4.669921757812500118e+02,-8.243356128210037070e+01
4.669924687500000005e+02,-9.142091897799943467e+01
4.669927617187499891e+02,-8.886407057966708578e+01
4.669930546875000346e+02,-9.484604821757584148e+01
4.669933476562500232e+02,-8.571427958599186070e+01
4.669936406250000118e+02,-8.414644901631241680e+01
4.669939335937500005e+02,-8.462783286901523638e+01
4.669942265624999891e+02,-8.979673441673803325e+01
4.669945195312500346e+02,-8.794600398396057983e+01
4.669948125000000232e+02,-9.119384903125806829e+01
4.669951054687500118e+02,-9.383505930082583291e+01
4.669953984375000005e+02,-9.699623296420077168e+01
4.669956914062499891e+02,-9.106579927072445457e+01
4.669959843750000346e+02,-8.996876039587650098e+01
4.669962773437500232e+02,-8.484341256954954247e+01
4.669965703125000118e+02,-8.574220718685451459e+01
4.669968632812500005e+02,-8.509757421916800979e+01
4.669971562499999891e+02,-8.791578700104140864e+01
4.669974492187500346e+02,-8.540142135525061917e+01
4.669977421875000232e+02,-8.622957146152961627e+01
4.669980351562500118e+02,-9.720768081073897804e+01
4.669983281250000005e+02,-9.135900177553384083e+01
4.669986210937499891e+02,-9.749922726589196031e+01
4.669989140625000346e+02,-9.098737037109904691e+01
4.669992070312500232e+02,-8.566149784272455747e+01
4.669995000000000118e+02,-8.539393809388577949e+01
4.669997929687500005e+02,-8.211345184392342844e+01
4.670000859374999891e+02,-8.403169368167120012e+01
4.670003789062500346e+02,-8.547464485750730034e+01
4.670006718750000232e+02,-8.597089138462806091e+01
4.670009648437500118e+02,-9.135930584217291539e+01
4.670012578125000005e+02,-9.762332970305143931e+01
4.670015507812499891e+02,-8.288221412063533933e+01
4.670018437500000346e+02,-8.123743951130603591e+01
4.670021367187500232e+02,-8.329995188503500003e+01
4.670024296875000118e+02,-9.198129544972998417e+01
4.670027226562500005e+02,-8.563364448491385872e+01
4.670030156249999891e+02,-8.684364735749100817e+01
4.670033085937500346e+02,-1.023279771272566734e+02
4.670036015625000232e+02,-9.933982411210067198e+01
4.670038945312500118e+02,-9.144589537270299218e+01
4.670041875000000005e+02,-8.582361415893920764e+01
4.670044804687499891e+02,-8.757009860202728646e+01
4.670047734375000346e+02,-8.934032189243667688e+01
4.670050664062500232e+02,-9.649816096266194165e+01
4.670053593750000118e+02,-9.968040105057097833e+01
4.670056523437500005e+02,-1.064814628758917792e+02
4.670059453124999891e+02,-1.089268751707884917e+02
4.670062382812500346e+02,-9.575368733786511655e+01
4.670065312500000232e+02,-8.635643311716565051e+01
4.670068242187500118e+02,-8.647338000929158852e+01
4.670071171875000005e+02,-9.009301355702999103e+01
4.670074101562499891e+02,-9.095477540624145263e+01
4.670077031250000346e+02,-9.351335772859718531e+01
4.670079960937500232e+02,-8.949582647510128197e+01
4.670082890625000118e+02,-9.336839200175865017e+01
4.670085820312500005e+02,-1.024908406434284558e+02
4.670088749999999891e+02,-8.995339207534360071e+01
4.670091679687500346e+02,-8.734839834611300091e+01
4.670094609375000232e+02,-9.297252654268943672e+01
4.670097539062500118e+02,-9.530248317813517644e+01
4.670100468750000005e+02,-9.359828043826020405e+01
4.670103398437499891e+02,-8.780463096833076975e+01
4.670106328125000346e+02,-9.579200144118377125e+01
4.670109257812500232e+02,-9.456460712570626015e+01
4.670112187500000118e+02,-9.563661993085688096e+01
4.670115117187500005e+02,-9.270788039294274085e+01
4.670118046874999891e+02,-9.124354261338424976e+01
4.670120976562500346e+02,-8.992638586747779073e+01
4.670123906250000232e+02,-8.536149718113219365e+01
4.670126835937500118e+02,-8.487998490060620327e+01
4.670129765625000005e+02,-9.208283366214465104e+01
4.670132695312499891e+02,-9.490967824125547736e+01
4.670135625000000346e+02,-9.051278181878902274e+01
4.670138554687500232e+02,-9.334215570144614560e+01
4.670141484375000118e+02,-8.971952585709389894e+01
4.670144414062500005e+02,-1.000127536417039806e+02
4.670147343749999891e+02,-9.180077965347891222e+01
4.670150273437500346e+02,-9.444143397697111197e+01
4.670153203125000232e+02,-9.050551471446328833e+01
4.670156132812500118e+02,-9.441146823563090607e+01
4.670159062500000005e+02,-8.803308168764500863e+01
4.670161992187499891e+02,-8.633634742655470973e+01
4.670164921875000346e+02,-1.084685200378573597e+02
4.670167851562500232e+02,-8.589093393393908116e+01
4.670170781250000118e+02,-8.724095158427704177e+01
4.670173710937500005e+02,-1.044192562788017966e+02
4.670176640624999891e+02,-8.465814006326715457e+01
4.670179570312500346e+02,-8.628635722223381777e+01
4.670182500000000232e+02,-9.338375008495661689e+01
4.670185429687500118e+02,-8.677284532204035372e+01
4.670188359375000005e+02,-9.721424526546194045e+01
4.670191289062499891e+02,-8.835142351773264124e+01
4.670194218750000346e+02,-8.524956703063824648e+01
4.670197148437500232e+02,-9.572025791351586577e+01
4.670200078125000118e+02,-8.572472149237867711e+01
4.670203007812500005e+02,-8.403746110125182156e+01
4.670205937499999891e+02,-9.179176818857483511e+01
4.670208867187500346e+02,-9.088784222621993081e+01
4.670211796875000232e+02,-8.604173302865179096e+01
4.670214726562500118e+02,-8.966229519519352209e+01
4.670217656250000005e+02,-8.803822290119663307e+01
4.670220585937499891e+02,-8.926431628961194065e+01
4.670223515625000346e+02,-8.432299103773797810e+01
4.670226445312500232e+02,-8.564994229900626976e+01
4.670229375000000118e+02,-8.874947926474420967e+01
4.670232304687500005e+02,-8.540631399362128207e+01
4.670235234374999891e+02,-9.089638002687499352e+01
4.670238164062500346e+02,-9.242765524602870642e+01
4.670241093750000232e+02,-9.276499832987690297e+01
4.670244023437500118e+02,-8.730712899674593075e+01
4.670246953125000005e+02,-9.031832200877543926e+01
4.670249882812499891e+02,-9.653907872102514887e+01
4.670252812500000346e+02,-8.825618537068434932e+01
4.670255742187500232e+02,-8.379052209441522336e+01
4.670258671875000118e+02,-8.817484421674150497e+01
4.670261601562500005e+02,-9.146963614252824470e+01
4.670264531249999891e+02,-8.920888129587817161e+01
4.670267460937500346e+02,-8.937821342629356991e+01
4.670270390625000232e+02,-8.984587860210753263e+01
4.670273320312500118e+02,-8.865202485690724643e+01
4.670276250000000005e+02,-8.760386985456761977e+01
4.670279179687499891e+02,-8.671789922041281784e+01
4.670282109375000346e+02,-1.098392935114485027e+02
4.670285039062500232e+02,-9.084030566117489514e+01
4.670287968750000118e+02,-8.581587486894926542e+01
4.670290898437500005e+02,-8.530979250683574833e+01
4.670293828124999891e+02,-8.488957491939174815e+01
4.670296757812500346e+02,-8.212540916806183589e+01
4.670299687500000232e+02,-8.406711171328716148e+01
4.670302617187500118e+02,-8.900768573402191919e+01
4.670305546875000005e+02,-9.612578988356872856e+01
4.670308476562499891e+02,-8.485298903927252923e+01
4.670311406250000346e+02,-8.601269415329689139e+01
4.670314335937500232e+02,-9.502344055006192036e+01
4.670317265625000118e+02,-8.864388431245004085e+01
4.670320195312500005e+02,-8.462570992819692606e+01
4.670323124999999891e+02,-8.874638280311404515e+01
4.670326054687500346e+02,-9.658648004181821989e+01
4.670328984375000232e+02,-9.204118630462792794e+01
4.670331914062500118e+02,-8.579362089803225899e+01
4.670334843750000005e+02,-8.851264131718656358e+01
4.670337773437499891e+02,-9.549615407532313327e+01
4.670340703125000346e+02,-8.957094626582320984e+01
4.670343632812500232e+02,-8.718130250047127561e+01
4.670346562500000118e+02,-9.160368926765174535e+01
4.670349492187500005e+02,-9.090984414037144745e+01
4.670352421874999891e+02,-9.424973689196114890e+01
4.670355351562500346e+02,-9.447108431764392833e+01
4.670358281250000232e+02,-8.736525053459547507e+01
4.670361210937500118e+02,-8.506459273790470377e+01
4.670364140625000005e+02,-9.157143054786196501e+01
4.670367070312499891e+02,-9.236361660620572422e+01
4.670370000000000346e+02,-9.238283940443351128e+01
4.670372929687500232e+02,-1.146286105512956510e+02
4.670375859375000118e+02,-8.746796751078807119e+01
4.670378789062500005e+02,-8.725064610370120022e+01
4.670381718749999891e+02,-8.980169959895839327e+01
4.670384648437500346e+02,-9.154735427911489865e+01
4.670387578125000232e+02,-9.342076173744331413e+01
4.670390507812500118e+02,-8.962073966780073420e+01
4.670393437500000005e+02,-8.625424808687068889e+01
4.670396367187499891e+02,-9.191793384053939064e+01
4.670399296875000346e+02,-9.285222313549559203e+01
4.670402226562500232e+02,-8.904242864973090832e+01
4.670405156250000118e+02,-8.389548775178737117e+01
4.670408085937500005e+02,-8.497455394719095523e+01
4.670411015624999891e+02,-8.885708365283102239e+01
4.670413945312500346e+02,-1.003486899389990441e+02
4.670416875000000232e+02,-8.828397413584082187e+01
4.670419804687500118e+02,-9.492246680256590707e+01
4.670422734375000005e+02,-8.835227478073383622e+01
4.670425664062499891e+02,-8.239331646109815210e+01
4.670428593750000346e+02,-8.372931809505627143e+01
4.670431523437500232e+02,-9.166751389189110455e+01
4.670434453125000118e+02,-8.874845532792181757e+01
4.670437382812500005e+02,-9.926048098994472468e+01
4.670440312499999891e+02,-9.283478732876490369e+01
4.670443242187500346e+02,-9.560766569526492731e+01
4.670446171875000232e+02,-8.587161465243670477e+01
4.670449101562500118e+02,-8.962718045948338386e+01
4.670452031250000005e+02,-9.093899978437352161e+01
4.670454960937499891e+02,-9.171494844496157839e+01
4.670457890625000346e+02,-8.796446346948847861e+01
4.670460820312500232e+02,-8.420370879888075422e+01
4.670463750000000118e+02,-8.869400745231887129e+01
4.670466679687500005e+02,-8.699431398026814577e+01
4.670469609374999891e+02,-8.532063090089822310e+01
4.670472539062500346e+02,-9.048961944470383401e+01
4.670475468750000232e+02,-9.056926513768716802e+01
4.670478398437500118e+02,-9.711420704090545541e+01
4.670481328125000005e+02,-9.488978511881293798e+01
4.670484257812499891e+02,-9.474167925161337678e+01
4.670487187500000346e+02,-9.171106139725245043e+01
4.670490117187500232e+02,-8.419303393351066234e+01
4.670493046875000118e+02,-8.915831181338610634e+01
4.670495976562500005e+02,-9.395017308319737026e+01
4.670498906249999891e+02,-8.908837667156531381e+01
4.670501835937500346e+02,-8.352158052606503702e+01
4.670504765625000232e+02,-8.398122764612674018e+01
4.670507695312500118e+02,-8.903331620652036804e+01
4.670510625000000005e+02,-9.142175278177194286e+01
4.670513554687499891e+02,-9.284984447581027212e+01
4.670516484375000346e+02,-8.883571155154228904e+01
4.670519414062500232e+02,-8.506699450164771292e+01
4.670522343750000118e+02,-8.298256661700045811e+01
4.670525273437500005e+02,-8.404534211338030048e+01
4.670528203124999891e+02,-8.600868684043142309e+01
4.670531132812500346e+02,-9.488071175208581565e+01
4.670534062500000232e+02,-9.695776040703897536e+01
4.670536992187500118e+02,-9.425699353526661639e+01
4.670539921875000005e+02,-8.852709417198481390e+01
4.670542851562499891e+02,-8.578891256298621215e+01
4.670545781250000346e+02,-8.933353226150993009e+01
4.670548710937500232e+02,-1.055899661683481270e+02
4.670551640625000118e+02,-8.578481889401666649e+01
4.670554570312500005e+02,-8.578747894883238700e+01
4.670557499999999891e+02,-8.466371896289244603e+01
4.670560429687500346e+02,-8.791310858062411171e+01
4.670563359375000232e+02,-9.558763183901001526e+01
4.670566289062500118e+02,-9.172887353472711425e+01
4.670569218750000005e+02,-8.914158380446464491e+01
4.670572148437499891e+02,-8.634460997017373529e+01
4.670575078125000346e+02,-9.364091357782334057e+01
4.670578007812500232e+02,-8.849874045968583403e+01
4.670580937500000118e+02,-8.962516436075344473e+01
4.670583867187500005e+02,-8.822226891196665122e+01
4.670586796874999891e+02,-9.063490472834344303e+01
4.670589726562500346e+02,-9.825959581637262374e+01
4.670592656250000232e+02,-9.722582290158969442e+01
4.670595585937500118e+02,-8.633749929030938119e+01
4.670598515625000005e+02,-8.913030777127414694e+01
4.670601445312499891e+02,-8.947405704574207164e+01
4.670604375000000346e+02,-8.738927034401585558e+01
4.670607304687500232e+02,-8.582379228594481901e+01
4.670610234375000118e+02,-8.295870048723813284e+01
4.670613164062500005e+02,-8.467446432893939345e+01
4.670616093749999891e+02,-9.034062136808572063e+01
4.670619023437500346e+02,-8.373126293702604528e+01
4.670621953125000232e+02,-8.171393633222987773e+01
4.670624882812500118e+02,-8.631946413325913170e+01
4.670627812500000005e+02,-9.652800333442633018e+01
4.670630742187499891e+02,-1.042333316611354803e+02
4.670633671875000346e+02,-8.791873512837960902e+01
4.670636601562500232e+02,-8.549310406902452542e+01
4.670639531250000118e+02,-8.846428795338228213e+01
4.670642460937500005e+02,-8.752213441154880513e+01
4.670645390624999891e+02,-8.675033324071407037e+01
4.670648320312500346e+02,-8.985290073419312762e+01
4.670651250000000232e+02,-9.325496277448021942e+01
4.670654179687500118e+02,-9.027140430830525020e+01
4.670657109375000005e+02,-8.437529378631673183e+01
4.670660039062499891e+02,-8.678785732765412320e+01
4.670662968750000346e+02,-8.868643394029193416e+01
4.670665898437500232e+02,-8.545833935741269727e+01
4.670668828125000118e+02,-8.552464028312128619e+01
4.670671757812500005e+02,-9.349403968316430280e+01
4.670674687499999891e+02,-8.735833987326087424e+01
4.670677617187500346e+02,-8.262356273396278539e+01
4.670680546875000232e+02,-8.405079177252331135e+01
4.670683476562500118e+02,-8.665034537981478024e+01
4.670686406250000005e+02,-9.670453271553506625e+01
4.670689335937499891e+02,-8.907998371549696515e+01
4.670692265625000346e+02,-8.575846136043566048e+01
4.670695195312500232e+02,-9.072949901488729552e+01
4.670698125000000118e+02,-8.752539254010231673e+01
4.670701054687500005e+02,-8.097222926932970211e+01
4.670703984374999891e+02,-8.026515014666209424e+01
4.670706914062500346e+02,-8.205200183903980360e+01
4.670709843750000232e+02,-9.564325307035950630e+01
4.670712773437500118e+02,-8.878139302948868306e+01
4.670715703125000005e+02,-1.050381751795900414e+02
4.670718632812499891e+02,-1.010573464444044731e+02
4.670721562500000346e+02,-9.817162682290700104e+01
4.670724492187500232e+02,-9.006396093109933076e+01
4.670727421875000118e+02,-8.499237888472518421e+01
4.670730351562500005e+02,-8.205871910100809430e+01
4.670733281249999891e+02,-8.509371964653057319e+01
4.670736210937500346e+02,-8.461566205583140743e+01
4.670739140625000232e+02,-8.950240895524885332e+01
4.670742070312500118e+02,-9.277673866521057278e+01
4.670745000000000005e+02,-9.183778468018779506e+01
4.670747929687499891e+02,-9.796700882011668909e+01
4.670750859375000346e+02,-1.084989167539079347e+02
4.670753789062500232e+02,-9.404989176847011834e+01
4.670756718750000118e+02,-9.144090635431935254e+01
4.670759648437500005e+02,-1.055606084097161812e+02
4.670762578124999891e+02,-8.824343955629161940e+01
4.670765507812500346e+02,-9.722676458825290524e+01
4.670768437500000232e+02,-9.340722072288359357e+01
4.670771367187500118e+02,-9.013240275085621533e+01
4.670774296875000005e+02,-8.587463042098823962e+01
4.670777226562499891e+02,-8.909162745183253662e+01
4.670780156250000346e+02,-8.431705722183701823e+01
4.670783085937500232e+02,-8.440438020186341816e+01
4.670786015625000118e+02,-8.558041445444933970e+01
4.670788945312500005e+02,-8.814743891271861287e+01
4.670791874999999891e+02,-9.618005801900250162e+01
4.670794804687500346e+02,-9.698439795692354437e+01
4.670797734375000232e+02,-8.790675242956551472e+01
4.670800664062500118e+02,-9.550071407815984514e+01
4.670803593750000005e+02,-9.127066366295728983e+01
4.670806523437499891e+02,-8.974491251556329985e+01
4.670809453125000346e+02,-9.021129015039295496e+01
4.670812382812500232e+02,-8.981068264929382394e+01
4.670815312500000118e+02,-9.864529875839907902e+01
4.670818242187500005e+02,-9.415420504430559845e+01
4.670821171874999891e+02,-9.136362359792279619e+01
4.670824101562500346e+02,-9.955108708833472519e+01
4.670827031250000232e+02,-1.000991133368255106e+02
4.670829960937500118e+02,-9.418922136977673176e+01
4.670832890625000005e+02,-9.453825288073504396e+01
4.670835820312499891e+02,-1.120492056767249522e+02
4.670838750000000346e+02,-9.293585422528850870e+01
4.670841679687500232e+02,-8.883218687477705089e+01
4.670844609375000118e+02,-9.634162146825177331e+01
4.670847539062500005e+02,-8.956599103193261158e+01
4.670850468749999891e+02,-9.393320725232101154e+01
4.670853398437500346e+02,-9.108836405417986271e+01
4.670856328125000232e+02,-8.529954633235158212e+01
4.670859257812500118e+02,-9.251162073654514018e+01
4.670862187500000005e+02,-8.383893641473918024e+01
4.670865117187499891e+02,-8.502426202558554280e+01
4.670868046875000346e+02,-8.649778045169395568e+01
4.670870976562500232e+02,-9.074943360197140407e+01
4.670873906250000118e+02,-8.697625799730451490e+01
4.670876835937500005e+02,-8.630457267256686293e+01
4.670879765624999891e+02,-8.258994113203146981e+01
4.670882695312500346e+02,-8.178108452825922825e+01
4.670885625000000232e+02,-9.991366055278112412e+01
4.670888554687500118e+02,-9.587109933637506742e+01
4.670891484375000005e+02,-9.526141991733442183e+01
4.670894414062499891e+02,-8.859869412703798730e+01
4.670897343750000346e+02,-9.649572327006342221e+01
4.670900273437500232e+02,-9.644757556633776119e+01
4.670903203125000118e+02,-9.526701878728557915e+01
4.670906132812500005e+02,-9.733385322163420028e+01
4.670909062499999891e+02,-8.037455827437916867e+01
4.670911992187500346e+02,-7.676727627429477252e+01
4.670914921875000232e+02,-8.638854863759478064e+01
4.670917851562500118e+02,-1.194995786166894334e+02
4.670920781250000005e+02,-9.996451650588647908e+01
4.670923710937499891e+02,-9.314429296935848868e+01
4.670926640625000346e+02,-8.331896563202994344e+01
4.670929570312500232e+02,-9.518502225438403741e+01
4.670932500000000118e+02,-9.496403228773822036e+01
4.670935429687500005e+02,-9.282911389951695469e+01
4.670938359374999891e+02,-8.287983525906082605e+01
4.670941289062500346e+02,-8.508698155276297825e+01
4.670944218750000232e+02,-9.464284904749192151e+01
4.670947148437500118e+02,-8.128814080058967306e+01
4.670950078125000005e+02,-8.967205042127461923e+01
4.670953007812499891e+02,-9.027356882698684615e+01
4.670955937500000346e+02,-9.292623250334708018e+01
4.670958867187500232e+02,-8.299593019187111054e+01
4.670961796875000118e+02,-9.637194147204574790e+01
4.670964726562500005e+02,-1.042996255936202488e+02
4.670967656249999891e+02,-8.880146683725570256e+01
4.670970585937500346e+02,-8.526573979202801468e+01
4.670973515625000232e+02,-9.109607425977583262e+01
4.670976445312500118e+02,-8.674738837797535496e+01
4.670979375000000005e+02,-9.122392280370944206e+01
4.670982304687499891e+02,-8.358820633550377011e+01
4.670985234375000346e+02,-9.168679476158877151e+01
4.670988164062500232e+02,-9.222780161060045145e+01
4.670991093750000118e+02,-9.400411103484231035e+01
4.670994023437500005e+02,-8.383472238758392336e+01
4.670996953124999891e+02,-8.226296500833399250e+01
4.670999882812500346e+02,-8.824634235270497129e+01
4.671002812500000232e+02,-8.630052060672974790e+01
4.671005742187500118e+02,-8.456423636554259815e+01
4.671008671875000005e+02,-9.112504075048369145e+01
4.671011601562499891e+02,-8.550932861352615078e+01
4.671014531250000346e+02,-8.934270952939159827e+01
4.671017460937500232e+02,-9.399316795779589029e+01
4.671020390625000118e+02,-8.434966316872208836e+01
4.671023320312500005e+02,-8.180454460894119961e+01
4.671026249999999891e+02,-8.162451537119595457e+01
4.671029179687500346e+02,-8.251450643854440159e+01
4.671032109375000232e+02,-8.782299447456553310e+01
4.671035039062500118e+02,-9.227999844180870070e+01
4.671037968750000005e+02,-9.451009020938870719e+01
4.671040898437499891e+02,-9.415395146621577283e+01
4.671043828125000346e+02,-8.914279521044099397e+01
4.671046757812500232e+02,-8.549066886017534728e+01
4.671049687500000118e+02,-8.840110599214609977e+01
4.671052617187500005e+02,-9.089484537200738146e+01
4.671055546874999891e+02,-9.375535700019234753e+01
4.671058476562500346e+02,-9.585243747843935580e+01
4.671061406250000232e+02,-8.685782701969493758e+01
4.671064335937500118e+02,-8.798822565838422349e+01
4.671067265625000005e+02,-9.709680902675997061e+01
4.671070195312499891e+02,-9.942038953834378390e+01
4.671073125000000346e+02,-9.444836793030091826e+01
4.671076054687500232e+02,-9.381017037737319697e+01
4.671078984375000118e+02,-8.513214451309849551e+01
4.671081914062500005e+02,-8.583808427665202601e+01
4.671084843749999891e+02,-8.811081057299189467e+01
4.671087773437500346e+02,-1.036301940900941361e+02
4.671090703125000232e+02,-9.037226494165784629e+01
4.671093632812500118e+02,-8.855182218344580747e+01
4.671096562500000005e+02,-1.093028104610668549e+02
4.671099492187499891e+02,-8.892631095590363088e+01
4.671102421875000346e+02,-8.749292266606316559e+01
4.671105351562500232e+02,-8.563853766296540471e+01
4.671108281250000118e+02,-9.127451325627319534e+01
4.671111210937500005e+02,-9.337100940053262832e+01
4.671114140624999891e+02,-8.313929288849264765e+01
4.671117070312500346e+02,-8.506186767122315473e+01
4.671120000000000232e+02,-9.514930799266562644e+01
4.671122929687500118e+02,-9.230405295733814341e+01
4.671125859375000005e+02,-9.028719681627065086e+01
4.671128789062499891e+02,-8.480153449704856428e+01
4.671131718750000346e+02,-8.522473375487479075e+01
4.671134648437500232e+02,-8.789250444762384973e+01
4.671137578125000118e+02,-8.436169175611304638e+01
4.671140507812500005e+02,-8.781430454809498087e+01
4.671143437499999891e+02,-9.404022668243528926e+01
4.671146367187500346e+02,-8.735575301571067541e+01
4.671149296875000232e+02,-9.835435312064988977e+01
4.671152226562500118e+02,-9.712867928226116021e+01
4.671155156250000005e+02,-9.217690906943865059e+01
4.671158085937499891e+02,-9.209936921790105657e+01
4.671161015625000346e+02,-8.215643530647119519e+01
4.671163945312500232e+02,-8.321057138250844787e+01
4.671166875000000118e+02,-9.788254070346437175e+01
4.671169804687500005e+02,-9.251698787241821265e+01
4.671172734374999891e+02,-9.214427281159851191e+01
4.671175664062500346e+02,-8.909553732376947721e+01
4.671178593750000232e+02,-8.598392963712838366e+01
4.671181523437500118e+02,-8.481298251536918542e+01
4.671184453125000005e+02,-8.854966531811419372e+01
4.671187382812499891e+02,-9.062195126480206397e+01
4.671190312500000346e+02,-9.062800461832333099e+01
4.671193242187500232e+02,-8.724569075470311930e+01
4.671196171875000118e+02,-1.087525860891377363e+02
4.671199101562500005e+02,-9.105441954775048430e+01
4.671202031249999891e+02,-9.828101819978500941e+01
4.671204960937500346e+02,-9.776133903787771828e+01
4.671207890625000232e+02,-8.738094131045535562e+01
4.671210820312500118e+02,-8.607126364686300235e+01
4.671213750000000005e+02,-9.726147421451175035e+01
4.671216679687499891e+02,-8.636772460965589460e+01
4.671219609375000346e+02,-9.592892891972181246e+01
4.671222539062500232e+02,-8.157004333138793584e+01
4.671225468750000118e+02,-7.975209747328008802e+01
4.671228398437500005e+02,-8.137171124648995146e+01
4.671231328124999891e+02,-8.852865035299863905e+01
4.671234257812500346e+02,-9.316559905811949704e+01
4.671237187500000232e+02,-8.799893250485990848e+01
4.671240117187500118e+02,-9.251465479401005609e+01
4.671243046875000005e+02,-9.148051700522286467e+01
4.671245976562499891e+02,-8.783615870454949004e+01
4.671248906250000346e+02,-8.676201284109558287e+01
4.671251835937500232e+02,-8.291481718909938081e+01
4.671254765625000118e+02,-8.653363378041800047e+01
4.671257695312500005e+02,-8.857834639042663127e+01
4.671260624999999891e+02,-8.546305874401136293e+01
4.671263554687500346e+02,-8.953171917511384947e+01
4.671266484375000232e+02,-8.446435723705980081e+01
4.671269414062500118e+02,-8.742960688324906471e+01
4.671272343750000005e+02,-8.728961156243677522e+01
4.671275273437499891e+02,-8.164432083335873358e+01
4.671278203125000346e+02,-8.268055896702236396e+01
4.671281132812500232e+02,-9.102284117984540046e+01
4.671284062500000118e+02,-9.269397246324922435e+01
4.671286992187500005e+02,-9.010997027953192173e+01
4.671289921874999891e+02,-8.776411461426459937e+01
4.671292851562500346e+02,-9.134361917355300875e+01
4.671295781250000232e+02,-9.578900749620190425e+01
4.671298710937500118e+02,-9.216213959940503742e+01
4.671301640625000005e+02,-8.867561445232539086e+01
4.671304570312499891e+02,-9.029745941019655220e+01
4.671307500000000346e+02,-9.941214717806410306e+01
4.671310429687500232e+02,-8.266774715385210470e+01
4.671313359375000118e+02,-8.449820679355232755e+01
4.671316289062500005e+02,-9.287649062136644318e+01
4.671319218749999891e+02,-9.083857138137376808e+01
4.671322148437500346e+02,-8.645380796721059369e+01
4.671325078125000232e+02,-8.530466010764889973e+01
4.671328007812500118e+02,-8.723402475672190803e+01
4.671330937500000005e+02,-8.866385572440036356e+01
4.671333867187499891e+02,-8.813656062896930621e+01
4.671336796875000346e+02,-8.688929578394107978e+01
4.671339726562500232e+02,-8.709160147950606756e+01
4.671342656250000118e+02,-9.789915000970844972e+01
4.671345585937500005e+02,-9.272315040106983020e+01
4.671348515624999891e+02,-8.203225142020492910e+01
4.671351445312500346e+02,-8.635771105245024160e+01
4.671354375000000232e+02,-9.340962189813693328e+01
4.671357304687500118e+02,-8.298677448792943778e+01
4.671360234375000005e+02,-8.455264199831874805e+01
4.671363164062499891e+02,-8.312101590687791486e+01
4.671366093750000346e+02,-8.795244574502777368e+01
4.671369023437500232e+02,-8.806771749315352338e+01
4.671371953125000118e+02,-8.487651448138863941e+01
4.671374882812500005e+02,-9.949987476963444522e+01
4.671377812499999891e+02,-9.026945145591257358e+01
4.671380742187500346e+02,-8.835478559044426561e+01
4.671383671875000232e+02,-8.822839157710896529e+01
4.671386601562500118e+02,-8.864440029574682001e+01
4.671389531250000005e+02,-8.488670121535163560e+01
4.671392460937499891e+02,-9.404117613304268275e+01
4.671395390625000346e+02,-1.031337487113232640e+02
4.671398320312500232e+02,-8.883858012536448712e+01
4.671401250000000118e+02,-8.310765422155807869e+01
4.671404179687500005e+02,-8.303452057334021674e+01
4.671407109374999891e+02,-8.113300383686380712e+01
4.671410039062500346e+02,-8.576077054659509713e+01
4.671412968750000232e+02,-7.995461894175386419e+01
4.671415898437500118e+02,-8.716344003883136793e+01
4.671418828125000005e+02,-9.335481378685923914e+01
4.671421757812499891e+02,-8.816712432569396185e+01
4.671424687500000346e+02,-9.742694149783686441e+01
4.671427617187500232e+02,-9.603634600953594713e+01
4.671430546875000118e+02,-8.151756831760954469e+01
4.671433476562500005e+02,-8.468095639980661815e+01
4.671436406249999891e+02,-8.011789956773509402e+01
4.671439335937500346e+02,-8.572147765474761627e+01
4.671442265625000232e+02,-9.258509173489338195e+01
4.671445195312500118e+02,-8.269227311940665004e+01
4.671448125000000005e+02,-9.155555378526143784e+01
4.671451054687499891e+02,-8.706375479476264445e+01
4.671453984375000346e+02,-9.938315337219754042e+01
4.671456914062500232e+02,-1.021878433030865096e+02
4.671459843750000118e+02,-7.951991347566558943e+01
4.671462773437500005e+02,-8.719783724442632433e+01
4.671465703124999891e+02,-8.808979431753377298e+01
4.671468632812500346e+02,-9.785462456566935430e+01
4.671471562500000232e+02,-9.770556208648228846e+01
4.671474492187500118e+02,-8.914106841736830233e+01
4.671477421875000005e+02,-8.899651765804905779e+01
4.671480351562499891e+02,-8.521652408058182004e+01
4.671483281250000346e+02,-8.565279341748976094e+01
4.671486210937500232e+02,-9.232043520017214178e+01
4.671489140625000118e+02,-9.047677500103964121e+01
4.671492070312500005e+02,-9.188678803143668006e+01
4.671494999999999891e+02,-1.043591370735419588e+02
4.671497929687500346e+02,-1.019409587435109330e+02
4.671500859375000232e+02,-8.987748328697954037e+01
4.671503789062500118e+02,-8.519471822552974061e+01
4.671506718750000005e+02,-8.683977797953920685e+01
4.671509648437499891e+02,-8.920002218780089720e+01
4.671512578125000346e+02,-9.957255770274515783e+01
4.671515507812500232e+02,-9.279448049710478585e+01
4.671518437500000118e+02,-9.244362503210369653e+01
4.671521367187500005e+02,-9.183483481734813836e+01
4.671524296874999891e+02,-9.748905926808548372e+01
4.671527226562500346e+02,-9.285587139721221206e+01
4.671530156250000232e+02,-8.183865180449865306e+01
4.671533085937500118e+02,-8.371342218719487960e+01
4.671536015625000005e+02,-9.059222559818138620e+01
4.671538945312499891e+02,-9.870661222237367838e+01
4.671541875000000346e+02,-9.058933712322728127e+01
4.671544804687500232e+02,-8.629256000825030526e+01
4.671547734375000118e+02,-8.868413565590702774e+01
4.671550664062500005e+02,-9.858091957186371701e+01
4.671553593749999891e+02,-9.054269938034133247e+01
4.671556523437500346e+02,-9.951394652891227111e+01
4.671559453125000232e+02,-8.963845266368450382e+01
4.671562382812500118e+02,-8.066904252391918817e+01
4.671565312500000005e+02,-8.157917210975267608e+01
4.671568242187499891e+02,-9.739899498799358923e+01
4.671571171875000346e+02,-8.729575891455002079e+01
4.671574101562500232e+02,-9.274978531474808108e+01
4.671577031250000118e+02,-9.311624273093023874e+01
4.671579960937500005e+02,-9.602216526182471057e+01
4.671582890624999891e+02,-8.851164064035273782e+01
4.671585820312500346e+02,-9.335130215050071456e+01
4.671588750000000232e+02,-8.700679685743672565e+01
4.671591679687500118e+02,-8.529651488281034233e+01
4.671594609375000005e+02,-8.723246889410233962e+01
4.671597539062499891e+02,-9.481770399444101827e+01
4.671600468750000346e+02,-9.488801330138676349e+01
4.671603398437500232e+02,-8.849224548907500321e+01
4.671606328125000118e+02,-8.799403933169750758e+01
4.671609257812500005e+02,-1.077300699031648321e+02
4.671612187499999891e+02,-9.350337581724676284e+01
4.671615117187500346e+02,-8.567372054507680446e+01
4.671618046875000232e+02,-8.590262198620163758e+01
4.671620976562500118e+02,-8.924355027550669206e+01
4.671623906250000005e+02,-8.390473283846156960e+01
4.671626835937499891e+02,-9.516818294851907467e+01
4.671629765625000346e+02,-8.632269620386233555e+01
4.671632695312500232e+02,-8.651568102519392767e+01
4.671635625000000118e+02,-8.660935456726157611e+01
4.671638554687500005e+02,-8.796493382038983100e+01
4.671641484374999891e+02,-8.813281938504329105e+01
4.671644414062500346e+02,-8.518419275896201270e+01
4.671647343750000232e+02,-8.516671355738182569e+01
4.671650273437500118e+02,-8.959738523341387406e+01
4.671653203125000005e+02,-8.233770418287151927e+01
4.671656132812499891e+02,-8.956120420792368009e+01
4.671659062500000346e+02,-8.721649350517743926e+01
4.671661992187500232e+02,-8.819408531250184069e+01
4.671664921875000118e+02,-9.120552454683715382e+01
4.671667851562500005e+02,-8.532330459678190948e+01
4.671670781249999891e+02,-8.637032813358742089e+01
4.671673710937500346e+02,-8.449976463298474982e+01
4.671676640625000232e+02,-8.608217037045821485e+01
4.671679570312500118e+02,-8.936820541728624789e+01
4.671682500000000005e+02,-9.409887689025745772e+01
4.671685429687499891e+02,-8.664738819197896191e+01
4.671688359375000346e+02,-9.023911293054651139e+01
4.671691289062500232e+02,-8.954774166639124644e+01
4.671694218750000118e+02,-8.913778062386627710e+01
4.671697148437500005e+02,-8.737137543965700104e+01
4.671700078124999891e+02,-8.429680859047968511e+01
4.671703007812500346e+02,-7.934527269504675928e+01
4.671705937500000232e+02,-8.110363715085775027e+01
4.671708867187500118e+02,-9.341754084751606513e+01
4.671711796875000005e+02,-9.436793748834745088e+01
4.671714726562499891e+02,-8.641101034481059173e+01
4.671717656250000346e+02,-8.831209759985287633e+01
4.671720585937500232e+02,-8.801817963475616580e+01
4.671723515625000118e+02,-8.264044328414529161e+01
4.671726445312500005e+02,-8.606691184401330474e+01
4.671729374999999891e+02,-8.748249465656482471e+01
4.671732304687500346e+02,-8.821194534492975947e+01
4.671735234375000232e+02,-9.268083538768904361e+01
4.671738164062500118e+02,-8.805604905434194052e+01
4.671741093750000005e+02,-9.178896138595703746e+01
4.671744023437499891e+02,-9.619933044685114965e+01
4.671746953125000346e+02,-9.169192768238305291e+01
4.671749882812500232e+02,-8.633653158735802435e+01
4.671752812500000118e+02,-8.789803411697945990e+01
4.671755742187500005e+02,-9.794363623459381074e+01
4.671758671874999891e+02,-9.230537911271518681e+01
4.671761601562500346e+02,-8.719191482471580912e+01
4.671764531250000232e+02,-1.092883644550099689e+02
4.671767460937500118e+02,-8.498433333479056273e+01
4.671770390625000005e+02,-9.369105552701618933e+01
4.671773320312499891e+02,-8.442575109623351182e+01
4.671776250000000346e+02,-8.335180723877618902e+01
4.671779179687500232e+02,-8.464172453897128889e+01
4.671782109375000118e+02,-9.010530910807894145e+01
4.671785039062500005e+02,-8.622815269072626165e+01
4.671787968749999891e+02,-8.230305766249591670e+01
4.671790898437500346e+02,-9.064868472548158707e+01
4.671793828125000232e+02,-8.531958335961417106e+01
4.671796757812500118e+02,-8.268970589364792545e+01
4.671799687500000005e+02,-8.246935096604744331e+01
4.671802617187499891e+02,-8.529359948161307159e+01
4.671805546875000346e+02,-9.350674887474694685e+01
4.671808476562500232e+02,-9.568805367771705050e+01
4.671811406250000118e+02,-8.344458360670074626e+01
4.671814335937500005e+02,-8.384891072496529318e+01
4.671817265624999891e+02,-8.615198024686603162e+01
4.671820195312500346e+02,-8.360320269789654901e+01
4.671823125000000232e+02,-9.194095205091214495e+01
4.671826054687500118e+02,-8.833739641530762299e+01
4.671828984375000005e+02,-8.786092126687329085e+01
4.671831914062499891e+02,-9.325801735350435706e+01
4.671834843750000346e+02,-8.901015876407021210e+01
4.671837773437500232e+02,-8.308643398437844496e+01
4.671840703125000118e+02,-9.331671339998800363e+01
4.671843632812500005e+02,-8.255345000761784036e+01
4.671846562499999891e+02,-8.021043855124375455e+01
4.671849492187500346e+02,-8.152586345029553172e+01
4.671852421875000232e+02,-8.769775551624215382e+01
4.671855351562500118e+02,-9.022503729060302646e+01
4.671858281250000005e+02,-8.652165974230163670e+01
4.671861210937499891e+02,-8.085409674900147081e+01
4.671864140625000346e+02,-8.420272957334681507e+01
4.671867070312500232e+02,-9.196791521535708114e+01
4.671870000000000118e+02,-8.806738131751546916e+01
4.671872929687500005e+02,-8.547026588377094924e+01
4.671875859374999891e+02,-9.002113328892963295e+01
4.671878789062500346e+02,-8.564879853109036389e+01
4.671881718750000232e+02,-9.399658002352269648e+01
4.671884648437500118e+02,-8.497028560690012000e+01
4.671887578125000005e+02,-8.323439538425665774e+01
4.671890507812499891e+02,-8.657553851648630427e+01
4.671893437500000346e+02,-8.754380060591813617e+01
4.671896367187500232e+02,-8.623657488746817990e+01
4.671899296875000118e+02,-9.064709755297764104e+01
4.671902226562500005e+02,-8.484016669498059571e+01
4.671905156249999891e+02,-9.292667561212974192e+01
4.671908085937500346e+02,-9.154650840857115668e+01
4.671911015625000232e+02,-8.756308651879589888e+01
4.671913945312500118e+02,-8.811866927139197969e+01
4.671916875000000005e+02,-8.405687718353908622e+01
4.671919804687499891e+02,-8.511814077417267299e+01
4.671922734375000346e+02,-9.918394392334852228e+01
4.671925664062500232e+02,-9.147141537662821520e+01
4.671928593750000118e+02,-9.154247968721107043e+01
4.671931523437500005e+02,-9.389771017377228191e+01
4.671934453124999891e+02,-9.322941918561225805e+01
4.671937382812500346e+02,-9.309012655531239488e+01
4.671940312500000232e+02,-9.465055408247565083e+01
4.671943242187500118e+02,-9.166375111449441704e+01
4.671946171875000005e+02,-9.320892542550389237e+01
4.671949101562499891e+02,-8.468023181406330480e+01
4.671952031250000346e+02,-8.408641391701624457e+01
4.671954960937500232e+02,-8.976092950488768452e+01
4.671957890625000118e+02,-9.342773446851204255e+01
4.671960820312500005e+02,-8.678796515092219011e+01
4.671963749999999891e+02,-8.189996006501095849e+01
4.671966679687500346e+02,-8.680376543045413484e+01
4.671969609375000232e+02,-8.696936160835299745e+01
4.671972539062500118e+02,-8.255103798407644433e+01
4.671975468750000005e+02,-8.586564769181707391e+01
4.671978398437499891e+02,-8.437898947069621158e+01
4.671981328125000346e+02,-8.235037453125322315e+01
4.671984257812500232e+02,-9.393920930248907553e+01
4.671987187500000118e+02,-9.457580511206032270e+01
4.671990117187500005e+02,-8.738899738310566079e+01
4.671993046874999891e+02,-8.150826081910807375e+01
4.671995976562500346e+02,-8.320366162739505000e+01
4.671998906250000232e+02,-8.514551984246796223e+01
4.672001835937500118e+02,-8.608860046667915356e+01
4.672004765625000005e+02,-9.245154044101246882e+01
4.672007695312499891e+02,-8.946189258836039926e+01
4.672010625000000346e+02,-8.785288492717864983e+01
4.672013554687500232e+02,-9.295019613048928875e+01
4.672016484375000118e+02,-8.166267353206342250e+01
4.672019414062500005e+02,-8.479870674617217219e+01
4.672022343749999891e+02,-8.271173687644375150e+01
4.672025273437500346e+02,-8.389409427240609318e+01
4.672028203125000232e+02,-9.261939808072831681e+01
4.672031132812500118e+02,-9.062269942459641925e+01
4.672034062500000005e+02,-8.893176020750962607e+01
4.672036992187499891e+02,-9.539218648626741981e+01
4.672039921875000346e+02,-8.706850255475612244e+01
4.672042851562500232e+02,-8.377713481875012747e+01
4.672045781250000118e+02,-8.744759338534035464e+01
4.672048710937500005e+02,-9.757277494130589446e+01
4.672051640624999891e+02,-8.914126480197055002e+01
4.672054570312500346e+02,-8.898985913981309182e+01
4.672057500000000232e+02,-8.291808811482493979e+01
4.672060429687500118e+02,-8.534860830777860485e+01
4.672063359375000005e+02,-8.877958444553100037e+01
4.672066289062499891e+02,-9.276825674754944373e+01
4.672069218750000346e+02,-8.386413064050096011e+01
4.672072148437500232e+02,-8.819980347866732018e+01
4.672075078125000118e+02,-8.844143055946821619e+01
4.672078007812500005e+02,-8.883996951448858681e+01
4.672080937499999891e+02,-8.061658422686819847e+01
4.672083867187500346e+02,-8.671704953002682714e+01
4.672086796875000232e+02,-8.580475716596724567e+01
4.672089726562500118e+02,-9.181184695603943169e+01
4.672092656250000005e+02,-8.352783564515844716e+01
4.672095585937499891e+02,-8.094333775599648106e+01
4.672098515625000346e+02,-8.588750400343897695e+01
4.672101445312500232e+02,-9.177006480010264511e+01
4.672104375000000118e+02,-8.400734027042739172e+01
4.672107304687500005e+02,-9.207546516785056667e+01
4.672110234374999891e+02,-8.324375773880043994e+01
4.672113164062500346e+02,-8.579393883831093603e+01
4.672116093750000232e+02,-9.326553443557061485e+01
4.672119023437500118e+02,-8.108296008124357002e+01
4.672121953125000005e+02,-9.204147110321771663e+01
4.672124882812499891e+02,-8.254865572711690902e+01
4.672127812500000346e+02,-7.953091969989257848e+01
4.672130742187500232e+02,-8.272797300977204316e+01
4.672133671875000118e+02,-8.518427744834555426e+01
4.672136601562500005e+02,-8.363265086074522969e+01
4.672139531249999891e+02,-8.499568373085621431e+01
4.672142460937500346e+02,-8.745582345928613677e+01
4.672145390625000232e+02,-8.017052034400575167e+01
4.672148320312500118e+02,-8.357773176834264461e+01
4.672151250000000005e+02,-8.991227509686925146e+01
4.672154179687499891e+02,-8.062674184014335310e+01
4.672157109375000346e+02,-8.309043086657675303e+01
4.672160039062500232e+02,-8.697889712795144135e+01
4.672162968750000118e+02,-8.319729573592653082e+01
4.672165898437500005e+02,-8.339254771868290561e+01
4.672168828124999891e+02,-9.000943726729231287e+01
4.672171757812500346e+02,-8.662122953091325428e+01
4.672174687500000232e+02,-8.528536907732289762e+01
4.672177617187500118e+02,-8.957103128316475704e+01
4.672180546875000005e+02,-9.768889577448079820e+01
4.672183476562499891e+02,-8.626296868669159323e+01
4.672186406250000346e+02,-8.745772693206927784e+01
4.672189335937500232e+02,-8.673345159009861050e+01
4.672192265625000118e+02,-7.948287231092612615e+01
4.672195195312500005e+02,-8.841671334931913862e+01
4.672198124999999891e+02,-9.016025519055284576e+01
4.672201054687500346e+02,-8.306636088038587218e+01
4.672203984375000232e+02,-8.143434949444220194e+01
4.672206914062500118e+02,-8.664379253195522779e+01
4.672209843750000005e+02,-8.459755447872666423e+01
4.672212773437499891e+02,-8.917261453308265118e+01
4.672215703125000346e+02,-8.397896631077733787e+01
4.672218632812500232e+02,-8.772428619998770216e+01
4.672221562500000118e+02,-8.512987692870639478e+01
4.672224492187500005e+02,-8.044570222225024736e+01
4.672227421874999891e+02,-7.872733331723763683e+01
4.672230351562500346e+02,-8.040508721178623830e+01
4.672233281250000232e+02,-8.312849792124353598e+01
4.672236210937500118e+02,-8.375888658910236018e+01
4.672239140625000005e+02,-9.803182581502029791e+01
4.672242070312499891e+02,-8.049315960803404835e+01
4.672245000000000346e+02,-7.853919758247835148e+01
4.672247929687500232e+02,-8.872740649777959732e+01
4.672250859375000118e+02,-8.078742203231848862e+01
4.672253789062500005e+02,-7.983511356302341255e+01
4.672256718749999891e+02,-7.971856492313229126e+01
4.672259648437500346e+02,-8.210027231622176203e+01
4.672262578125000232e+02,-8.374770211133723308e+01
4.672265507812500118e+02,-8.294075494303010032e+01
4.672268437500000005e+02,-7.873140395176099560e+01
4.672271367187499891e+02,-8.323109278215171969e+01
4.672274296875000346e+02,-8.561523457394743275e+01
4.672277226562500232e+02,-8.542628522928342250e+01
4.672280156250000118e+02,-8.728886188967115345e+01
4.672283085937500005e+02,-9.011310742459508560e+01
4.672286015624999891e+02,-8.994081227193800032e+01
4.672288945312500346e+02,-8.830892601116343599e+01
4.672291875000000232e+02,-9.053511509276459890e+01
4.672294804687500118e+02,-8.667525410049137236e+01
4.672297734375000005e+02,-9.869054907560999368e+01
4.672300664062499891e+02,-1.029579265861637793e+02
4.672303593750000346e+02,-9.380399134120770555e+01
4.672306523437500232e+02,-9.318789900351491440e+01
4.672309453125000118e+02,-8.598139650858284710e+01
4.672312382812500005e+02,-8.603613690960797555e+01
4.672315312499999891e+02,-9.238812367242138635e+01
4.672318242187500346e+02,-8.731592153966929004e+01
4.672321171875000232e+02,-8.375033121499130573e+01
4.672324101562500118e+02,-8.166175697829885394e+01
4.672327031250000005e+02,-8.125396270466077908e+01
4.672329960937499891e+02,-8.987127695574278619e+01
4.672332890625000346e+02,-8.991114778412566011e+01
4.672335820312500232e+02,-8.478730066039148028e+01
4.672338750000000118e+02,-9.181798262098126884e+01
4.672341679687500005e+02,-8.755546612253388616e+01
4.672344609374999891e+02,-8.289886312383117684e+01
4.672347539062500346e+02,-8.175407245028662828e+01
4.672350468750000232e+02,-8.515440400792232367e+01
4.672353398437500118e+02,-8.724802270585303177e+01
4.672356328125000005e+02,-9.362506694387199957e+01
4.672359257812499891e+02,-8.557044524022813903e+01
4.672362187500000346e+02,-9.202405309858706062e+01
4.672365117187500232e+02,-8.821688547228342259e+01
4.672368046875000118e+02,-1.061402122935973296e+02
4.672370976562500005e+02,-1.050932328706121552e+02
4.672373906249999891e+02,-8.927904833336164359e+01
4.672376835937500346e+02,-8.328956186366413306e+01
4.672379765625000232e+02,-8.363181559084152639e+01
4.672382695312500118e+02,-9.311316590764400303e+01
4.672385625000000005e+02,-8.841321422992571399e+01
4.672388554687499891e+02,-8.685952548799303941e+01
4.672391484375000346e+02,-8.259861145166595975e+01
4.672394414062500232e+02,-8.226224834075259196e+01
4.672397343750000118e+02,-8.275521899110890445e+01
4.672400273437500005e+02,-8.395624250694143598e+01
4.672403203124999891e+02,-8.023215134443759666e+01
4.672406132812500346e+02,-8.364776270344054865e+01
4.672409062500000232e+02,-8.439702796958056297e+01
4.672411992187500118e+02,-8.358607149488423715e+01
4.672414921875000005e+02,-8.753293191396392103e+01
4.672417851562499891e+02,-8.740892654007360818e+01
4.672420781250000346e+02,-8.816839785515574590e+01
4.672423710937500232e+02,-9.116559572816362333e+01
4.672426640625000118e+02,-8.931894374972233663e+01
4.672429570312500005e+02,-8.933577002434022063e+01
4.672432499999999891e+02,-8.913148789019800233e+01
4.672435429687500346e+02,-9.308039167191640217e+01
4.672438359375000232e+02,-8.930587892323288202e+01
4.672441289062500118e+02,-8.658197720498989725e+01
4.672444218750000005e+02,-8.555846280468387022e+01
4.672447148437499891e+02,-9.496855348941556940e+01
4.672450078125000346e+02,-8.607873250239777008e+01
4.672453007812500232e+02,-8.684019830886833802e+01
4.672455937500000118e+02,-1.006595464286558297e+02
4.672458867187500005e+02,-1.021253655634154143e+02
4.672461796874999891e+02,-8.959791977461139822e+01
4.672464726562500346e+02,-1.092919376304124626e+02
4.672467656250000232e+02,-8.859281195380376062e+01
4.672470585937500118e+02,-9.141983088807010915e+01
4.672473515625000005e+02,-8.775003023936710633e+01
4.672476445312499891e+02,-8.673666834001664938e+01
4.672479375000000346e+02,-9.128162512195943634e+01
4.672482304687500232e+02,-8.924986326447033491e+01
4.672485234375000118e+02,-9.215799327838519162e+01
4.672488164062500005e+02,-8.263449462194256512e+01
4.672491093749999891e+02,-8.741772036521069822e+01
4.672494023437500346e+02,-9.276979669080745339e+01
4.672496953125000232e+02,-8.261004637427981834e+01
4.672499882812500118e+02,-8.373408955929332365e+01
4.672502812500000005e+02,-8.900826428083419728e+01
4.672505742187499891e+02,-8.777795649192887595e+01
4.672508671875000346e+02,-8.317965896884685151e+01
4.672511601562500232e+02,-8.099270234536743374e+01
4.672514531250000118e+02,-8.363969967451645005e+01
4.672517460937500005e+02,-8.882988645706660691e+01
4.672520390624999891e+02,-8.620434519843549026e+01
4.672523320312500346e+02,-8.682447194585408567e+01
4.672526250000000232e+02,-9.319446816189200433e+01
4.672529179687500118e+02,-8.672953659495567535e+01
4.672532109375000005e+02,-9.416166948092218547e+01
4.672535039062499891e+02,-8.531478702491904187e+01
4.672537968750000346e+02,-8.768522111709444289e+01
4.672540898437500232e+02,-9.443234364619092958e+01
4.672543828125000118e+02,-8.796261016050240755e+01
4.672546757812500005e+02,-9.208599436567047292e+01
4.672549687499999891e+02,-8.989066621628707310e+01
4.672552617187500346e+02,-9.329154734147543593e+01
4.672555546875000232e+02,-8.712068960924953842e+01
4.672558476562500118e+02,-8.905306676300453717e+01
4.672561406250000005e+02,-9.462517221117293786e+01
4.672564335937499891e+02,-8.665524810866654093e+01
4.672567265625000346e+02,-9.628680992813004025e+01
4.672570195312500232e+02,-8.984790073610950856e+01
4.672573125000000118e+02,-9.320632329217767165e+01
4.672576054687500005e+02,-9.191341917401760497e+01
4.672578984374999891e+02,-9.481264145036820423e+01
4.672581914062500346e+02,-9.033323481130130972e+01
4.672584843750000232e+02,-8.509544414973591131e+01
4.672587773437500118e+02,-8.476246345691031081e+01
4.672590703125000005e+02,-1.136447415163751771e+02
4.672593632812499891e+02,-8.982748076467473197e+01
4.672596562500000346e+02,-8.491151190837683771e+01
4.672599492187500232e+02,-8.377328112229770340e+01
4.672602421875000118e+02,-8.559026079999330250e+01
4.672605351562500005e+02,-9.173465573497891512e+01
4.672608281249999891e+02,-8.681556657798724075e+01
4.672611210937500346e+02,-8.370554014141779930e+01
4.672614140625000232e+02,-9.188589339158974667e+01
4.672617070312500118e+02,-1.040069613057468132e+02
4.672620000000000005e+02,-9.232141106006355358e+01
4.672622929687499891e+02,-9.165870716283598085e+01
4.672625859375000346e+02,-8.273503370027712833e+01
4.672628789062500232e+02,-9.468720931588480028e+01
4.672631718750000118e+02,-8.845276872919383493e+01
4.672634648437500005e+02,-8.241476328772490945e+01
4.672637578124999891e+02,-8.612370303553342410e+01
4.672640507812500346e+02,-9.094206774174280383e+01
4.672643437500000232e+02,-8.351745246242276721e+01
4.672646367187500118e+02,-8.374864835729897550e+01
4.672649296875000005e+02,-8.756712207161069728e+01
4.672652226562499891e+02,-8.805158627391185178e+01
4.672655156250000346e+02,-9.453798662338670056e+01
4.672658085937500232e+02,-8.888863816884779112e+01
4.672661015625000118e+02,-8.964008357127082149e+01
4.672663945312500005e+02,-8.672077893967170326e+01
4.672666874999999891e+02,-9.352570866983421638e+01
4.672669804687500346e+02,-8.801501521503945469e+01
4.672672734375000232e+02,-8.573096703735154733e+01
4.672675664062500118e+02,-9.889087692307393240e+01
4.672678593750000005e+02,-9.557468903327105636e+01
4.672681523437499891e+02,-8.533840468900621090e+01
4.672684453125000346e+02,-8.307500238256189107e+01
4.672687382812500232e+02,-8.520668531868666662e+01
4.672690312500000118e+02,-8.414242880097140187e+01
4.672693242187500005e+02,-9.088527322430314825e+01
4.672696171874999891e+02,-8.851236736736325383e+01
4.672699101562500346e+02,-8.600305204954875649e+01
4.672702031250000232e+02,-8.721136017307176758e+01
4.672704960937500118e+02,-9.441715918731519253e+01
4.672707890625000005e+02,-8.309994428763717167e+01
4.672710820312499891e+02,-9.291734583660704061e+01
4.672713750000000346e+02,-8.471625203984073949e+01
4.672716679687500232e+02,-8.567400446206114850e+01
4.672719609375000118e+02,-9.337385855869997897e+01
4.672722539062500005e+02,-8.432031567332829525e+01
4.672725468749999891e+02,-8.585432614349241476e+01
4.672728398437500346e+02,-8.612946112324215164e+01
4.672731328125000232e+02,-8.408252031063027232e+01
4.672734257812500118e+02,-8.961527883974483188e+01
4.672737187500000005e+02,-8.516400271264200228e+01
4.672740117187499891e+02,-8.744629068000207894e+01
4.672743046875000346e+02,-7.933947088656489655e+01
4.672745976562500232e+02,-8.467199600676771354e+01
4.672748906250000118e+02,-8.062281277191020479e+01
4.672751835937500005e+02,-9.010775025976391817e+01
4.672754765624999891e+02,-8.367320715122657759e+01
4.672757695312500346e+02,-8.553492203808893635e+01
4.672760625000000232e+02,-8.162967280900005562e+01
4.672763554687500118e+02,-9.563123034975757264e+01
4.672766484375000005e+02,-8.607295943088257673e+01
4.672769414062499891e+02,-8.517390442800815720e+01
4.672772343750000346e+02,-8.596540511872763091e+01
4.672775273437500232e+02,-8.434119231919368076e+01
4.672778203125000118e+02,-7.945413983787075551e+01
4.672781132812500005e+02,-8.080086809319327301e+01
4.672784062499999891e+02,-7.703841165723545714e+01
4.672786992187500346e+02,-7.620760131066774079e+01
4.672789921875000232e+02,-8.006986811674806859e+01
4.672792851562500118e+02,-8.446866725441205404e+01
4.672795781250000005e+02,-8.558818231933597076e+01
4.672798710937499891e+02,-8.418170777777430658e+01
4.672801640625000346e+02,-8.257873919456227441e+01
4.672804570312500232e+02,-8.694935591147761045e+01
4.672807500000000118e+02,-8.285615045031987336e+01
4.672810429687500005e+02,-9.479663415772623125e+01
4.672813359374999891e+02,-7.513581927837407193e+01
4.672816289062500346e+02,-7.683159800553789864e+01
4.672819218750000232e+02,-9.797350395230137110e+01
4.672822148437500118e+02,-7.821662026609163831e+01
4.672825078125000005e+02,-7.845445802936094992e+01
4.672828007812499891e+02,-8.852092768872977047e+01
4.672830937500000346e+02,-8.278305405045138343e+01
4.672833867187500232e+02,-8.240436154702167926e+01
4.672836796875000118e+02,-8.458918113822777229e+01
4.672839726562500005e+02,-8.883784721836630638e+01
4.672842656249999891e+02,-9.052252805656715395e+01
4.672845585937500346e+02,-8.978658571321069815e+01
4.672848515625000232e+02,-7.692507455535815097e+01
4.672851445312500118e+02,-7.513227656968221879e+01
4.672854375000000005e+02,-9.337254764211401437e+01
4.672857304687499891e+02,-8.207919611720197395e+01
4.672860234375000346e+02,-7.972191227655333989e+01
4.672863164062500232e+02,-7.874823873070171487e+01
4.672866093750000118e+02,-7.485923687434802787e+01
4.672869023437500005e+02,-8.416201899481291093e+01
4.672871953124999891e+02,-8.424302700676997802e+01
4.672874882812500346e+02,-8.382450031181522832e+01
4.672877812500000232e+02,-7.973370975057005694e+01
4.672880742187500118e+02,-8.143279564762639211e+01
4.672883671875000005e+02,-8.207443756718119232e+01
4.672886601562499891e+02,-7.705734515741100665e+01
4.672889531250000346e+02,-7.533724634337836790e+01
4.672892460937500232e+02,-7.705126776608872774e+01
4.672895390625000118e+02,-8.174460681540692519e+01
4.672898320312500005e+02,-8.747035888087118849e+01
4.672901249999999891e+02,-8.350243295306515279e+01
4.672904179687500346e+02,-8.370948012652254988e+01
4.672907109375000232e+02,-8.568902710472474382e+01
4.672910039062500118e+02,-8.429973049018786924e+01
4.672912968750000005e+02,-8.617573744821851278e+01
4.672915898437499891e+02,-8.533200269842583907e+01
4.672918828125000346e+02,-8.023499829517250248e+01
4.672921757812500232e+02,-8.195468439841077668e+01
4.672924687500000118e+02,-8.302649271238955464e+01
4.672927617187500005e+02,-8.525010143689937081e+01
4.672930546874999891e+02,-9.190782601187622447e+01
4.672933476562500346e+02,-8.880176947874159055e+01
4.672936406250000232e+02,-9.925409952847986972e+01
4.672939335937500118e+02,-9.086618798854522083e+01
4.672942265625000005e+02,-8.576478377312696466e+01
4.672945195312499891e+02,-8.574167946310559785e+01
4.672948125000000346e+02,-8.553486591952255935e+01
4.672951054687500232e+02,-8.556485824900917692e+01
4.672953984375000118e+02,-9.054016124875481353e+01
4.672956914062500005e+02,-8.292603584710548148e+01
4.672959843749999891e+02,-8.753481175684993332e+01
4.672962773437500346e+02,-8.174948035060937457e+01
4.672965703125000232e+02,-8.211443003722705214e+01
4.672968632812500118e+02,-8.064143543495148947e+01
4.672971562500000005e+02,-8.148190946394315404e+01
4.672974492187499891e+02,-8.512962140894475738e+01
4.672977421875000346e+02,-7.879681881964177137e+01
4.672980351562500232e+02,-8.605237913389817095e+01
4.672983281250000118e+02,-8.073961422704186930e+01
4.672986210937500005e+02,-7.579218305150067181e+01
4.672989140624999891e+02,-7.811347805596186333e+01
4.672992070312500346e+02,-8.262162856934673982e+01
4.672995000000000232e+02,-8.414988874871441737e+01
4.672997929687500118e+02,-8.163584441085036758e+01
4.673000859375000005e+02,-8.584115388975982341e+01
4.673003789062499891e+02,-9.522823046628644761e+01
4.673006718750000346e+02,-9.142590048893313792e+01
4.673009648437500232e+02,-9.486949722054340839e+01
4.673012578125000118e+02,-9.440915645060314887e+01
4.673015507812500005e+02,-8.529243458752389984e+01
4.673018437499999891e+02,-8.035133218557760415e+01
4.673021367187500346e+02,-8.963705784963465817e+01
4.673024296875000232e+02,-8.271731319882796640e+01
4.673027226562500118e+02,-8.037044314904990472e+01
4.673030156250000005e+02,-8.619962715601381831e+01
4.673033085937499891e+02,-8.740143047114672470e+01
4.673036015625000346e+02,-9.296908552174588181e+01
4.673038945312500232e+02,-9.413425684850156472e+01
4.673041875000000118e+02,-9.522596122839041755e+01
4.673044804687500005e+02,-9.053952983396675336e+01
4.673047734374999891e+02,-9.171508966178959099e+01
4.673050664062500346e+02,-8.950549010483113932e+01
4.673053593750000232e+02,-9.640690594827924542e+01
4.673056523437500118e+02,-9.244168041106070177e+01
4.673059453125000005e+02,-8.911205630596178651e+01
4.673062382812499891e+02,-8.702090220140973997e+01
4.673065312500000346e+02,-8.069587196528432571e+01
4.673068242187500232e+02,-8.467834006178017603e+01
4.673071171875000118e+02,-8.537125656165672183e+01
4.673074101562500005e+02,-8.318378546340943558e+01
4.673077031249999891e+02,-8.706085568467557323e+01
4.673079960937500346e+02,-9.437169213845329807e+01
4.673082890625000232e+02,-8.940571632876454089e+01
4.673085820312500118e+02,-8.509153117891821694e+01
4.673088750000000005e+02,-8.757633334537372605e+01
4.673091679687499891e+02,-8.565778995409102947e+01
4.673094609375000346e+02,-8.315399812754355935e+01
4.673097539062500232e+02,-8.321669983649772462e+01
4.673100468750000118e+02,-9.152846119769968425e+01
4.673103398437500005e+02,-1.056342476423348558e+02
4.673106328124999891e+02,-9.117642441322831814e+01
4.673109257812500346e+02,-8.808803808322051054e+01
4.673112187500000232e+02,-8.587809744124703570e+01
4.673115117187500118e+02,-9.713712691701280733e+01
4.673118046875000005e+02,-8.573675576436218648e+01
4.673120976562499891e+02,-8.269994459690448707e+01
4.673123906250000346e+02,-9.470847455777892776e+01
4.673126835937500232e+02,-9.875586524397355959e+01
4.673129765625000118e+02,-8.948554884088287054e+01
4.673132695312500005e+02,-8.722549323635531948e+01
4.673135624999999891e+02,-8.393272090131127072e+01
4.673138554687500346e+02,-8.354175920977432668e+01
4.673141484375000232e+02,-8.701359303549352830e+01
4.673144414062500118e+02,-8.334612333226181136e+01
4.673147343750000005e+02,-8.473315977248824993e+01
4.673150273437499891e+02,-8.688512142088237056e+01
4.673153203125000346e+02,-9.520200534680950000e+01
4.673156132812500232e+02,-8.763264370550048454e+01
4.673159062500000118e+02,-9.071306117838987859e+01
4.673161992187500005e+02,-8.260730124822458720e+01
4.673164921874999891e+02,-8.905257478326558385e+01
4.673167851562500346e+02,-8.252389327906081462e+01
4.673170781250000232e+02,-8.526965275449789772e+01
4.673173710937500118e+02,-9.723867825485939420e+01
4.673176640625000005e+02,-8.939758307739587906e+01
4.673179570312499891e+02,-8.677421066209060996e+01
4.673182500000000346e+02,-9.447067843277091015e+01
4.673185429687500232e+02,-9.375832785765084054e+01
4.673188359375000118e+02,-8.879368682808804181e+01
4.673191289062500005e+02,-8.892605263300399088e+01
4.673194218749999891e+02,-8.333670527721496057e+01
4.673197148437500346e+02,-8.375379661415594512e+01
4.673200078125000232e+02,-9.335839266317535134e+01
4.673203007812500118e+02,-9.705242034682625274e+01
4.673205937500000005e+02,-8.468507757783903855e+01
4.673208867187499891e+02,-9.061053990709993400e+01
4.673211796875000346e+02,-1.051281305596454132e+02
4.673214726562500232e+02,-9.084372136558734212e+01
4.673217656250000118e+02,-8.694600635615886119e+01
4.673220585937500005e+02,-9.258180924977203574e+01
4.673223515624999891e+02,-8.796256228993739512e+01
4.673226445312500346e+02,-9.388174566282989986e+01
4.673229375000000232e+02,-8.263589444394514771e+01
4.673232304687500118e+02,-8.479174104188683714e+01
4.673235234375000005e+02,-8.891572595151073699e+01
4.673238164062499891e+02,-8.464026366985358152e+01
4.673241093750000346e+02,-8.509960757981681923e+01
4.673244023437500232e+02,-1.007327566691857470e+02
4.673246953125000118e+02,-8.769742501872596563e+01
4.673249882812500005e+02,-8.558778861000951110e+01
4.673252812499999891e+02,-8.695398054229491436e+01
4.673255742187500346e+02,-8.343811296856276272e+01
4.673258671875000232e+02,-8.505898347302567686e+01
4.673261601562500118e+02,-9.325795383420870621e+01
4.673264531250000005e+02,-8.664692704003961410e+01
4.673267460937499891e+02,-8.167983400137899253e+01
4.673270390625000346e+02,-7.935616023981496880e+01
4.673273320312500232e+02,-8.676125082713187453e+01
4.673276250000000118e+02,-8.692525458908532698e+01
4.673279179687500005e+02,-8.853935794600324982e+01
4.673282109374999891e+02,-1.033937655460801608e+02
4.673285039062500346e+02,-9.604979125251242067e+01
4.673287968750000232e+02,-8.807678459533175896e+01
4.673290898437500118e+02,-1.351799594605324728e+02
4.673293828125000005e+02,-8.273564829258722853e+01
4.673296757812499891e+02,-8.016988703708777564e+01
4.673299687500000346e+02,-8.754826694667343645e+01
4.673302617187500232e+02,-9.351611591159874592e+01
4.673305546875000118e+02,-8.629030677935736549e+01
4.673308476562500005e+02,-8.767309920094089648e+01
4.673311406249999891e+02,-9.500303508798758401e+01
4.673314335937500346e+02,-9.931327470454797890e+01
4.673317265625000232e+02,-8.681650781085272683e+01
4.673320195312500118e+02,-8.711547981749490077e+01
4.673323125000000005e+02,-1.002784482319708701e+02
4.673326054687499891e+02,-8.731372337328792810e+01
4.673328984375000346e+02,-8.449480170841398774e+01
4.673331914062500232e+02,-8.547554827959196189e+01
4.673334843750000118e+02,-8.598130609673816593e+01
4.673337773437500005e+02,-9.035167379865372084e+01
4.673340703124999891e+02,-8.986174242322248062e+01
4.673343632812500346e+02,-8.987340864497774362e+01
4.673346562500000232e+02,-8.763833093450109857e+01
4.673349492187500118e+02,-8.208241265446443435e+01
4.673352421875000005e+02,-7.823097403223486879e+01
4.673355351562499891e+02,-8.173881625654254890e+01
4.673358281250000346e+02,-9.089243304219326092e+01
4.673361210937500232e+02,-9.328697547296629011e+01
4.673364140625000118e+02,-1.017597550330066127e+02
4.673367070312500005e+02,-8.680349337730184800e+01
4.673369999999999891e+02,-8.771010864301395316e+01
4.673372929687500346e+02,-8.719711143788251206e+01
4.673375859375000232e+02,-7.861489517990962383e+01
4.673378789062500118e+02,-8.556124424054063127e+01
4.673381718750000005e+02,-8.766175030491736209e+01
4.673384648437499891e+02,-8.481644185712788442e+01
4.673387578125000346e+02,-8.801544886693874048e+01
4.673390507812500232e+02,-9.394461417947039195e+01
4.673393437500000118e+02,-9.075928888835804287e+01
4.673396367187500005e+02,-7.943472742630362404e+01
4.673399296874999891e+02,-6.788627888871454275e+01
4.673402226562500346e+02,-7.105838160596894681e+01
4.673405156250000232e+02,-8.270554132009444004e+01
4.673408085937500118e+02,-8.110083750689022963e+01
4.673411015625000005e+02,-8.676304744219737586e+01
4.673413945312499891e+02,-8.688735425034847992e+01
4.673416875000000346e+02,-8.518639714979629218e+01
4.673419804687500232e+02,-8.872443358112236922e+01
4.673422734375000118e+02,-8.495940722323766181e+01
4.673425664062500005e+02,-8.459163413285664035e+01
4.673428593749999891e+02,-7.829691667500769370e+01
4.673431523437500346e+02,-8.239722376742327015e+01
4.673434453125000232e+02,-9.735917570416759759e+01
4.673437382812500118e+02,-8.505193502490485002e+01
4.673440312500000005e+02,-8.404100244425320909e+01
4.673443242187499891e+02,-9.344320943848128991e+01
4.673446171875000346e+02,-8.451258613046360324e+01
4.673449101562500232e+02,-8.923884882131406471e+01
4.673452031250000118e+02,-8.468400684243583498e+01
4.673454960937500005e+02,-8.363268389311687656e+01
4.673457890624999891e+02,-8.367305865143299570e+01
4.673460820312500346e+02,-8.779736466873801248e+01
4.673463750000000232e+02,-8.198437030663549763e+01
4.673466679687500118e+02,-7.968673608727910107e+01
4.673469609375000005e+02,-7.852729355911836251e+01
4.673472539062499891e+02,-7.602853423283551138e+01
4.673475468750000346e+02,-8.655974471882066723e+01
4.673478398437500232e+02,-8.217146813519460125e+01
4.673481328125000118e+02,-7.892663719043254389e+01
4.673484257812500005e+02,-7.579334092546201873e+01
4.673487187499999891e+02,-7.392791168501231880e+01
4.673490117187500346e+02,-7.926952722021903242e+01
4.673493046875000232e+02,-8.752221240520711376e+01
4.673495976562500118e+02,-8.134337867567474234e+01
4.673498906250000005e+02,-7.461757429285195542e+01
4.673501835937499891e+02,-7.410591310749735783e+01
4.673504765625000346e+02,-8.026924266096848726e+01
4.673507695312500232e+02,-8.703635567643155468e+01
4.673510625000000118e+02,-7.805163230139511654e+01
4.673513554687500005e+02,-7.717923645980344816e+01
4.673516484374999891e+02,-7.766637041145584419e+01
4.673519414062500346e+02,-7.841656562058362567e+01
4.673522343750000232e+02,-8.201862798001408805e+01
4.673525273437500118e+02,-8.486470347760372590e+01
4.673528203125000005e+02,-7.928913803631748181e+01
4.673531132812499891e+02,-8.463501790928191326e+01
4.673534062500000346e+02,-8.112047639757773254e+01
4.673536992187500232e+02,-8.253984059095515136e+01
4.673539921875000118e+02,-9.269701185608653304e+01
4.673542851562500005e+02,-8.154836522386887054e+01
4.673545781249999891e+02,-7.948989746961422043e+01
4.673548710937500346e+02,-8.169594636518311859e+01
4.673551640625000232e+02,-8.382138686169707853e+01
4.673554570312500118e+02,-7.956475585982784082e+01
4.673557500000000005e+02,-8.761457813840880249e+01
4.673560429687499891e+02,-8.894037067660116236e+01
4.673563359375000346e+02,-8.497845024003639480e+01
4.673566289062500232e+02,-7.980425366441659207e+01
4.673569218750000118e+02,-7.505723528275109402e+01
4.673572148437500005e+02,-7.485731562544937390e+01
4.673575078124999891e+02,-8.985512752274283343e+01
4.673578007812500346e+02,-8.637276120051075168e+01
4.673580937500000232e+02,-1.016581514232325389e+02
4.673583867187500118e+02,-9.530783648894534110e+01
4.673586796875000005e+02,-8.200582044204887211e+01
4.673589726562499891e+02,-8.059689068049856076e+01
4.673592656250000346e+02,-8.587899880825153787e+01
4.673595585937500232e+02,-9.188616081256449775e+01
4.673598515625000118e+02,-8.411686251542219850e+01
4.673601445312500005e+02,-8.289630955118730071e+01
4.673604374999999891e+02,-8.750221443666056587e+01
4.673607304687500346e+02,-8.153845060739952544e+01
4.673610234375000232e+02,-9.296046247490247083e+01
4.673613164062500118e+02,-9.011420642796601044e+01
4.673616093750000005e+02,-8.501321755152051196e+01
4.673619023437499891e+02,-8.437436998621407724e+01
4.673621953125000346e+02,-1.089575079966821818e+02
4.673624882812500232e+02,-8.954210077370740350e+01
4.673627812500000118e+02,-8.599686262510471124e+01
4.673630742187500005e+02,-8.454472598361809332e+01
4.673633671874999891e+02,-8.878894851530432675e+01
4.673636601562500346e+02,-9.130726783085694365e+01
4.673639531250000232e+02,-8.790497665602669031e+01
4.673642460937500118e+02,-8.340662126467385917e+01
4.673645390625000005e+02,-1.028922261327421808e+02
4.673648320312499891e+02,-8.293919006723639598e+01
4.673651250000000346e+02,-8.211174742625686918e+01
4.673654179687500232e+02,-8.187549461011590779e+01
4.673657109375000118e+02,-8.265449861312362145e+01
4.673660039062500005e+02,-8.789357291656068583e+01
4.673662968749999891e+02,-9.259100925919435099e+01
4.673665898437500346e+02,-8.927346050112805642e+01
4.673668828125000232e+02,-9.080462930106580188e+01
4.673671757812500118e+02,-8.448461278056672086e+01
4.673674687500000005e+02,-8.692503983013018853e+01
4.673677617187499891e+02,-9.822715494191955088e+01
4.673680546875000346e+02,-8.346612726472758936e+01
4.673683476562500232e+02,-7.767308086439068404e+01
4.673686406250000118e+02,-8.350709286334020476e+01
4.673689335937500005e+02,-8.965524499444371997e+01
4.673692265624999891e+02,-9.118753563308686694e+01
4.673695195312500346e+02,-9.886565982163824629e+01
4.673698125000000232e+02,-8.584762410399777366e+01
4.673701054687500118e+02,-8.536917718643354647e+01
4.673703984375000005e+02,-8.098065180937095420e+01
4.673706914062499891e+02,-7.909862536541916711e+01
4.673709843750000346e+02,-9.009253185181142953e+01
4.673712773437500232e+02,-8.721478173848046822e+01
4.673715703125000118e+02,-8.536304196120795496e+01
4.673718632812500005e+02,-8.592738932861465173e+01
4.673721562499999891e+02,-8.863530154855726551e+01
4.673724492187500346e+02,-1.028164681744121367e+02
4.673727421875000232e+02,-9.726217990829755422e+01
4.673730351562500118e+02,-8.333487956321195611e+01
4.673733281250000005e+02,-8.297315245809316764e+01
4.673736210937499891e+02,-8.830471101643411203e+01
4.673739140625000346e+02,-8.819998535673246920e+01
4.673742070312500232e+02,-9.058144884563951393e+01
4.673745000000000118e+02,-9.579630967765403682e+01
4.673747929687500005e+02,-9.506398583082331299e+01
4.673750859374999891e+02,-9.525415526001398803e+01
4.673753789062500346e+02,-8.635723784991330376e+01
4.673756718750000232e+02,-8.298940685783443882e+01
4.673759648437500118e+02,-8.554987662947709737e+01
4.673762578125000005e+02,-8.819560966323201967e+01
4.673765507812499891e+02,-9.531447302046208847e+01
4.673768437500000346e+02,-8.657831064053338821e+01
4.673771367187500232e+02,-8.627191061531731009e+01
4.673774296875000118e+02,-9.040266711955838730e+01
4.673777226562500005e+02,-8.579073426662533564e+01
4.673780156249999891e+02,-8.697100845991202789e+01
4.673783085937500346e+02,-9.305262283238818100e+01
4.673786015625000232e+02,-1.136062323284589581e+02
4.673788945312500118e+02,-9.408759986254638363e+01
4.673791875000000005e+02,-8.965284884908271579e+01
4.673794804687499891e+02,-8.468205952873989872e+01
4.673797734375000346e+02,-8.765999876553793513e+01
4.673800664062500232e+02,-9.218471290209132007e+01
4.673803593750000118e+02,-8.586834733222828220e+01
4.673806523437500005e+02,-8.447342282599254304e+01
4.673809453124999891e+02,-8.920167619258111813e+01
4.673812382812500346e+02,-9.403798980249773365e+01
4.673815312500000232e+02,-9.110932869646333643e+01
4.673818242187500118e+02,-8.591223243141642740e+01
4.673821171875000005e+02,-8.847515627806627947e+01
4.673824101562499891e+02,-9.433800541538579409e+01
4.673827031250000346e+02,-8.480644607299512927e+01
4.673829960937500232e+02,-9.282670041794624183e+01
4.673832890625000118e+02,-8.798624992416750956e+01
4.673835820312500005e+02,-8.829530639701312111e+01
4.673838749999999891e+02,-8.764070769180193565e+01
4.673841679687500346e+02,-8.569692259599305828e+01
4.673844609375000232e+02,-8.502434884639927759e+01
4.673847539062500118e+02,-8.395644697639939125e+01
4.673850468750000005e+02,-8.093758143683061235e+01
4.673853398437499891e+02,-8.118916125023761765e+01
4.673856328125000346e+02,-8.370202933120600619e+01
4.673859257812500232e+02,-8.219784418724202624e+01
4.673862187500000118e+02,-8.967813659077476984e+01
4.673865117187500005e+02,-8.569960781910624803e+01
4.673868046874999891e+02,-8.634004781825309749e+01
4.673870976562500346e+02,-8.687272432203823769e+01
4.673873906250000232e+02,-7.832495572833498443e+01
4.673876835937500118e+02,-7.574766193476003195e+01
4.673879765625000005e+02,-8.951952531558164594e+01
4.673882695312499891e+02,-9.478491913013228043e+01
4.673885625000000346e+02,-8.532636359167698004e+01
4.673888554687500232e+02,-8.020731903619618208e+01
4.673891484375000118e+02,-8.108651523701794872e+01
4.673894414062500005e+02,-8.198526058162923391e+01
4.673897343749999891e+02,-8.775255652145774832e+01
4.673900273437500346e+02,-7.671628792659649321e+01
4.673903203125000232e+02,-8.227185553749461633e+01
4.673906132812500118e+02,-9.478702205792683344e+01
4.673909062500000005e+02,-1.026850417042043659e+02
4.673911992187499891e+02,-8.697907242032565023e+01
4.673914921875000346e+02,-9.420387550298693213e+01
4.673917851562500232e+02,-1.075082016711519373e+02
4.673920781250000118e+02,-8.980624830800904590e+01
4.673923710937500005e+02,-8.014985173775838234e+01
4.673926640624999891e+02,-8.076736501985267580e+01
4.673929570312500346e+02,-8.164134145333585479e+01
4.673932500000000232e+02,-7.805738795891876691e+01
4.673935429687500118e+02,-8.604775949336405461e+01
4.673938359375000005e+02,-8.681390169546750712e+01
4.673941289062499891e+02,-1.045533867263806940e+02
4.673944218750000346e+02,-8.620825280584874406e+01
4.673947148437500232e+02,-8.230544401673424204e+01
4.673950078125000118e+02,-9.585823897448447894e+01
4.673953007812500005e+02,-8.282810721149999722e+01
4.673955937499999891e+02,-8.864114846717075125e+01
4.673958867187500346e+02,-1.009477070540275747e+02
4.673961796875000232e+02,-8.573272303337415678e+01
4.673964726562500118e+02,-8.172735210665936734e+01
4.673967656250000005e+02,-9.342857769553975800e+01
4.673970585937499891e+02,-8.433358348013753414e+01
4.673973515625000346e+02,-8.956931762001457287e+01
4.673976445312500232e+02,-8.408024608133806055e+01
4.673979375000000118e+02,-8.793149150450014417e+01
4.673982304687500005e+02,-8.404984483917699833e+01
4.673985234374999891e+02,-8.485087128188025929e+01
4.673988164062500346e+02,-7.937771233233968360e+01
4.673991093750000232e+02,-7.847261762860622980e+01
4.673994023437500118e+02,-7.854536633188865835e+01
4.673996953125000005e+02,-7.930101695577613441e+01
4.673999882812499891e+02,-8.073064299497877983e+01
4.674002812500000346e+02,-8.367048399496832189e+01
4.674005742187500232e+02,-9.285214517059347372e+01
4.674008671875000118e+02,-8.317198910419732272e+01
4.674011601562500005e+02,-8.104553837340415612e+01
4.674014531249999891e+02,-7.854130260875663794e+01
4.674017460937500346e+02,-9.727767373333811918e+01
4.674020390625000232e+02,-8.203183600919830099e+01
4.674023320312500118e+02,-8.106205190243743175e+01
4.674026250000000005e+02,-9.404531362614062573e+01
4.674029179687499891e+02,-9.058851979143553024e+01
4.674032109375000346e+02,-8.442093282485157602e+01
4.674035039062500232e+02,-9.095564669915052036e+01
4.674037968750000118e+02,-8.863111426003980853e+01
4.674040898437500005e+02,-8.196085736093806418e+01
4.674043828124999891e+02,-9.533796755047984561e+01
4.674046757812500346e+02,-8.229484985934237784e+01
4.674049687500000232e+02,-8.149431538848324408e+01
4.674052617187500118e+02,-7.599816430484062835e+01
4.674055546875000005e+02,-7.673385271207874325e+01
4.674058476562499891e+02,-8.178202818895925930e+01
4.674061406250000346e+02,-8.516196970881122752e+01
4.674064335937500232e+02,-8.896272526057190078e+01
4.674067265625000118e+02,-8.341633733548786722e+01
4.674070195312500005e+02,-8.308416864344748376e+01
4.674073124999999891e+02,-8.044726748225173196e+01
4.674076054687500346e+02,-8.838607903957827716e+01
4.674078984375000232e+02,-8.317183357914997544e+01
4.674081914062500118e+02,-8.332024599490370065e+01
4.674084843750000005e+02,-8.526144890886766348e+01
4.674087773437499891e+02,-8.104679770647652504e+01
4.674090703125000346e+02,-7.876648129957747813e+01
4.674093632812500232e+02,-7.743044731406514813e+01
4.674096562500000118e+02,-8.236611398153074504e+01
4.674099492187500005e+02,-8.238575052270795140e+01
4.674102421874999891e+02,-7.691558142665053310e+01
4.674105351562500346e+02,-7.695390463765794209e+01
4.674108281250000232e+02,-8.269832248793309759e+01
4.674111210937500118e+02,-8.153176626618098055e+01
4.674114140625000005e+02,-8.384953629944256193e+01
4.674117070312499891e+02,-7.896533799241535689e+01
4.674120000000000346e+02,-7.856754743689924680e+01
4.674122929687500232e+02,-7.771519171884375510e+01
4.674125859375000118e+02,-8.533398940967535395e+01
4.674128789062500005e+02,-8.203550776534336819e+01
4.674131718749999891e+02,-8.417548280130969829e+01
4.674134648437500346e+02,-8.699256975948635784e+01
4.674137578125000232e+02,-8.268810293196483485e+01
4.674140507812500118e+02,-8.146842564862767233e+01
4.674143437500000005e+02,-8.665337545127445651e+01
4.674146367187499891e+02,-8.166694026298243614e+01
4.674149296875000346e+02,-7.544074607132677102e+01
4.674152226562500232e+02,-7.171812601650616159e+01
4.674155156250000118e+02,-7.639329839260585686e+01
4.674158085937500005e+02,-7.605152019222137483e+01
4.674161015624999891e+02,-7.461880670217499301e+01
4.674163945312500346e+02,-7.703452886353562690e+01
4.674166875000000232e+02,-8.396578694492141892e+01
4.674169804687500118e+02,-7.426783507924437799e+01
4.674172734375000005e+02,-7.903221274139779950e+01
4.674175664062499891e+02,-9.018770504056023185e+01
4.674178593750000346e+02,-8.594811505199076862e+01
4.674181523437500232e+02,-8.201263784831294856e+01
4.674184453125000118e+02,-7.855719155711670965e+01
4.674187382812500005e+02,-8.053157649411575392e+01
4.674190312499999891e+02,-6.890717224044911404e+01
4.674193242187500346e+02,-6.300261564331916020e+01
4.674196171875000232e+02,-7.420452234544895020e+01
4.674199101562500118e+02,-9.616826287741601220e+01
4.674202031250000005e+02,-8.688900460157994132e+01
4.674204960937499891e+02,-8.641956949700383461e+01
4.674207890625000346e+02,-8.201807505381232488e+01
4.674210820312500232e+02,-8.330834925303028626e+01
4.674213750000000118e+02,-7.566254966207037569e+01
4.674216679687500005e+02,-8.923449633983091189e+01
4.674219609374999891e+02,-7.207729727669871522e+01
4.674222539062500346e+02,-7.024420220498942058e+01
4.674225468750000232e+02,-7.281061037631614852e+01
4.674228398437500118e+02,-7.381915276475895382e+01
4.674231328125000005e+02,-8.006559058260975803e+01
4.674234257812499891e+02,-9.054330740090210838e+01
4.674237187500000346e+02,-7.847951734089691911e+01
4.674240117187500232e+02,-7.839124109606662216e+01
4.674243046875000118e+02,-8.645270092288288311e+01
4.674245976562500005e+02,-8.786430415225453316e+01
4.674248906249999891e+02,-8.222081996403829862e+01
4.674251835937500346e+02,-7.793784360641939202e+01
4.674254765625000232e+02,-8.183306255400951557e+01
4.674257695312500118e+02,-8.932525635037166012e+01
4.674260625000000005e+02,-8.195101153869195798e+01
4.674263554687499891e+02,-8.033067038723817177e+01
4.674266484375000346e+02,-8.048937873951139466e+01
4.674269414062500232e+02,-8.382070611809311345e+01
4.674272343750000118e+02,-1.252445695675731230e+02
4.674275273437500005e+02,-8.406534320724971110e+01
4.674278203124999891e+02,-7.718890548316059608e+01
4.674281132812500346e+02,-8.028776960378556282e+01
4.674284062500000232e+02,-7.986459902766557661e+01
4.674286992187500118e+02,-7.736521956386057752e+01
4.674289921875000005e+02,-8.107140207870030224e+01
4.674292851562499891e+02,-8.581422397048652329e+01
4.674295781250000346e+02,-7.905914156451362373e+01
4.674298710937500232e+02,-8.213106052454750738e+01
4.674301640625000118e+02,-8.839494572776186487e+01
4.674304570312500005e+02,-8.951464030602429034e+01
4.674307499999999891e+02,-7.929668859488022292e+01
4.674310429687500346e+02,-7.764777518240602205e+01
4.674313359375000232e+02,-8.208317736299093781e+01
4.674316289062500118e+02,-8.798598946209125415e+01
4.674319218750000005e+02,-8.045536987599487588e+01
4.674322148437499891e+02,-8.470733973221022950e+01
4.674325078125000346e+02,-8.249693396010806623e+01
4.674328007812500232e+02,-8.260403945131663761e+01
4.674330937500000118e+02,-9.665612786919935218e+01
4.674333867187500005e+02,-8.145156709668768258e+01
4.674336796874999891e+02,-8.714710684142589514e+01
4.674339726562500346e+02,-8.240642346623742753e+01
4.674342656250000232e+02,-7.841316142146415302e+01
4.674345585937500118e+02,-8.140037077951988920e+01
4.674348515625000005e+02,-8.394261780827170583e+01
4.674351445312499891e+02,-7.839332656201467842e+01
4.674354375000000346e+02,-8.133822610605716363e+01
4.674357304687500232e+02,-9.031982822549656476e+01
4.674360234375000118e+02,-8.285364707414987606e+01
4.674363164062500005e+02,-8.077592751974017915e+01
4.674366093749999891e+02,-8.608415683735930202e+01
4.674369023437500346e+02,-8.535141388470995594e+01
4.674371953125000232e+02,-8.479374853768904075e+01
4.674374882812500118e+02,-8.285208186578717005e+01
4.674377812500000005e+02,-8.999689876125052024e+01
4.674380742187499891e+02,-8.488732500701968320e+01
4.674383671875000346e+02,-8.453708338089862195e+01
4.674386601562500232e+02,-9.242550743929355406e+01
4.674389531250000118e+02,-8.200674232384318429e+01
4.674392460937500005e+02,-7.878480202850523995e+01
4.674395390624999891e+02,-8.457449174605044107e+01
4.674398320312500346e+02,-8.885775441239613315e+01
4.674401250000000232e+02,-9.741850135826021528e+01
4.674404179687500118e+02,-8.534338653432740784e+01
4.674407109375000005e+02,-8.206513839654461151e+01
4.674410039062499891e+02,-8.253910969868968550e+01
4.674412968750000346e+02,-8.194791630654805203e+01
4.674415898437500232e+02,-7.839315325906021314e+01
4.674418828125000118e+02,-7.811568506791984134e+01
4.674421757812500005e+02,-8.325898912114944039e+01
4.674424687499999891e+02,-8.423538318966242855e+01
4.674427617187500346e+02,-8.283238059501837824e+01
4.674430546875000232e+02,-8.524233824370594448e+01
4.674433476562500118e+02,-7.793572862903960186e+01
4.674436406250000005e+02,-7.779355210442228952e+01
4.674439335937499891e+02,-7.898153456256387983e+01
4.674442265625000346e+02,-7.927926390450410565e+01
4.674445195312500232e+02,-8.319815863787546562e+01
4.674448125000000118e+02,-8.474441104357450172e+01
4.674451054687500005e+02,-8.394449253969469282e+01
4.674453984374999891e+02,-8.496661569333424779e+01
4.674456914062500346e+02,-8.672428708422236809e+01
4.674459843750000232e+02,-7.936370172614341811e+01
4.674462773437500118e+02,-7.771362119561329962e+01
4.674465703125000005e+02,-7.868481407950258699e+01
4.674468632812499891e+02,-8.369032171286278299e+01
4.674471562500000346e+02,-9.049203740219043368e+01
4.674474492187500232e+02,-8.510504814919683270e+01
4.674477421875000118e+02,-8.212772066026744255e+01
4.674480351562500005e+02,-8.293820847458786716e+01
4.674483281249999891e+02,-8.426374571724986140e+01
4.674486210937500346e+02,-8.148719259927163705e+01
4.674489140625000232e+02,-8.212920545195748900e+01
4.674492070312500118e+02,-8.198889671816282032e+01
4.674495000000000005e+02,-7.912572671650789857e+01
4.674497929687499891e+02,-7.816928005782391153e+01
4.674500859375000346e+02,-8.197714336792635947e+01
4.674503789062500232e+02,-8.001196966983269476e+01
4.674506718750000118e+02,-8.427773722408377921e+01
4.674509648437500005e+02,-7.899400094594743393e+01
4.674512578124999891e+02,-7.705127727994300812e+01
4.674515507812500346e+02,-7.533824167861864396e+01
4.674518437500000232e+02,-7.969530500049950206e+01
4.674521367187500118e+02,-8.458877184415185013e+01
4.674524296875000005e+02,-8.459356288436879368e+01
4.674527226562499891e+02,-8.096490946942905964e+01
4.674530156250000346e+02,-8.057138966015359927e+01
4.674533085937500232e+02,-7.973434716836993630e+01
4.674536015625000118e+02,-7.807496212782990597e+01
4.674538945312500005e+02,-7.862874779597456154e+01
4.674541874999999891e+02,-7.959219541419980715e+01
4.674544804687500346e+02,-7.703320942089143841e+01
4.674547734375000232e+02,-7.561063936469102487e+01
4.674550664062500118e+02,-7.707433961186951876e+01
4.674553593750000005e+02,-8.135012741853343243e+01
4.674556523437499891e+02,-7.761533093184644372e+01
4.674559453125000346e+02,-7.642029494376829746e+01
4.674562382812500232e+02,-7.748134250371349196e+01
4.674565312500000118e+02,-8.560827584574553839e+01
4.674568242187500005e+02,-8.053051305953079009e+01
4.674571171874999891e+02,-7.518125278189666005e+01
4.674574101562500346e+02,-7.494514625530217700e+01
4.674577031250000232e+02,-7.815084380765404148e+01
4.674579960937500118e+02,-7.783646392923343171e+01
4.674582890625000005e+02,-8.182726003033164375e+01
4.674585820312499891e+02,-7.856276540167687017e+01
4.674588750000000346e+02,-8.227063745427501829e+01
4.674591679687500232e+02,-8.323985117091757502e+01
4.674594609375000118e+02,-7.763875271291824731e+01
4.674597539062500005e+02,-7.661156438342038655e+01
4.674600468749999891e+02,-8.245253258518695816e+01
4.674603398437500346e+02,-7.805266199030103280e+01
4.674606328125000232e+02,-8.501915846435059620e+01
4.674609257812500118e+02,-7.516595783477234249e+01
4.674612187500000005e+02,-7.668500000259705018e+01
4.674615117187499891e+02,-7.905348560162192939e+01
4.674618046875000346e+02,-8.686532088086495662e+01
4.674620976562500232e+02,-8.340702122563875776e+01
4.674623906250000118e+02,-8.130653498888848674e+01
4.674626835937500005e+02,-8.677112460752992718e+01
4.674629765624999891e+02,-8.323030907650135646e+01
4.674632695312500346e+02,-8.943279181641554487e+01
4.674635625000000232e+02,-7.749457223064757727e+01
4.674638554687500118e+02,-7.480424171614056661e+01
4.674641484375000005e+02,-7.740727644380601191e+01
4.674644414062499891e+02,-6.917615069157866969e+01
4.674647343750000346e+02,-8.102021200217726005e+01
4.674650273437500232e+02,-8.098033279868202783e+01
4.674653203125000118e+02,-8.294266416578236090e+01
4.674656132812500005e+02,-8.013904488614761590e+01
4.674659062499999891e+02,-7.933457826190452522e+01
4.674661992187500346e+02,-7.493437524235953617e+01
4.674664921875000232e+02,-8.164083175720422503e+01
4.674667851562500118e+02,-8.183963460803255430e+01
4.674670781250000005e+02,-7.880457031038231719e+01
4.674673710937499891e+02,-7.777521687600986411e+01
4.674676640625000346e+02,-7.717383163214719843e+01
4.674679570312500232e+02,-7.413076556765840053e+01
4.674682500000000118e+02,-7.859621289887738271e+01
4.674685429687500005e+02,-8.714804428320562124e+01
4.674688359374999891e+02,-7.674805955167042271e+01
4.674691289062500346e+02,-7.386726889187227130e+01
4.674694218750000232e+02,-7.461048825491494085e+01
4.674697148437500118e+02,-7.665549214731206007e+01
4.674700078125000005e+02,-8.595831764233193439e+01
4.674703007812499891e+02,-8.137136243463275775e+01
4.674705937500000346e+02,-7.666273131040139788e+01
4.674708867187500232e+02,-8.054794693956922913e+01
4.674711796875000118e+02,-7.971436508523295572e+01
4.674714726562500005e+02,-7.267540204375414703e+01
4.674717656249999891e+02,-6.913408434728842167e+01
4.674720585937500346e+02,-7.332690978384752611e+01
4.674723515625000232e+02,-7.472018947547081780e+01
4.674726445312500118e+02,-7.654481067406527472e+01
4.674729375000000005e+02,-8.690663966088251868e+01
4.674732304687499891e+02,-7.335959259628965867e+01
4.674735234375000346e+02,-7.486880754054270426e+01
4.674738164062500232e+02,-7.955951740494306534e+01
4.674741093750000118e+02,-7.842066370097478512e+01
4.674744023437500005e+02,-7.631610239521833705e+01
4.674746953124999891e+02,-7.934436983200741622e+01
4.674749882812500346e+02,-9.245362871208391198e+01
4.674752812500000232e+02,-9.050971672596070050e+01
4.674755742187500118e+02,-8.064969579649513776e+01
4.674758671875000005e+02,-7.559269353647037804e+01
4.674761601562499891e+02,-7.016972325343436978e+01
4.674764531250000346e+02,-7.095454947426974002e+01
4.674767460937500232e+02,-8.991532600401038167e+01
4.674770390625000118e+02,-9.867698387776346181e+01
4.674773320312500005e+02,-7.398804180433315025e+01
4.674776249999999891e+02,-7.482973834693223125e+01
4.674779179687500346e+02,-7.849619305704995043e+01
4.674782109375000232e+02,-6.517929615228909768e+01
4.674785039062500118e+02,-6.262168044130444855e+01
4.674787968750000005e+02,-6.663156385871144494e+01
4.674790898437499891e+02,-9.259288771140759877e+01
4.674793828125000346e+02,-7.688415905729245026e+01
4.674796757812500232e+02,-7.878479309529376451e+01
4.674799687500000118e+02,-7.400472777537265756e+01
4.674802617187500005e+02,-7.134886808629805444e+01
4.674805546874999891e+02,-7.125635829640989982e+01
4.674808476562500346e+02,-7.967587943731318489e+01
4.674811406250000232e+02,-6.424208444337469359e+01
4.674814335937500118e+02,-5.386367099751617360e+01
4.674817265625000005e+02,-6.094458412834629257e+01
4.674820195312499891e+02,-6.947483787624722140e+01
4.674823125000000346e+02,-7.330224991166630844e+01
4.674826054687500232e+02,-8.848990086746125883e+01
4.674828984375000118e+02,-7.623891361234959163e+01
4.674831914062500005e+02,-7.006956595835939083e+01
4.674834843749999891e+02,-6.830525490174461822e+01
4.674837773437500346e+02,-7.117075734236522067e+01
4.674840703125000232e+02,-6.705878462413028274e+01
4.674843632812500118e+02,-6.168214010689916194e+01
4.674846562500000005e+02,-6.308412726938548332e+01
4.674849492187499891e+02,-6.659840912332904850e+01
4.674852421875000346e+02,-7.108597409447585846e+01
4.674855351562500232e+02,-6.587294109703233858e+01
4.674858281250000118e+02,-7.388284273536784497e+01
4.674861210937500005e+02,-7.611420658724098587e+01
4.674864140624999891e+02,-7.654876148042900752e+01
4.674867070312500346e+02,-7.272525873517035677e+01
4.674870000000000232e+02,-6.895240127050678325e+01
4.674872929687500118e+02,-7.065056003974531507e+01
4.674875859375000005e+02,-7.295213742450881966e+01
4.674878789062499891e+02,-8.469018439343805937e+01
4.674881718750000346e+02,-7.803267313359602042e+01
4.674884648437500232e+02,-7.009136582646809188e+01
4.674887578125000118e+02,-6.975323391447541610e+01
4.674890507812500005e+02,-6.966034018763737379e+01
4.674893437499999891e+02,-7.104396854510262926e+01
4.674896367187500346e+02,-7.975898113077175822e+01
4.674899296875000232e+02,-8.052138073977388899e+01
4.674902226562500118e+02,-7.221417837765200431e+01
4.674905156250000005e+02,-7.026248918779191399e+01
4.674908085937499891e+02,-7.266383065685515419e+01
4.674911015625000346e+02,-7.704573166715670141e+01
4.674913945312500232e+02,-7.623423067994809799e+01
4.674916875000000118e+02,-8.470171106657014093e+01
4.674919804687500005e+02,-7.742964162869716915e+01
4.674922734374999891e+02,-7.280848166822315193e+01
4.674925664062500346e+02,-6.990497462084088909e+01
4.674928593750000232e+02,-7.275328137250305360e+01
4.674931523437500118e+02,-8.627804471156014188e+01
4.674934453125000005e+02,-7.683680263361532070e+01
4.674937382812499891e+02,-7.833159377406599333e+01
4.674940312500000346e+02,-8.022225588154498155e+01
4.674943242187500232e+02,-7.810666654437740419e+01
4.674946171875000118e+02,-8.381556997318799063e+01
4.674949101562500005e+02,-8.273977632866089493e+01
4.674952031249999891e+02,-8.610032896740048614e+01
4.674954960937500346e+02,-8.745069945491701446e+01
4.674957890625000232e+02,-7.919532197262776663e+01
4.674960820312500118e+02,-8.445310049124506691e+01
4.674963750000000005e+02,-9.365229148393574121e+01
4.674966679687499891e+02,-7.795436356227935448e+01
4.674969609375000346e+02,-7.681410179485263257e+01
4.674972539062500232e+02,-8.309673600211883127e+01
4.674975468750000118e+02,-8.355024211080790053e+01
4.674978398437500005e+02,-7.770754817776754919e+01
4.674981328124999891e+02,-7.655363473129774832e+01
4.674984257812500346e+02,-7.611633425504477657e+01
4.674987187500000232e+02,-8.074576892354259883e+01
4.674990117187500118e+02,-8.498256890215009207e+01
4.674993046875000005e+02,-7.406569751617065833e+01
4.674995976562499891e+02,-7.822976275059792783e+01
4.674998906250000346e+02,-8.038561708969558595e+01
4.675001835937500232e+02,-7.688693745566951065e+01
4.675004765625000118e+02,-8.539649671066817405e+01
4.675007695312500005e+02,-9.434115155673275410e+01
4.675010624999999891e+02,-8.664131279910891692e+01
4.675013554687500346e+02,-8.713915639733184548e+01
4.675016484375000232e+02,-7.680815922091332482e+01
4.675019414062500118e+02,-7.929855895402879185e+01
4.675022343750000005e+02,-8.046717240902658830e+01
4.675025273437499891e+02,-7.909055604491805980e+01
4.675028203125000346e+02,-9.077855714476301330e+01
4.675031132812500232e+02,-8.190229960794404462e+01
4.675034062500000118e+02,-8.218304321243637389e+01
4.675036992187500005e+02,-7.797589826510892408e+01
4.675039921874999891e+02,-7.666238295196349384e+01
4.675042851562500346e+02,-8.056257186349856170e+01
4.675045781250000232e+02,-8.205014575532248955e+01
4.675048710937500118e+02,-8.380928526785972110e+01
4.675051640625000005e+02,-8.063754039365632309e+01
4.675054570312499891e+02,-9.747171800324430535e+01
4.675057500000000346e+02,-7.972792842922034140e+01
4.675060429687500232e+02,-8.181791875599046193e+01
4.675063359375000118e+02,-8.059545445985959589e+01
4.675066289062500005e+02,-8.060568993389057368e+01
4.675069218749999891e+02,-8.502882546741557235e+01
4.675072148437500346e+02,-8.325628587377579493e+01
4.675075078125000232e+02,-7.966168133597967937e+01
4.675078007812500118e+02,-7.724471346851311182e+01
4.675080937500000005e+02,-7.321037239924544338e+01
4.675083867187499891e+02,-7.591439443277957366e+01
4.675086796875000346e+02,-9.365156012673379848e+01
4.675089726562500232e+02,-7.793702197974965884e+01
4.675092656250000118e+02,-7.743756367537348240e+01
4.675095585937500005e+02,-7.709553829645702194e+01
4.675098515624999891e+02,-8.745243196460889124e+01
4.675101445312500346e+02,-8.067817828995244156e+01
4.675104375000000232e+02,-7.500821070339804919e+01
4.675107304687500118e+02,-7.289713363561291715e+01
4.675110234375000005e+02,-7.772483976048923182e+01
4.675113164062499891e+02,-9.221831896908626902e+01
4.675116093750000346e+02,-9.071775351356771466e+01
4.675119023437500232e+02,-8.215159419574126787e+01
4.675121953125000118e+02,-7.729775552510682246e+01
4.675124882812500005e+02,-7.692291060652357260e+01
4.675127812499999891e+02,-7.797892517126284417e+01
4.675130742187500346e+02,-8.036856375262836139e+01
4.675133671875000232e+02,-8.062364259296317925e+01
4.675136601562500118e+02,-8.211959941435004851e+01
4.675139531250000005e+02,-8.116646525038015625e+01
4.675142460937499891e+02,-8.430350698370722284e+01
4.675145390625000346e+02,-7.980726511196078832e+01
4.675148320312500232e+02,-8.352105231196064494e+01
4.675151250000000118e+02,-8.114329841515468900e+01
4.675154179687500005e+02,-8.257317267745385436e+01
4.675157109374999891e+02,-8.591531880884764405e+01
4.675160039062500346e+02,-8.043261223549949079e+01
4.675162968750000232e+02,-8.774417528746792527e+01
4.675165898437500118e+02,-8.294316360185591464e+01
4.675168828125000005e+02,-7.883178835026755849e+01
4.675171757812499891e+02,-7.388700498019943552e+01
4.675174687500000346e+02,-7.642139484437178965e+01
4.675177617187500232e+02,-8.581447009989150843e+01
4.675180546875000118e+02,-7.754655576211148116e+01
4.675183476562500005e+02,-7.608151399361656786e+01
4.675186406249999891e+02,-8.537261243396572752e+01
4.675189335937500346e+02,-7.787106175352009529e+01
4.675192265625000232e+02,-7.703868082076094481e+01
4.675195195312500118e+02,-8.019030039828865597e+01
4.675198125000000005e+02,-8.114116544576278045e+01
4.675201054687499891e+02,-8.595198890799625246e+01
4.675203984375000346e+02,-8.614809033469344968e+01
4.675206914062500232e+02,-8.003060100541449629e+01
4.675209843750000118e+02,-7.750040202713995541e+01
4.675212773437500005e+02,-8.391442559431057191e+01
4.675215703124999891e+02,-7.582410643622344537e+01
4.675218632812500346e+02,-7.086914053865525887e+01
4.675221562500000232e+02,-7.453349483333498426e+01
4.675224492187500118e+02,-7.356145866217852358e+01
4.675227421875000005e+02,-7.793456443579803761e+01
4.675230351562499891e+02,-7.448724098269275373e+01
4.675233281250000346e+02,-7.383355565517824459e+01
4.675236210937500232e+02,-7.064681526826275615e+01
4.675239140625000118e+02,-7.337142426220702873e+01
4.675242070312500005e+02,-8.011016606745354807e+01
4.675244999999999891e+02,-1.027879045345578959e+02
4.675247929687500346e+02,-7.297934926193300953e+01
4.675250859375000232e+02,-7.463948762896886535e+01
4.675253789062500118e+02,-9.129516026577934440e+01
4.675256718750000005e+02,-7.823046265249489295e+01
4.675259648437499891e+02,-7.305149519224460164e+01
4.675262578125000346e+02,-6.189792078721497148e+01
4.675265507812500232e+02,-4.907068334825991940e+01
4.675268437500000118e+02,-5.213362345211932336e+01
4.675271367187500005e+02,-7.441215333791261344e+01
4.675274296874999891e+02,-6.828451033699371919e+01
4.675277226562500346e+02,-6.759529742493620574e+01
4.675280156250000232e+02,-7.366040501342753544e+01
4.675283085937500118e+02,-7.474485501047334424e+01
4.675286015625000005e+02,-7.030404944792005040e+01
4.675288945312499891e+02,-7.130648379163791617e+01
4.675291875000000346e+02,-8.458254844243205639e+01
4.675294804687500232e+02,-6.673140486911164260e+01
4.675297734375000118e+02,-6.568724883531874070e+01
4.675300664062500005e+02,-6.672606199034045460e+01
4.675303593749999891e+02,-6.762308160623091169e+01
4.675306523437500346e+02,-6.535377528788747270e+01
4.675309453125000232e+02,-6.741348702350134658e+01
4.675312382812500118e+02,-7.193222504652230498e+01
4.675315312500000005e+02,-6.650714400158713602e+01
4.675318242187499891e+02,-6.593061580371258401e+01
4.675321171875000346e+02,-6.989861907420494447e+01
4.675324101562500232e+02,-7.249531617436173292e+01
4.675327031250000118e+02,-7.260924773020248324e+01
4.675329960937500005e+02,-8.862549572940365294e+01
4.675332890624999891e+02,-7.713875291066996454e+01
4.675335820312500346e+02,-6.970407061418353578e+01
4.675338750000000232e+02,-6.808690864089973616e+01
4.675341679687500118e+02,-7.402055562665650257e+01
4.675344609375000005e+02,-7.669047588202981558e+01
4.675347539062499891e+02,-7.127964060689069470e+01
4.675350468750000346e+02,-7.444089284529979977e+01
4.675353398437500232e+02,-6.763130944959380031e+01
4.675356328125000118e+02,-6.797746950910442365e+01
4.675359257812500005e+02,-7.644050235712721530e+01
4.675362187499999891e+02,-7.297969716722350597e+01
4.675365117187500346e+02,-7.063840927528951852e+01
4.675368046875000232e+02,-8.563720355294950082e+01
4.675370976562500118e+02,-7.317603337208510084e+01
4.675373906250000005e+02,-7.318724315943781278e+01
4.675376835937499891e+02,-7.425581990552893785e+01
4.675379765625000346e+02,-7.658441327204725724e+01
4.675382695312500232e+02,-7.223254923618002010e+01
4.675385625000000118e+02,-6.827240011757432114e+01
4.675388554687500005e+02,-7.578536354505168049e+01
4.675391484374999891e+02,-8.034303763854754266e+01
4.675394414062500346e+02,-7.480762295058268307e+01
4.675397343750000232e+02,-7.841244621422714545e+01
4.675400273437500118e+02,-7.622241525528524164e+01
4.675403203125000005e+02,-6.834252976246622779e+01
4.675406132812499891e+02,-6.771504990586498707e+01
4.675409062500000346e+02,-7.067742600900612615e+01
4.675411992187500232e+02,-7.398374563381510427e+01
4.675414921875000118e+02,-7.253320740542687872e+01
4.675417851562500005e+02,-7.290374300928222340e+01
4.675420781249999891e+02,-7.442840464300758185e+01
4.675423710937500346e+02,-7.089354781782732573e+01
4.675426640625000232e+02,-7.177847346434103315e+01
4.675429570312500118e+02,-7.124075856400094153e+01
4.675432500000000005e+02,-7.711264413165173437e+01
4.675435429687499891e+02,-6.589320703141596880e+01
4.675438359375000346e+02,-6.604146367943022256e+01
4.675441289062500232e+02,-8.003328459656745508e+01
4.675444218750000118e+02,-7.401616028184309926e+01
4.675447148437500005e+02,-7.255119641885622173e+01
4.675450078124999891e+02,-7.282335250444921826e+01
4.675453007812500346e+02,-7.273873193406717519e+01
4.675455937500000232e+02,-7.464600590261639468e+01
4.675458867187500118e+02,-8.090223764747337043e+01
4.675461796875000005e+02,-7.695115687666027782e+01
4.675464726562499891e+02,-7.706390869372160068e+01
4.675467656250000346e+02,-7.581247950210006081e+01
4.675470585937500232e+02,-7.168539740161689622e+01
4.675473515625000118e+02,-7.599077053979128493e+01
4.675476445312500005e+02,-8.644401762366635467e+01
4.675479374999999891e+02,-7.514302650369661762e+01
4.675482304687500346e+02,-7.298197661695594718e+01
4.675485234375000232e+02,-7.588546195960948637e+01
4.675488164062500118e+02,-7.347086466320698150e+01
4.675491093750000005e+02,-7.195034770079791997e+01
4.675494023437499891e+02,-7.386117938195026511e+01
4.675496953125000346e+02,-7.285167691373017362e+01
4.675499882812500232e+02,-7.555748271840735697e+01
4.675502812500000118e+02,-7.696656374222210673e+01
4.675505742187500005e+02,-7.472291952965257167e+01
4.675508671874999891e+02,-7.468827566015876585e+01
4.675511601562500346e+02,-7.317552079565773226e+01
4.675514531250000232e+02,-7.462276085966168182e+01
4.675517460937500118e+02,-7.450523231009348990e+01
4.675520390625000005e+02,-7.451745933034021618e+01
4.675523320312499891e+02,-7.824918404587117493e+01
4.675526250000000346e+02,-8.260401978081746677e+01
4.675529179687500232e+02,-7.509597471674092617e+01
4.675532109375000118e+02,-7.399854777932547734e+01
4.675535039062500005e+02,-7.592250473057470117e+01
4.675537968749999891e+02,-7.601913712022788161e+01
4.675540898437500346e+02,-7.243747551040524968e+01
4.675543828125000232e+02,-7.178821147364001831e+01
4.675546757812500118e+02,-7.221065459266952757e+01
4.675549687500000005e+02,-9.157249436196909187e+01
4.675552617187499891e+02,-8.009347985349944565e+01
4.675555546875000346e+02,-7.382334163733877119e+01
4.675558476562500232e+02,-6.837518578054837803e+01
4.675561406250000118e+02,-6.982231512941413598e+01
4.675564335937500005e+02,-7.334067812197756098e+01
4.675567265624999891e+02,-8.288836083256234133e+01
4.675570195312500346e+02,-9.506465112822299091e+01
4.675573125000000232e+02,-8.036568153310561513e+01
4.675576054687500118e+02,-9.138790671548007083e+01
4.675578984375000005e+02,-7.775001087358961627e+01
4.675581914062499891e+02,-8.541814196825556849e+01
4.675584843750000346e+02,-7.801383065282811913e+01
4.675587773437500232e+02,-7.603711785467481832e+01
4.675590703125000118e+02,-7.530278613891414352e+01
4.675593632812500005e+02,-7.963474652725024328e+01
4.675596562499999891e+02,-9.292602910261402371e+01
4.675599492187500346e+02,-7.646125455856220299e+01
4.675602421875000232e+02,-7.104476577465821663e+01
4.675605351562500118e+02,-7.482461385779046736e+01
4.675608281250000005e+02,-7.056104243323436265e+01
4.675611210937499891e+02,-7.001857380685113696e+01
4.675614140625000346e+02,-7.247630568005934038e+01
4.675617070312500232e+02,-7.593978841746967134e+01
4.675620000000000118e+02,-6.960215477134616435e+01
4.675622929687500005e+02,-6.741225135617267483e+01
4.675625859374999891e+02,-7.265135927331289167e+01
4.675628789062500346e+02,-8.632183399928689482e+01
4.675631718750000232e+02,-7.855489163189764668e+01
4.675634648437500118e+02,-7.834757076145743326e+01
4.675637578125000005e+02,-7.741122895799860260e+01
4.675640507812499891e+02,-8.283331686576718766e+01
4.675643437500000346e+02,-7.639572474174264016e+01
4.675646367187500232e+02,-6.941068395115573253e+01
4.675649296875000118e+02,-7.090432408080741311e+01
4.675652226562500005e+02,-7.595238193961117190e+01
4.675655156249999891e+02,-7.386048215639421244e+01
4.675658085937500346e+02,-7.314263108337237895e+01
4.675661015625000232e+02,-8.007002119948117524e+01
4.675663945312500118e+02,-7.845521436959093364e+01
4.675666875000000005e+02,-7.192824432705620552e+01
4.675669804687499891e+02,-6.531284469504275592e+01
4.675672734375000346e+02,-6.423071250567363677e+01
4.675675664062500232e+02,-6.886257871184777457e+01
4.675678593750000118e+02,-6.925066006673178265e+01
4.675681523437500005e+02,-7.208332760388427118e+01
4.675684453124999891e+02,-6.507672932352627981e+01
4.675687382812500346e+02,-6.514133409105393469e+01
4.675690312500000232e+02,-7.044680658347733981e+01
4.675693242187500118e+02,-6.815692040026935672e+01
4.675696171875000005e+02,-7.080423294153430902e+01
4.675699101562499891e+02,-8.605270999575441238e+01
4.675702031250000346e+02,-8.584858007332391594e+01
4.675704960937500232e+02,-8.050734395102269048e+01
4.675707890625000118e+02,-6.994075763202590679e+01
4.675710820312500005e+02,-6.712358393590443484e+01
4.675713749999999891e+02,-7.121929561997129099e+01
4.675716679687500346e+02,-7.242729230144531982e+01
4.675719609375000232e+02,-7.549193392304390215e+01
4.675722539062500118e+02,-9.127697964669856390e+01
4.675725468750000005e+02,-7.387391347778984141e+01
4.675728398437499891e+02,-6.941643700310794429e+01
4.675731328125000346e+02,-8.652514566543953833e+01
4.675734257812500232e+02,-6.573941510455084369e+01
4.675737187500000118e+02,-6.642568791269134465e+01
4.675740117187500005e+02,-7.168400366230174825e+01
4.675743046874999891e+02,-6.629624254966310559e+01
4.675745976562500346e+02,-6.898567225130412339e+01
4.675748906250000232e+02,-7.099854179867477910e+01
4.675751835937500118e+02,-7.450758028980355618e+01
4.675754765625000005e+02,-7.868932003451763535e+01
4.675757695312499891e+02,-7.041281726592677614e+01
4.675760625000000346e+02,-7.612326757892898854e+01
4.675763554687500232e+02,-7.843750404322395298e+01
4.675766484375000118e+02,-6.823133918451108570e+01
4.675769414062500005e+02,-6.839865624359237017e+01
4.675772343749999891e+02,-7.747287038084884614e+01
4.675775273437500346e+02,-6.390839294401978776e+01
4.675778203125000232e+02,-6.161476338028522548e+01
4.675781132812500118e+02,-6.416393627940759359e+01
4.675784062500000005e+02,-6.278242590457658423e+01
4.675786992187499891e+02,-6.317741473955371845e+01
4.675789921875000346e+02,-6.310551112267989993e+01
4.675792851562500232e+02,-6.304212388255642452e+01
4.675795781250000118e+02,-6.175893100507147437e+01
4.675798710937500005e+02,-5.914322152268724153e+01
4.675801640624999891e+02,-6.388722227987825875e+01
4.675804570312500346e+02,-7.749137226174299542e+01
4.675807500000000232e+02,-6.356436804929485618e+01
4.675810429687500118e+02,-6.045917651924352043e+01
4.675813359375000005e+02,-6.560705412019689220e+01
4.675816289062499891e+02,-7.200901794278490797e+01
4.675819218750000346e+02,-6.598431106880224206e+01
4.675822148437500232e+02,-7.088861018170818795e+01
4.675825078125000118e+02,-7.093612136831001180e+01
4.675828007812500005e+02,-6.450869170867784419e+01
4.675830937499999891e+02,-6.080701001425814667e+01
4.675833867187500346e+02,-5.904198498476312551e+01
4.675836796875000232e+02,-5.980765313107235670e+01
4.675839726562500118e+02,-6.584094581520288614e+01
4.675842656250000005e+02,-7.709734822253658137e+01
4.675845585937499891e+02,-5.489623553110430265e+01
4.675848515625000346e+02,-5.287859691464962708e+01
4.675851445312500232e+02,-5.697895037955529318e+01
4.675854375000000118e+02,-5.407053948698256107e+01
4.675857304687500005e+02,-4.987441790555983090e+01
4.675860234374999891e+02,-5.090872301842378533e+01
4.675863164062500346e+02,-6.186605523555253683e+01
4.675866093750000232e+02,-5.691310037980861125e+01
4.675869023437500118e+02,-6.067445716311644333e+01
4.675871953125000005e+02,-5.940232777575090495e+01
4.675874882812499891e+02,-6.955919218294029349e+01
4.675877812500000346e+02,-6.203092054522343091e+01
4.675880742187500232e+02,-5.830066889271380148e+01
4.675883671875000118e+02,-5.599081016989190118e+01
4.675886601562500005e+02,-3.224331135415022231e+01
4.675889531249999891e+02,-3.035861706891743950e+01
4.675892460937500346e+02,-4.444098096875854509e+01
4.675895390625000232e+02,-6.072178109883527242e+01
4.675898320312500118e+02,-5.901071859352833116e+01
4.675901250000000005e+02,-6.410065894974954404e+01
4.675904179687499891e+02,-6.413559252301925540e+01
4.675907109375000346e+02,-5.908761132027219531e+01
4.675910039062500232e+02,-5.806625808882274953e+01
4.675912968750000118e+02,-6.757644539996162791e+01
4.675915898437500005e+02,-5.234842464397681283e+01
4.675918828124999891e+02,-5.069911650770353617e+01
4.675921757812500346e+02,-5.272050661338540323e+01
4.675924687500000232e+02,-5.998904543037950532e+01
4.675927617187500118e+02,-5.460422281280244050e+01
4.675930546875000005e+02,-5.475880697996299062e+01
4.675933476562499891e+02,-6.588281439426681629e+01
4.675936406250000346e+02,-6.733677353564387147e+01
4.675939335937500232e+02,-6.058864966267415753e+01
4.675942265625000118e+02,-6.008370416712630657e+01
4.675945195312500005e+02,-6.385425337719881611e+01
4.675948124999999891e+02,-6.607153166511916709e+01
4.675951054687500346e+02,-7.611170157526213131e+01
4.675953984375000232e+02,-6.659630233526578991e+01
4.675956914062500118e+02,-6.179682443312951534e+01
4.675959843750000005e+02,-6.281965137586304593e+01
4.675962773437499891e+02,-7.698665063705871603e+01
4.675965703125000346e+02,-6.717886688541240403e+01
4.675968632812500232e+02,-6.451768680818622670e+01
4.675971562500000118e+02,-7.209850470171275560e+01
4.675974492187500005e+02,-6.644316544419116610e+01
4.675977421874999891e+02,-6.065486900655278646e+01
4.675980351562500346e+02,-6.068069250544637327e+01
4.675983281250000232e+02,-6.376178424332871941e+01
4.675986210937500118e+02,-6.250464527909702639e+01
4.675989140625000005e+02,-6.590265401298599102e+01
4.675992070312499891e+02,-6.833813545087900820e+01
4.675995000000000346e+02,-6.594572105108169069e+01
4.675997929687500232e+02,-6.185866449274957546e+01
4.676000859375000118e+02,-6.364350982463978568e+01
4.676003789062500005e+02,-8.029792440849740842e+01
4.676006718749999891e+02,-6.499353700674610934e+01
4.676009648437500346e+02,-6.710256129383641621e+01
4.676012578125000232e+02,-7.076460134859699735e+01
4.676015507812500118e+02,-7.444844049906291161e+01
4.676018437500000005e+02,-7.483128245761251662e+01
4.676021367187499891e+02,-8.440985421751187801e+01
4.676024296875000346e+02,-6.842959332256889127e+01
4.676027226562500232e+02,-7.033739636398598805e+01
4.676030156250000118e+02,-6.811506299055180591e+01
4.676033085937500005e+02,-6.907012353276293481e+01
4.676036015624999891e+02,-7.744818409650926583e+01
4.676038945312500346e+02,-6.816748533522417119e+01
4.676041875000000232e+02,-6.601955774700284962e+01
4.676044804687500118e+02,-7.288291647830298814e+01
4.676047734375000005e+02,-7.059655205896542896e+01
4.676050664062499891e+02,-7.195760267617814065e+01
4.676053593750000346e+02,-7.344088630263219386e+01
4.676056523437500232e+02,-7.235753567713118173e+01
4.676059453125000118e+02,-7.054590949453863402e+01
4.676062382812500005e+02,-7.760990613986241726e+01
4.676065312499999891e+02,-6.622910662716060415e+01
4.676068242187500346e+02,-7.216680975022860878e+01
4.676071171875000232e+02,-7.570786491927850648e+01
4.676074101562500118e+02,-7.326817408392597031e+01
4.676077031250000005e+02,-7.632594345828400151e+01
4.676079960937499891e+02,-7.074294648388874407e+01
4.676082890625000346e+02,-7.064566336521690459e+01
4.676085820312500232e+02,-6.870191544262274874e+01
4.676088750000000118e+02,-6.654823901372635930e+01
4.676091679687500005e+02,-6.521700411991554347e+01
4.676094609374999891e+02,-7.143661029010479524e+01
4.676097539062500346e+02,-7.031060935823022362e+01
4.676100468750000232e+02,-6.666533824837328837e+01
4.676103398437500118e+02,-6.279387143819754158e+01
4.676106328125000005e+02,-6.365655247609561229e+01
4.676109257812499891e+02,-6.946293734301660550e+01
4.676112187500000346e+02,-8.746905730597322304e+01
4.676115117187500232e+02,-7.892957096812834550e+01
4.676118046875000118e+02,-7.331546473797861552e+01
4.676120976562500005e+02,-7.406372934719465206e+01
4.676123906249999891e+02,-7.368152376414512617e+01
4.676126835937500346e+02,-6.751667214692848518e+01
4.676129765625000232e+02,-6.561390262884378899e+01
4.676132695312500118e+02,-7.153720095612294472e+01
4.676135625000000005e+02,-7.828559384434976209e+01
4.676138554687499891e+02,-7.393995619539467157e+01
4.676141484375000346e+02,-7.242307536215199093e+01
4.676144414062500232e+02,-7.581589395636359541e+01
4.676147343750000118e+02,-8.062661380285057078e+01
4.676150273437500005e+02,-7.411096320776863422e+01
4.676153203124999891e+02,-6.560486069420997524e+01
4.676156132812500346e+02,-6.746857759654002962e+01
4.676159062500000232e+02,-7.750843650796394968e+01
4.676161992187500118e+02,-7.341443402474649815e+01
4.676164921875000005e+02,-7.037217307195517435e+01
4.676167851562499891e+02,-6.986667371281670569e+01
4.676170781250000346e+02,-7.285044125619302235e+01
4.676173710937500232e+02,-7.142174055305714830e+01
4.676176640625000118e+02,-6.997729420658599508e+01
4.676179570312500005e+02,-7.413020123513814497e+01
4.676182499999999891e+02,-7.993874015700892244e+01
4.676185429687500346e+02,-7.276010203607533811e+01
4.676188359375000232e+02,-6.977922855460441554e+01
4.676191289062500118e+02,-7.053475753316661212e+01
4.676194218750000005e+02,-7.625070598793239185e+01
4.676197148437499891e+02,-7.059294858009359075e+01
4.676200078125000346e+02,-6.955148238382801651e+01
4.676203007812500232e+02,-7.579662765410141390e+01
4.676205937500000118e+02,-7.735815273790399260e+01
4.676208867187500005e+02,-8.230791595259017868e+01
4.676211796874999891e+02,-7.667488167872640759e+01
4.676214726562500346e+02,-7.355519415033330688e+01
4.676217656250000232e+02,-7.110619799615476211e+01
4.676220585937500118e+02,-7.297690566374845389e+01
4.676223515625000005e+02,-9.186387794780786464e+01
4.676226445312499891e+02,-7.807904832710281084e+01
4.676229375000000346e+02,-7.391786815096392615e+01
4.676232304687500232e+02,-7.151569680786978722e+01
4.676235234375000118e+02,-7.068579659397826731e+01
4.676238164062500005e+02,-7.202747673368796200e+01
4.676241093749999891e+02,-7.573464604347903162e+01
4.676244023437500346e+02,-7.440280770961001622e+01
4.676246953125000232e+02,-7.351186350720971063e+01
4.676249882812500118e+02,-7.638731987685196145e+01
4.676252812500000005e+02,-7.670774337330048809e+01
4.676255742187499891e+02,-7.859851356095164476e+01
4.676258671875000346e+02,-7.644861328547315793e+01
4.676261601562500232e+02,-7.283876911840951607e+01
4.676264531250000118e+02,-7.163360410495313602e+01
4.676267460937500005e+02,-6.847529127919356995e+01
4.676270390624999891e+02,-6.788081496500788603e+01
4.676273320312500346e+02,-7.237803549067281494e+01
4.676276250000000232e+02,-7.767781579710151618e+01
4.676279179687500118e+02,-7.127558218690438707e+01
4.676282109375000005e+02,-6.943616907127179161e+01
4.676285039062499891e+02,-7.019273751486304036e+01
4.676287968750000346e+02,-7.374948868011280467e+01
4.676290898437500232e+02,-8.229642594362911723e+01
4.676293828125000118e+02,-7.932340447536549277e+01
4.676296757812500005e+02,-7.347323739872513215e+01
4.676299687499999891e+02,-7.416797913540153786e+01
4.676302617187500346e+02,-7.740068707526360470e+01
4.676305546875000232e+02,-9.135741589896893800e+01
4.676308476562500118e+02,-7.510315735376389057e+01
4.676311406250000005e+02,-7.046962421152419154e+01
4.676314335937499891e+02,-7.376697732322202228e+01
4.676317265625000346e+02,-7.743340705792745382e+01
4.676320195312500232e+02,-8.109791690992631175e+01
4.676323125000000118e+02,-7.533229717087122879e+01
4.676326054687500005e+02,-7.060503248437878199e+01
4.676328984374999891e+02,-6.959995618397815065e+01
4.676331914062500346e+02,-7.908365731872805782e+01
4.676334843750000232e+02,-8.026218718249995732e+01
4.676337773437500118e+02,-7.567793822236269818e+01
4.676340703125000005e+02,-6.808831782224488904e+01
4.676343632812499891e+02,-7.330103776891746747e+01
4.676346562500000346e+02,-7.701034808438073753e+01
4.676349492187500232e+02,-7.763698348730113707e+01
4.676352421875000118e+02,-7.312330044171751808e+01
4.676355351562500005e+02,-7.966659739171252852e+01
4.676358281249999891e+02,-7.780105860262008832e+01
4.676361210937500346e+02,-7.148079597824212783e+01
4.676364140625000232e+02,-7.232448976930500351e+01
4.676367070312500118e+02,-7.130862547447841848e+01
4.676370000000000005e+02,-7.130363593811276246e+01
4.676372929687499891e+02,-8.413122832801560946e+01
4.676375859375000346e+02,-7.550025484330944892e+01
4.676378789062500232e+02,-7.137584531865340409e+01
4.676381718750000118e+02,-6.982983550094498071e+01
4.676384648437500005e+02,-7.062447048066685795e+01
4.676387578124999891e+02,-8.257178549167025494e+01
4.676390507812500346e+02,-7.713519192902590760e+01
4.676393437500000232e+02,-7.614811274396524254e+01
4.676396367187500118e+02,-8.729393302703715563e+01
4.676399296875000005e+02,-7.391038583076553437e+01
4.676402226562499891e+02,-7.445815671590702323e+01
4.676405156250000346e+02,-7.320118578551378619e+01
4.676408085937500232e+02,-7.407995781887743192e+01
4.676411015625000118e+02,-7.912474446200683076e+01
4.676413945312500005e+02,-7.965238773535079986e+01
4.676416874999999891e+02,-7.888151882205450249e+01
4.676419804687500346e+02,-7.193703729345929787e+01
4.676422734375000232e+02,-6.897099724607579674e+01
4.676425664062500118e+02,-7.197110376857213510e+01
4.676428593750000005e+02,-7.624862539712835030e+01
4.676431523437499891e+02,-7.818363060310370827e+01
4.676434453125000346e+02,-7.494449538794114574e+01
4.676437382812500232e+02,-7.409668119383853480e+01
4.676440312500000118e+02,-8.222844942235367682e+01
4.676443242187500005e+02,-8.232672957781477407e+01
4.676446171874999891e+02,-9.260093187261335856e+01
4.676449101562500346e+02,-7.427548811202575507e+01
4.676452031250000232e+02,-7.419754214401042702e+01
4.676454960937500118e+02,-7.942600461050199101e+01
4.676457890625000005e+02,-7.545390108493072034e+01
4.676460820312499891e+02,-7.394204868109889617e+01
4.676463750000000346e+02,-7.720545756545905647e+01
4.676466679687500232e+02,-7.970898250194623813e+01
4.676469609375000118e+02,-7.761821031622649514e+01
4.676472539062500005e+02,-6.948936234946488355e+01
4.676475468749999891e+02,-7.437432182030050853e+01
4.676478398437500346e+02,-7.556327138246066966e+01
4.676481328125000232e+02,-7.085805943862143863e+01
4.676484257812500118e+02,-7.559248952282973733e+01
4.676487187500000005e+02,-7.503868992093985923e+01
4.676490117187499891e+02,-7.314278311702699398e+01
4.676493046875000346e+02,-7.858899990065765451e+01
4.676495976562500232e+02,-7.826515260681745190e+01
4.676498906250000118e+02,-7.599372633991846726e+01
4.676501835937500005e+02,-7.821769727838598385e+01
4.676504765624999891e+02,-7.647896178545710200e+01
4.676507695312500346e+02,-5.549280857063627082e+01
4.676510625000000232e+02,-4.854954327465377872e+01
4.676513554687500118e+02,-5.653334314179449649e+01
4.676516484375000005e+02,-7.994519752513400590e+01
4.676519414062499891e+02,-7.184878348252192382e+01
4.676522343750000346e+02,-7.877136289501785882e+01
4.676525273437500232e+02,-7.515594373140383766e+01
4.676528203125000118e+02,-7.136443934981636517e+01
4.676531132812500005e+02,-7.315854702079936089e+01
4.676534062499999891e+02,-6.885029898654545377e+01
4.676536992187500346e+02,-7.930132530488194220e+01
4.676539921875000232e+02,-6.995870929634845936e+01
4.676542851562500118e+02,-6.807474732464244482e+01
4.676545781250000005e+02,-7.116811867511535183e+01
4.676548710937499891e+02,-6.830352065037671139e+01
4.676551640625000346e+02,-6.524395213986922215e+01
4.676554570312500232e+02,-7.273755416387776052e+01
4.676557500000000118e+02,-7.805631808601657440e+01
4.676560429687500005e+02,-6.924850978971016957e+01
4.676563359374999891e+02,-6.953485998226112486e+01
4.676566289062500346e+02,-7.357580310413428037e+01
4.676569218750000232e+02,-8.603024533454487255e+01
4.676572148437500118e+02,-7.558033070745790383e+01
4.676575078125000005e+02,-8.111709216726984550e+01
4.676578007812499891e+02,-7.509882045902895698e+01
4.676580937500000346e+02,-7.169289082730416851e+01
4.676583867187500232e+02,-7.827870674648627869e+01
4.676586796875000118e+02,-7.777924363790431528e+01
4.676589726562500005e+02,-7.624857165350798027e+01
4.676592656249999891e+02,-7.789193802128464483e+01
4.676595585937500346e+02,-7.073054205817383888e+01
4.676598515625000232e+02,-7.009151464858773295e+01
4.676601445312500118e+02,-6.922996765665953944e+01
4.676604375000000005e+02,-7.195447803258289809e+01
4.676607304687499891e+02,-7.005563851508267703e+01
4.676610234375000346e+02,-6.947799802280340487e+01
4.676613164062500232e+02,-7.366691589958323050e+01
4.676616093750000118e+02,-7.756958946008063549e+01
4.676619023437500005e+02,-7.830404253176526197e+01
4.676621953124999891e+02,-7.636325366244038548e+01
4.676624882812500346e+02,-8.929503142954391137e+01
4.676627812500000232e+02,-7.744910118593352877e+01
4.676630742187500118e+02,-8.649728910522327396e+01
4.676633671875000005e+02,-8.972003677423970203e+01
4.676636601562499891e+02,-9.445947458556729259e+01
4.676639531250000346e+02,-9.226559706069761546e+01
4.676642460937500232e+02,-7.889877547815062542e+01
4.676645390625000118e+02,-8.154813593548269068e+01
4.676648320312500005e+02,-8.214332503961452403e+01
4.676651249999999891e+02,-7.757401656522696953e+01
4.676654179687500346e+02,-8.602208636413769227e+01
4.676657109375000232e+02,-8.233854969245022914e+01
4.676660039062500118e+02,-8.666415704294158218e+01
4.676662968750000005e+02,-8.216481949344641578e+01
4.676665898437499891e+02,-7.632744704184466400e+01
4.676668828125000346e+02,-7.796915966442982437e+01
4.676671757812500232e+02,-8.115118616600391022e+01
4.676674687500000118e+02,-8.006046364793427017e+01
4.676677617187500005e+02,-8.475902907856585955e+01
4.676680546874999891e+02,-7.987078628777169342e+01
4.676683476562500346e+02,-9.354529615859171088e+01
4.676686406250000232e+02,-8.955456897158244089e+01
4.676689335937500118e+02,-7.793672940189107123e+01
4.676692265625000005e+02,-7.514696891941224521e+01
4.676695195312499891e+02,-7.802067436203324746e+01
4.676698125000000346e+02,-7.754044712151494423e+01
4.676701054687500232e+02,-8.289159160959610517e+01
4.676703984375000118e+02,-8.680360240484631618e+01
4.676706914062500005e+02,-8.038011803371681196e+01
4.676709843749999891e+02,-8.416616904117552167e+01
4.676712773437500346e+02,-7.789022529838014464e+01
4.676715703125000232e+02,-7.391191665208386041e+01
4.676718632812500118e+02,-7.700138093004750317e+01
4.676721562500000005e+02,-7.962555110192407426e+01
4.676724492187499891e+02,-7.569379402721506267e+01
4.676727421875000346e+02,-7.581960995210125986e+01
4.676730351562500232e+02,-8.211920808132165917e+01
4.676733281250000118e+02,-8.613451526927151747e+01
4.676736210937500005e+02,-8.182840692046843856e+01
4.676739140624999891e+02,-8.021706876444177681e+01
4.676742070312500346e+02,-8.731114104741983795e+01
4.676745000000000232e+02,-9.000398216703352716e+01
4.676747929687500118e+02,-8.582528952928399235e+01
4.676750859375000005e+02,-8.335141010088335634e+01
4.676753789062499891e+02,-9.078765531659108490e+01
4.676756718750000346e+02,-7.890068632425555961e+01
4.676759648437500232e+02,-8.190405703010071647e+01
4.676762578125000118e+02,-8.347665073111699030e+01
4.676765507812500005e+02,-8.001435488358880832e+01
4.676768437499999891e+02,-7.875925370828184668e+01
4.676771367187500346e+02,-9.688117126127693268e+01
4.676774296875000232e+02,-8.939799859690364769e+01
4.676777226562500118e+02,-8.337241395558484669e+01
4.676780156250000005e+02,-7.819210404823722627e+01
4.676783085937499891e+02,-8.266616907038803674e+01
4.676786015625000346e+02,-8.307176314043127263e+01
4.676788945312500232e+02,-7.693191214244330922e+01
4.676791875000000118e+02,-7.716250158849334184e+01
4.676794804687500005e+02,-8.323388232687322841e+01
4.676797734374999891e+02,-9.214113951966146487e+01
4.676800664062500346e+02,-8.333348649618346826e+01
4.676803593750000232e+02,-7.484130435220542665e+01
4.676806523437500118e+02,-7.717119351421665385e+01
4.676809453125000005e+02,-8.596040613577228839e+01
4.676812382812499891e+02,-8.436263166365533550e+01
4.676815312500000346e+02,-8.247911035225477860e+01
4.676818242187500232e+02,-7.865867946593827753e+01
4.676821171875000118e+02,-8.209824293300954423e+01
4.676824101562500005e+02,-8.879113364506005723e+01
4.676827031249999891e+02,-8.072854770555169068e+01
4.676829960937500346e+02,-8.018188374391985462e+01
4.676832890625000232e+02,-8.694590337046862771e+01
4.676835820312500118e+02,-9.584820115515631755e+01
4.676838750000000005e+02,-8.995818125614488281e+01
4.676841679687499891e+02,-7.914404392941059996e+01
4.676844609375000346e+02,-8.000510823614760625e+01
4.676847539062500232e+02,-8.592444073456968567e+01
4.676850468750000118e+02,-8.021943001379847260e+01
4.676853398437500005e+02,-7.916469284362099756e+01
4.676856328124999891e+02,-9.376115917918818354e+01
4.676859257812500346e+02,-8.085343884232753453e+01
4.676862187500000232e+02,-8.477611044796950068e+01
4.676865117187500118e+02,-7.594046528781885286e+01
4.676868046875000005e+02,-7.526360369814310047e+01
4.676870976562499891e+02,-8.798515837122189964e+01
4.676873906250000346e+02,-7.911101152562507366e+01
4.676876835937500232e+02,-7.387619196154727774e+01
4.676879765625000118e+02,-7.804588491756300073e+01
4.676882695312500005e+02,-1.027658817866452807e+02
4.676885624999999891e+02,-7.628336448615213783e+01
4.676888554687500346e+02,-7.564427487057625399e+01
4.676891484375000232e+02,-7.980074052166830256e+01
4.676894414062500118e+02,-8.114517020343819809e+01
4.676897343750000005e+02,-8.160012060938751688e+01
4.676900273437499891e+02,-7.904187495952014331e+01
4.676903203125000346e+02,-7.932127236732384290e+01
4.676906132812500232e+02,-8.188911255628352137e+01
4.676909062500000118e+02,-8.470437592217257361e+01
4.676911992187500005e+02,-9.186117439346318747e+01
4.676914921874999891e+02,-7.675975320287622594e+01
4.676917851562500346e+02,-8.947627204787096389e+01
4.676920781250000232e+02,-7.379018847688125504e+01
4.676923710937500118e+02,-7.389919920243757190e+01
4.676926640625000005e+02,-8.138424458976263054e+01
4.676929570312499891e+02,-7.842467683618463070e+01
4.676932500000000346e+02,-7.383258577446068216e+01
4.676935429687500232e+02,-7.545228358891692721e+01
4.676938359375000118e+02,-7.962203365517299858e+01
4.676941289062500005e+02,-8.261792544839093466e+01
4.676944218749999891e+02,-7.282550080471806098e+01
4.676947148437500346e+02,-7.394734541579470033e+01
4.676950078125000232e+02,-7.681949253708754100e+01
4.676953007812500118e+02,-7.977741022357331246e+01
4.676955937500000005e+02,-8.901933506353415737e+01
4.676958867187499891e+02,-7.668732542709742006e+01
4.676961796875000346e+02,-6.782377246911741508e+01
4.676964726562500232e+02,-7.686697072871794489e+01
4.676967656250000118e+02,-8.213338039317622474e+01
4.676970585937500005e+02,-8.929422774482941350e+01
4.676973515624999891e+02,-8.200487485212688910e+01
4.676976445312500346e+02,-7.797602696767431496e+01
4.676979375000000232e+02,-7.466766001660180052e+01
4.676982304687500118e+02,-7.100717843574454946e+01
4.676985234375000005e+02,-7.024998950877530035e+01
4.676988164062499891e+02,-7.459609589138679553e+01
4.676991093750000346e+02,-8.729854727821624749e+01
4.676994023437500232e+02,-8.620436553094711485e+01
4.676996953125000118e+02,-7.622203267666382942e+01
4.676999882812500005e+02,-7.378302340808929216e+01
4.677002812499999891e+02,-6.999955002604269794e+01
4.677005742187500346e+02,-7.190145006502899605e+01
4.677008671875000232e+02,-8.172650152040790772e+01
4.677011601562500118e+02,-9.297818747824321406e+01
4.677014531250000005e+02,-7.896579120606064350e+01
4.677017460937499891e+02,-8.067167089716670603e+01
4.677020390625000346e+02,-7.891318932101921746e+01
4.677023320312500232e+02,-8.403607380642354485e+01
4.677026250000000118e+02,-8.472751517722079484e+01
4.677029179687500005e+02,-7.777317403887950320e+01
4.677032109374999891e+02,-7.263751112878227900e+01
4.677035039062500346e+02,-7.587308848478970447e+01
4.677037968750000232e+02,-8.349885640921348795e+01
4.677040898437500118e+02,-8.035509855770932575e+01
4.677043828125000005e+02,-7.599906651465201435e+01
4.677046757812499891e+02,-7.948693559900449657e+01
4.677049687500000346e+02,-8.342680539219641389e+01
4.677052617187500232e+02,-8.271499737210652370e+01
4.677055546875000118e+02,-8.633427458675470234e+01
4.677058476562500005e+02,-7.772642642079586039e+01
4.677061406249999891e+02,-7.755995270499775529e+01
4.677064335937500346e+02,-8.019716251605863988e+01
4.677067265625000232e+02,-8.383396270719366328e+01
4.677070195312500118e+02,-8.200713104189917146e+01
4.677073125000000005e+02,-7.583468098351735875e+01
4.677076054687499891e+02,-8.001715936849882382e+01
4.677078984375000346e+02,-8.313910980215213442e+01
4.677081914062500232e+02,-7.717145280016262632e+01
4.677084843750000118e+02,-8.005442493171716478e+01
4.677087773437500005e+02,-8.769854620600818862e+01
4.677090703124999891e+02,-8.277207150712465022e+01
4.677093632812500346e+02,-8.721151104748292937e+01
4.677096562500000232e+02,-8.515537987379319418e+01
4.677099492187500118e+02,-7.826258981378742874e+01
4.677102421875000005e+02,-7.742166748345900373e+01
4.677105351562499891e+02,-8.612043431831793328e+01
4.677108281250000346e+02,-8.212700117345816864e+01
4.677111210937500232e+02,-7.798783879736940605e+01
4.677114140625000118e+02,-8.206503750270960040e+01
4.677117070312500005e+02,-8.487025716187730495e+01
4.677119999999999891e+02,-8.218722999892875691e+01
4.677122929687500346e+02,-7.923860776128617545e+01
4.677125859375000232e+02,-7.687229780614413244e+01
4.677128789062500118e+02,-8.812710652635649922e+01
4.677131718750000005e+02,-6.588849813477268924e+01
4.677134648437499891e+02,-6.775214507311042667e+01
4.677137578125000346e+02,-8.233468732407143875e+01
4.677140507812500232e+02,-8.069198296921285873e+01
4.677143437500000118e+02,-8.509890982680818183e+01
4.677146367187500005e+02,-7.754185163150212645e+01
4.677149296874999891e+02,-7.530646183963219187e+01
4.677152226562500346e+02,-7.876224162598334999e+01
4.677155156250000232e+02,-8.243479604678864803e+01
4.677158085937500118e+02,-8.176885051445061947e+01
4.677161015625000005e+02,-8.850720257814528225e+01
4.677163945312499891e+02,-8.292382868928511641e+01
4.677166875000000346e+02,-7.646353797724484025e+01
4.677169804687500232e+02,-7.754850279562720061e+01
4.677172734375000118e+02,-8.040082936988405038e+01
4.677175664062500005e+02,-8.270033125505251803e+01
4.677178593749999891e+02,-7.585308482941891839e+01
4.677181523437500346e+02,-7.431599435588053382e+01
4.677184453125000232e+02,-7.553322059530189847e+01
4.677187382812500118e+02,-8.180880295156299553e+01
4.677190312500000005e+02,-8.625899223491424550e+01
4.677193242187499891e+02,-7.772640125332237915e+01
4.677196171875000346e+02,-8.129624882774676564e+01
4.677199101562500232e+02,-8.227347968557347713e+01
4.677202031250000118e+02,-7.591035071336344231e+01
4.677204960937500005e+02,-8.449210402362304251e+01
4.677207890624999891e+02,-7.955034323008862884e+01
4.677210820312500346e+02,-8.076579419371640256e+01
4.677213750000000232e+02,-8.036484720145898564e+01
4.677216679687500118e+02,-7.558325908766896362e+01
4.677219609375000005e+02,-7.746360203419251889e+01
4.677222539062499891e+02,-7.965840110074671543e+01
4.677225468750000346e+02,-8.343046889554281620e+01
4.677228398437500232e+02,-8.142443258259619654e+01
4.677231328125000118e+02,-9.206533330672297666e+01
4.677234257812500005e+02,-8.204001410357777502e+01
4.677237187499999891e+02,-8.285527986111011955e+01
4.677240117187500346e+02,-8.151294820451167311e+01
4.677243046875000232e+02,-8.214005619846027173e+01
4.677245976562500118e+02,-9.676249811040888460e+01
4.677248906250000005e+02,-8.589395317896537563e+01
4.677251835937499891e+02,-7.965776425700329355e+01
4.677254765625000346e+02,-8.058243758991261529e+01
4.677257695312500232e+02,-8.291752630025149529e+01
4.677260625000000118e+02,-8.957422546243768124e+01
4.677263554687500005e+02,-8.013769426466257073e+01
4.677266484374999891e+02,-8.182671435048825970e+01
4.677269414062500346e+02,-8.531323250425950278e+01
4.677272343750000232e+02,-8.498105914700248320e+01
4.677275273437500118e+02,-8.535975772803782036e+01
4.677278203125000005e+02,-8.685858107215179302e+01
4.677281132812499891e+02,-8.300385163696363122e+01
4.677284062500000346e+02,-7.939692143039343364e+01
4.677286992187500232e+02,-7.762018524927833596e+01
4.677289921875000118e+02,-8.266770126436861688e+01
4.677292851562500005e+02,-8.942160583329503254e+01
4.677295781249999891e+02,-7.967527820424072615e+01
4.677298710937500346e+02,-8.322785902172279293e+01
4.677301640625000232e+02,-8.223932947543572425e+01
4.677304570312500118e+02,-8.619196800471402753e+01
4.677307500000000005e+02,-1.068061182042776238e+02
4.677310429687499891e+02,-8.179343216722054422e+01
4.677313359375000346e+02,-7.848248048599704418e+01
4.677316289062500232e+02,-7.892358114317610784e+01
4.677319218750000118e+02,-8.345858347482219131e+01
4.677322148437500005e+02,-9.428337926860439211e+01
4.677325078124999891e+02,-1.046695025860727100e+02
4.677328007812500346e+02,-8.628379295797599013e+01
4.677330937500000232e+02,-9.187429173773637103e+01
4.677333867187500118e+02,-9.175234893105267986e+01
4.677336796875000005e+02,-9.068486971479600811e+01
4.677339726562499891e+02,-8.563903176110781601e+01
4.677342656250000346e+02,-8.793727081310196070e+01
4.677345585937500232e+02,-8.377089255570456316e+01
4.677348515625000118e+02,-8.120216595150461103e+01
4.677351445312500005e+02,-8.606121374559083392e+01
4.677354374999999891e+02,-8.076261158583882604e+01
4.677357304687500346e+02,-8.761062231032201453e+01
4.677360234375000232e+02,-1.017422028523116495e+02
4.677363164062500118e+02,-8.604711553175823724e+01
4.677366093750000005e+02,-8.349156692118521050e+01
4.677369023437499891e+02,-8.223734747962878089e+01
4.677371953125000346e+02,-8.043087011112957896e+01
4.677374882812500232e+02,-8.906003168881147758e+01
4.677377812500000118e+02,-8.366946651719460704e+01
4.677380742187500005e+02,-8.170803545387411759e+01
4.677383671874999891e+02,-9.008569157204411226e+01
4.677386601562500346e+02,-8.914321922574214341e+01
4.677389531250000232e+02,-9.476758537162692164e+01
4.677392460937500118e+02,-8.866552152127405861e+01
4.677395390625000005e+02,-7.857345646989129762e+01
4.677398320312499891e+02,-7.793058166760094707e+01
4.677401250000000346e+02,-8.549457188569962796e+01
4.677404179687500232e+02,-1.039357607690063503e+02
4.677407109375000118e+02,-9.398330116145376678e+01
4.677410039062500005e+02,-8.593406349719577975e+01
4.677412968749999891e+02,-9.600548454695325518e+01
4.677415898437500346e+02,-8.308433794114750981e+01
4.677418828125000232e+02,-8.622265210111936540e+01
4.677421757812500118e+02,-8.433075622398887106e+01
4.677424687500000005e+02,-8.852235513972738090e+01
4.677427617187499891e+02,-8.557629254326835166e+01
4.677430546875000346e+02,-8.841072127258351543e+01
4.677433476562500232e+02,-9.200046443254456108e+01
4.677436406250000118e+02,-8.649651610660964707e+01
4.677439335937500005e+02,-8.565944869259850236e+01
4.677442265624999891e+02,-8.367478265452106712e+01
4.677445195312500346e+02,-8.646353728716164255e+01
4.677448125000000232e+02,-9.043655534067380586e+01
4.677451054687500118e+02,-8.502294956230636558e+01
4.677453984375000005e+02,-8.695230494554124334e+01
4.677456914062499891e+02,-8.805792964130411349e+01
4.677459843750000346e+02,-8.635093806722667864e+01
4.677462773437500232e+02,-8.814834045456387912e+01
4.677465703125000118e+02,-8.578651664670096011e+01
4.677468632812500005e+02,-8.087318475332523349e+01
4.677471562499999891e+02,-7.930591228780374990e+01
4.677474492187500346e+02,-8.066164851131611613e+01
4.677477421875000232e+02,-9.942413957195060448e+01
4.677480351562500118e+02,-9.005567394670600834e+01
4.677483281250000005e+02,-8.906863303708564672e+01
4.677486210937499891e+02,-8.689813278136993802e+01
4.677489140625000346e+02,-8.531663357485223287e+01
4.677492070312500232e+02,-8.081050127005447337e+01
4.677495000000000118e+02,-8.196175274163741165e+01
4.677497929687500005e+02,-8.571039770481101527e+01
4.677500859374999891e+02,-7.756243152320467971e+01
4.677503789062500346e+02,-7.736931959584966023e+01
4.677506718750000232e+02,-7.719837801395038923e+01
4.677509648437500118e+02,-7.863602215083466263e+01
4.677512578125000005e+02,-7.884334226052150996e+01
4.677515507812499891e+02,-8.096654677959782020e+01
4.677518437500000346e+02,-8.756905395489658872e+01
4.677521367187500232e+02,-8.393061661747282187e+01
4.677524296875000118e+02,-7.998448423863553103e+01
4.677527226562500005e+02,-8.087747324595906662e+01
4.677530156249999891e+02,-7.972524688937713222e+01
4.677533085937500346e+02,-7.984782351694180136e+01
4.677536015625000232e+02,-8.062175028425275514e+01
4.677538945312500118e+02,-8.128387799649233614e+01
4.677541875000000005e+02,-7.540283348909417782e+01
4.677544804687499891e+02,-7.481673888798427186e+01
4.677547734375000346e+02,-7.567683708081634109e+01
4.677550664062500232e+02,-7.735556945602931478e+01
4.677553593750000118e+02,-8.470658350563395800e+01
4.677556523437500005e+02,-8.605379661020130300e+01
4.677559453124999891e+02,-8.048602673254239903e+01
4.677562382812500346e+02,-8.104269602315920906e+01
4.677565312500000232e+02,-7.767484926642559628e+01
4.677568242187500118e+02,-8.330762129014443929e+01
4.677571171875000005e+02,-9.029003989216315063e+01
4.677574101562499891e+02,-8.412914318092774124e+01
4.677577031250000346e+02,-8.108720588361489945e+01
4.677579960937500232e+02,-7.780354816023415765e+01
4.677582890625000118e+02,-7.469142884814610284e+01
4.677585820312500005e+02,-7.757766618857307606e+01
4.677588749999999891e+02,-8.419306416744800003e+01
4.677591679687500346e+02,-1.046439757520473393e+02
4.677594609375000232e+02,-9.099152811361409476e+01
4.677597539062500118e+02,-8.901291311630579628e+01
4.677600468750000005e+02,-8.250122461745681335e+01
4.677603398437499891e+02,-7.881992955989306893e+01
4.677606328125000346e+02,-7.400912933536673677e+01
4.677609257812500232e+02,-7.736743742580291894e+01
4.677612187500000118e+02,-9.152519594944041614e+01
4.677615117187500005e+02,-8.096739478098967879e+01
4.677618046874999891e+02,-8.362340508593710808e+01
4.677620976562500346e+02,-9.430862309327065418e+01
4.677623906250000232e+02,-8.647574924807781827e+01
4.677626835937500118e+02,-7.872595843795883752e+01
4.677629765625000005e+02,-8.101983134845008294e+01
4.677632695312499891e+02,-8.319887752388781621e+01
4.677635625000000346e+02,-8.745450507746589608e+01
4.677638554687500232e+02,-9.205015656523963230e+01
4.677641484375000118e+02,-7.968500477899448242e+01
4.677644414062500005e+02,-8.462018788493514876e+01
4.677647343749999891e+02,-8.609386533044174428e+01
4.677650273437500346e+02,-8.431711795184234859e+01
4.677653203125000232e+02,-7.699361957291698388e+01
4.677656132812500118e+02,-7.691601344715482469e+01
4.677659062500000005e+02,-8.311004873615281952e+01
4.677661992187499891e+02,-8.339506845876506702e+01
4.677664921875000346e+02,-8.708255702243656060e+01
4.677667851562500232e+02,-8.250038891544488706e+01
4.677670781250000118e+02,-8.605626791199333070e+01
4.677673710937500005e+02,-8.503329017512345445e+01
4.677676640624999891e+02,-8.131739376074273196e+01
4.677679570312500346e+02,-8.381279451667366232e+01
4.677682500000000232e+02,-8.074868145215299364e+01
4.677685429687500118e+02,-8.170714870281187814e+01
4.677688359375000005e+02,-8.527900016098074332e+01
4.677691289062499891e+02,-1.029003228902263487e+02
4.677694218750000346e+02,-8.134563128120780107e+01
4.677697148437500232e+02,-8.103867474829118578e+01
4.677700078125000118e+02,-8.277819179252311699e+01
4.677703007812500005e+02,-7.853257018221519559e+01
4.677705937499999891e+02,-7.980985984527909238e+01
4.677708867187500346e+02,-8.567321252619109373e+01
4.677711796875000232e+02,-8.955315827697860698e+01
4.677714726562500118e+02,-7.872405994368178028e+01
4.677717656250000005e+02,-7.974531809979079355e+01
4.677720585937499891e+02,-8.122348409832285654e+01
4.677723515625000346e+02,-8.330801339176451847e+01
4.677726445312500232e+02,-8.041181185772740037e+01
4.677729375000000118e+02,-8.750078195242400625e+01
4.677732304687500005e+02,-7.890267633805319747e+01
4.677735234374999891e+02,-8.464476815726557390e+01
4.677738164062500346e+02,-8.441461940085932270e+01
4.677741093750000232e+02,-8.293516476111156521e+01
4.677744023437500118e+02,-8.620611328220826408e+01
4.677746953125000005e+02,-8.785580407156508898e+01
4.677749882812499891e+02,-9.252613024693386024e+01
4.677752812500000346e+02,-8.435373420818322643e+01
4.677755742187500232e+02,-8.984377255826976238e+01
4.677758671875000118e+02,-8.891264952249173348e+01
4.677761601562500005e+02,-8.415205711437410230e+01
4.677764531249999891e+02,-8.336834789048131711e+01
4.677767460937500346e+02,-8.352066953813087480e+01
4.677770390625000232e+02,-8.816957054721520137e+01
4.677773320312500118e+02,-9.050539176652523565e+01
4.677776250000000005e+02,-8.502714063590869387e+01
4.677779179687499891e+02,-8.994735799132757847e+01
4.677782109375000346e+02,-8.294338702982740585e+01
4.677785039062500232e+02,-8.158703603048795117e+01
4.677787968750000118e+02,-8.661384495266989347e+01
4.677790898437500005e+02,-8.441042649370814388e+01
4.677793828124999891e+02,-8.578271841239424589e+01
4.677796757812500346e+02,-8.730348946651432129e+01
4.677799687500000232e+02,-7.997918253166190539e+01
4.677802617187500118e+02,-8.252052517501893192e+01
4.677805546875000005e+02,-8.386657363883202265e+01
4.677808476562499891e+02,-8.374269461704781747e+01
4.677811406250000346e+02,-1.014431953786440346e+02
4.677814335937500232e+02,-9.149963324067090298e+01
4.677817265625000118e+02,-8.829769668831717411e+01
4.677820195312500005e+02,-8.797004561747831985e+01
4.677823124999999891e+02,-8.162851081456602742e+01
4.677826054687500346e+02,-8.065851613271284748e+01
4.677828984375000232e+02,-8.337808227118067350e+01
4.677831914062500118e+02,-9.076024793732290163e+01
4.677834843750000005e+02,-8.707400872385733237e+01
4.677837773437499891e+02,-9.414263580770146689e+01
4.677840703125000346e+02,-9.323852279480638572e+01
4.677843632812500232e+02,-8.458522239684739930e+01
4.677846562500000118e+02,-8.859777394569265141e+01
4.677849492187500005e+02,-9.597292499486657391e+01
4.677852421874999891e+02,-9.317090519279403793e+01
4.677855351562500346e+02,-9.143070974171320131e+01
4.677858281250000232e+02,-1.098639647846624996e+02
4.677861210937500118e+02,-8.925938320241485258e+01
4.677864140625000005e+02,-8.393457601639042309e+01
4.677867070312499891e+02,-8.622064351699543749e+01
4.677870000000000346e+02,-8.663432592765857976e+01
4.677872929687500232e+02,-8.352310639053094121e+01
4.677875859375000118e+02,-7.830509960655506063e+01
4.677878789062500005e+02,-8.325269100775349784e+01
4.677881718749999891e+02,-9.321074605464403362e+01
4.677884648437500346e+02,-8.657319291811333528e+01
4.677887578125000232e+02,-8.537501864240334726e+01
4.677890507812500118e+02,-7.891979443707060682e+01
4.677893437500000005e+02,-8.231921430864879596e+01
4.677896367187499891e+02,-9.057197485666272030e+01
4.677899296875000346e+02,-7.814866811022220361e+01
4.677902226562500232e+02,-7.973059041286374793e+01
4.677905156250000118e+02,-8.843474506038218408e+01
4.677908085937500005e+02,-7.922095182438113170e+01
4.677911015624999891e+02,-8.088062929905660781e+01
4.677913945312500346e+02,-8.020269551797269969e+01
4.677916875000000232e+02,-7.805878177932792994e+01
4.677919804687500118e+02,-7.860554881208152267e+01
4.677922734375000005e+02,-8.492954575921365290e+01
4.677925664062499891e+02,-9.101427381839053510e+01
4.677928593750000346e+02,-8.198839445639410428e+01
4.677931523437500232e+02,-8.208706725108122271e+01
4.677934453125000118e+02,-8.814982172917574132e+01
4.677937382812500005e+02,-8.709553381426447061e+01
4.677940312499999891e+02,-8.196411064388408363e+01
4.677943242187500346e+02,-8.261657621222300918e+01
4.677946171875000232e+02,-9.569265994729811098e+01
4.677949101562500118e+02,-8.307676668777219220e+01
4.677952031250000005e+02,-8.307962552626266017e+01
4.677954960937499891e+02,-8.216925931598950683e+01
4.677957890625000346e+02,-8.730203891117059811e+01
4.677960820312500232e+02,-9.042276876490666382e+01
4.677963750000000118e+02,-8.722646675305338704e+01
4.677966679687500005e+02,-8.776575220143152478e+01
4.677969609374999891e+02,-9.918715299777532834e+01
4.677972539062500346e+02,-8.843626216519953687e+01
4.677975468750000232e+02,-8.954045953012155223e+01
4.677978398437500118e+02,-8.339279899870321344e+01
4.677981328125000005e+02,-8.852392566614183522e+01
4.677984257812499891e+02,-8.987740364650929337e+01
4.677987187500000346e+02,-8.755989762892234296e+01
4.677990117187500232e+02,-8.634964627243297741e+01
4.677993046875000118e+02,-8.203956516165597179e+01
4.677995976562500005e+02,-8.569956806800666982e+01
4.677998906249999891e+02,-8.224512832880787983e+01
4.678001835937500346e+02,-8.391183750632424676e+01
4.678004765625000232e+02,-8.747957167685510171e+01
4.678007695312500118e+02,-1.101072963625214385e+02
4.678010625000000005e+02,-8.701921239173100275e+01
4.678013554687499891e+02,-8.746264607699896487e+01
4.678016484375000346e+02,-8.179032794883795532e+01
4.678019414062500232e+02,-8.337111131168214229e+01
4.678022343750000118e+02,-8.533975913346687037e+01
4.678025273437500005e+02,-9.058232201493186153e+01
4.678028203124999891e+02,-9.461389587170485527e+01
4.678031132812500346e+02,-8.417477598498044244e+01
4.678034062500000232e+02,-8.804744967899425490e+01
4.678036992187500118e+02,-9.310245508035727369e+01
4.678039921875000005e+02,-8.226091107915544853e+01
4.678042851562499891e+02,-7.687755562246610452e+01
4.678045781250000346e+02,-7.779829786948438652e+01
4.678048710937500232e+02,-8.957975375309845845e+01
4.678051640625000118e+02,-8.575169836360849729e+01
4.678054570312500005e+02,-8.586956549965023555e+01
4.678057499999999891e+02,-8.982515258531073243e+01
4.678060429687500346e+02,-9.985361238454726163e+01
4.678063359375000232e+02,-1.078533172671500751e+02
4.678066289062500118e+02,-8.505669311922062548e+01
4.678069218750000005e+02,-7.758261295740521746e+01
4.678072148437499891e+02,-8.075982884475472190e+01
4.678075078125000346e+02,-8.941046599764280245e+01
4.678078007812500232e+02,-9.047597998352659943e+01
4.678080937500000118e+02,-9.756223500873430510e+01
4.678083867187500005e+02,-8.938488908362722896e+01
4.678086796874999891e+02,-9.619468200099719013e+01
4.678089726562500346e+02,-9.503635406085618342e+01
4.678092656250000232e+02,-8.564970729937046201e+01
4.678095585937500118e+02,-8.967552937648974876e+01
4.678098515625000005e+02,-9.158636867826479033e+01
4.678101445312499891e+02,-8.710151315217628110e+01
4.678104375000000346e+02,-8.901692595473537040e+01
4.678107304687500232e+02,-9.666507021452983395e+01
4.678110234375000118e+02,-9.059991792262084687e+01
4.678113164062500005e+02,-8.830920948032053275e+01
4.678116093749999891e+02,-9.639567020473094772e+01
4.678119023437500346e+02,-9.061742503938070570e+01
4.678121953125000232e+02,-9.182499147086956270e+01
4.678124882812500118e+02,-8.999791315987047824e+01
4.678127812500000005e+02,-9.573532060046817094e+01
4.678130742187499891e+02,-1.009170935124946595e+02
4.678133671875000346e+02,-8.230593536532580856e+01
4.678136601562500232e+02,-8.220626664154055163e+01
4.678139531250000118e+02,-8.514127143484630267e+01
4.678142460937500005e+02,-8.298519783788816540e+01
4.678145390624999891e+02,-8.272486540280154088e+01
4.678148320312500346e+02,-7.961705381376421542e+01
4.678151250000000232e+02,-8.970767734453296782e+01
4.678154179687500118e+02,-8.943684589176378097e+01
4.678157109375000005e+02,-9.059703925469030139e+01
4.678160039062499891e+02,-8.885410020729938196e+01
4.678162968750000346e+02,-8.117615965511623699e+01
4.678165898437500232e+02,-8.106594511929657187e+01
4.678168828125000118e+02,-9.214602725854456367e+01
4.678171757812500005e+02,-8.710683538221309163e+01
4.678174687499999891e+02,-8.915435680028055287e+01
4.678177617187500346e+02,-8.100998333237639315e+01
4.678180546875000232e+02,-8.920768298146434461e+01
4.678183476562500118e+02,-8.614719287677134218e+01
4.678186406250000005e+02,-8.043203998312327485e+01
4.678189335937499891e+02,-8.181191586809015348e+01
4.678192265625000346e+02,-8.526689716950914999e+01
4.678195195312500232e+02,-8.330038528633244255e+01
4.678198125000000118e+02,-8.211334285658293197e+01
4.678201054687500005e+02,-8.012949235088021283e+01
4.678203984374999891e+02,-8.139413193989186368e+01
4.678206914062500346e+02,-8.794205110529121328e+01
4.678209843750000232e+02,-8.410167594647020906e+01
4.678212773437500118e+02,-8.771245897418900483e+01
4.678215703125000005e+02,-9.150193803379264068e+01
4.678218632812499891e+02,-9.326116146642341675e+01
4.678221562500000346e+02,-9.323535491771856698e+01
4.678224492187500232e+02,-9.758031815651889929e+01
4.678227421875000118e+02,-9.226000720538593214e+01
4.678230351562500005e+02,-9.102086343656596057e+01
4.678233281249999891e+02,-7.891519919109505565e+01
4.678236210937500346e+02,-7.912073880211781329e+01
4.678239140625000232e+02,-8.329845176028847220e+01
4.678242070312500118e+02,-8.470583525286744475e+01
4.678245000000000005e+02,-8.529799610792245801e+01
4.678247929687499891e+02,-9.554957283475259544e+01
4.678250859375000346e+02,-8.553703814437841402e+01
4.678253789062500232e+02,-8.920702217938421086e+01
4.678256718750000118e+02,-7.951702018270567862e+01
4.678259648437500005e+02,-7.715252038801430956e+01
4.678262578124999891e+02,-7.729769729399347966e+01
4.678265507812500346e+02,-8.098500974282754328e+01
4.678268437500000232e+02,-9.559629406705965948e+01
4.678271367187500118e+02,-8.373009263852721062e+01
4.678274296875000005e+02,-8.631617051111737737e+01
4.678277226562499891e+02,-8.979032289100328512e+01
4.678280156250000346e+02,-9.049273009258112666e+01
4.678283085937500232e+02,-8.720272531704624441e+01
4.678286015625000118e+02,-8.349655828373778377e+01
4.678288945312500005e+02,-9.041087754564456702e+01
4.678291874999999891e+02,-8.483081668699257705e+01
4.678294804687500346e+02,-8.504102854043752302e+01
4.678297734375000232e+02,-8.868313309641590081e+01
4.678300664062500118e+02,-1.070081540522098038e+02
4.678303593750000005e+02,-8.058849495171757837e+01
4.678306523437499891e+02,-7.759980559832514757e+01
4.678309453125000346e+02,-8.482655989743606995e+01
4.678312382812500232e+02,-8.132424445174208927e+01
4.678315312500000118e+02,-8.447361670422534985e+01
4.678318242187500005e+02,-8.119579429732058884e+01
4.678321171874999891e+02,-8.458748823263874783e+01
4.678324101562500346e+02,-9.083051779219528044e+01
4.678327031250000232e+02,-9.908025808044592964e+01
4.678329960937500118e+02,-8.767036524982432866e+01
4.678332890625000005e+02,-8.652970525456142070e+01
4.678335820312499891e+02,-8.425609304287920054e+01
4.678338750000000346e+02,-8.315429487383526919e+01
4.678341679687500232e+02,-8.276747400351175088e+01
4.678344609375000118e+02,-8.320918911058063827e+01
4.678347539062500005e+02,-9.310277712603803479e+01
4.678350468749999891e+02,-8.735130154619874077e+01
4.678353398437500346e+02,-9.011207769100417408e+01
4.678356328125000232e+02,-9.353035234495627037e+01
4.678359257812500118e+02,-9.658560959463288498e+01
4.678362187500000005e+02,-9.650536378145446292e+01
4.678365117187499891e+02,-8.940271980033246280e+01
4.678368046875000346e+02,-8.636565276872615016e+01
4.678370976562500232e+02,-8.851598467754647004e+01
4.678373906250000118e+02,-7.612495683043579220e+01
4.678376835937500005e+02,-6.814201935139722366e+01
4.678379765624999891e+02,-7.514254261411059588e+01
4.678382695312500346e+02,-1.104731892475644770e+02
4.678385625000000232e+02,-9.032036710043669814e+01
4.678388554687500118e+02,-8.465363731907437739e+01
4.678391484375000005e+02,-8.192992318862310697e+01
4.678394414062499891e+02,-8.617495043834382784e+01
4.678397343750000346e+02,-8.506385084172237043e+01
4.678400273437500232e+02,-7.851957638862728572e+01
4.678403203125000118e+02,-8.415008183386412099e+01
4.678406132812500005e+02,-8.570993901283152638e+01
4.678409062499999891e+02,-8.434181196278673553e+01
4.678411992187500346e+02,-9.090464722339318371e+01
4.678414921875000232e+02,-9.446004689624720640e+01
4.678417851562500118e+02,-1.008378125980716788e+02
4.678420781250000005e+02,-8.913740590727954327e+01
4.678423710937499891e+02,-8.503714903261419522e+01
4.678426640625000346e+02,-8.216312735631122166e+01
4.678429570312500232e+02,-8.717996143587697588e+01
4.678432500000000118e+02,-8.691926051437167189e+01
4.678435429687500005e+02,-8.571396494165662716e+01
4.678438359374999891e+02,-8.898378814162390427e+01
4.678441289062500346e+02,-9.411497890321780346e+01
4.678444218750000232e+02,-9.358553261717317184e+01
4.678447148437500118e+02,-8.769083404533216708e+01
4.678450078125000005e+02,-8.150757981779661066e+01
4.678453007812499891e+02,-8.567645144029386017e+01
4.678455937500000346e+02,-8.120408097080411380e+01
4.678458867187500232e+02,-8.187496161264867567e+01
4.678461796875000118e+02,-8.595659771117351511e+01
4.678464726562500005e+02,-8.646241273618900891e+01
4.678467656249999891e+02,-8.308899607999060777e+01
4.678470585937500346e+02,-8.325376255950901339e+01
4.678473515625000232e+02,-9.580209243007965370e+01
4.678476445312500118e+02,-9.296540171100419059e+01
4.678479375000000005e+02,-8.147762769704041830e+01
4.678482304687499891e+02,-8.250755971861815397e+01
4.678485234375000346e+02,-8.736775763980546117e+01
4.678488164062500232e+02,-8.782921620379849514e+01
4.678491093750000118e+02,-8.904417588781575432e+01
4.678494023437500005e+02,-8.711800718965221790e+01
4.678496953124999891e+02,-9.324201632760873792e+01
4.678499882812500346e+02,-9.052141845067606596e+01
4.678502812500000232e+02,-8.855039430108914189e+01
4.678505742187500118e+02,-8.029565331395750150e+01
4.678508671875000005e+02,-8.447013567942849477e+01
4.678511601562499891e+02,-8.673768017413250675e+01
4.678514531250000346e+02,-8.898135729337992927e+01
4.678517460937500232e+02,-8.877948728503019993e+01
4.678520390625000118e+02,-8.843047121721400572e+01
4.678523320312500005e+02,-8.406407788033709494e+01
4.678526249999999891e+02,-9.162821032092080031e+01
4.678529179687500346e+02,-9.551526510098352674e+01
4.678532109375000232e+02,-8.847986650841508549e+01
4.678535039062500118e+02,-8.453810566191135933e+01
4.678537968750000005e+02,-8.460389488031290739e+01
4.678540898437499891e+02,-8.286828968920325167e+01
4.678543828125000346e+02,-8.709556868149347508e+01
4.678546757812500232e+02,-8.394135075850638827e+01
4.678549687500000118e+02,-8.728473162709674682e+01
4.678552617187500005e+02,-8.636191011758546665e+01
4.678555546874999891e+02,-8.701547384419777131e+01
4.678558476562500346e+02,-8.737007014164703378e+01
4.678561406250000232e+02,-9.673051919206160676e+01
4.678564335937500118e+02,-9.043948179430090306e+01
4.678567265625000005e+02,-8.570783954451002273e+01
4.678570195312499891e+02,-8.673537321064847561e+01
4.678573125000000346e+02,-9.334241707966259582e+01
4.678576054687500232e+02,-8.578400216722796756e+01
4.678578984375000118e+02,-8.331459237390724581e+01
4.678581914062500005e+02,-8.704869931113209702e+01
4.678584843749999891e+02,-8.560947749161117315e+01
4.678587773437500346e+02,-8.266109689658730986e+01
4.678590703125000232e+02,-8.655019506214526359e+01
4.678593632812500118e+02,-8.469834355937808823e+01
4.678596562500000005e+02,-9.073987985604901496e+01
4.678599492187499891e+02,-1.001114284514389539e+02
4.678602421875000346e+02,-1.011397829679878413e+02
4.678605351562500232e+02,-1.144033371377530131e+02
4.678608281250000118e+02,-8.384661979861343184e+01
4.678611210937500005e+02,-8.453305783652382388e+01
4.678614140624999891e+02,-8.819161403970566937e+01
4.678617070312500346e+02,-9.319981218973165937e+01
4.678620000000000232e+02,-8.589165387704228749e+01
4.678622929687500118e+02,-9.137280954145160194e+01
4.678625859375000005e+02,-8.580680253042848449e+01
4.678628789062499891e+02,-8.862314603115450495e+01
4.678631718750000346e+02,-8.494337366041190762e+01
4.678634648437500232e+02,-8.741540695490691348e+01
4.678637578125000118e+02,-8.446183718796491746e+01
4.678640507812500005e+02,-7.977387684167848647e+01
4.678643437499999891e+02,-8.373835368082521313e+01
4.678646367187500346e+02,-8.892521906300942192e+01
4.678649296875000232e+02,-8.606598576450062410e+01
4.678652226562500118e+02,-9.088342431473238037e+01
4.678655156250000005e+02,-9.114954360762473584e+01
4.678658085937499891e+02,-8.589103198503013914e+01
4.678661015625000346e+02,-9.358581184034675005e+01
4.678663945312500232e+02,-8.536573443543372264e+01
4.678666875000000118e+02,-9.134131973414312711e+01
4.678669804687500005e+02,-9.262920644469694764e+01
4.678672734374999891e+02,-9.189094373783122194e+01
4.678675664062500346e+02,-8.871256758794083908e+01
4.678678593750000232e+02,-9.321640054620432636e+01
4.678681523437500118e+02,-9.141823802686845113e+01
4.678684453125000005e+02,-8.438091350125478129e+01
4.678687382812499891e+02,-8.059081744892904453e+01
4.678690312500000346e+02,-9.571218140357467519e+01
4.678693242187500232e+02,-8.474469547228346755e+01
4.678696171875000118e+02,-8.446038440175776429e+01
4.678699101562500005e+02,-9.409711829495708457e+01
4.678702031249999891e+02,-8.563439761985819132e+01
4.678704960937500346e+02,-8.334158529874530075e+01
4.678707890625000232e+02,-8.248357878503048823e+01
4.678710820312500118e+02,-8.054762121261454411e+01
4.678713750000000005e+02,-8.067365172089938596e+01
4.678716679687499891e+02,-8.095623778864165843e+01
4.678719609375000346e+02,-8.428692862747683989e+01
4.678722539062500232e+02,-9.101994888367029546e+01
4.678725468750000118e+02,-8.553576599659083968e+01
4.678728398437500005e+02,-8.184213877147685423e+01
4.678731328124999891e+02,-8.169748598404333961e+01
4.678734257812500346e+02,-8.143038226485394659e+01
4.678737187500000232e+02,-9.504371564648835147e+01
4.678740117187500118e+02,-8.436585028217541549e+01
4.678743046875000005e+02,-9.218349375138214441e+01
4.678745976562499891e+02,-8.663033866342395584e+01
4.678748906250000346e+02,-8.138526405353456994e+01
4.678751835937500232e+02,-7.934186700087423105e+01
4.678754765625000118e+02,-8.605035787826582805e+01
4.678757695312500005e+02,-8.091265981973290877e+01
4.678760624999999891e+02,-8.875605063021566821e+01
4.678763554687500346e+02,-9.990421202263384259e+01
4.678766484375000232e+02,-8.603732817392760523e+01
4.678769414062500118e+02,-8.514059896066183342e+01
4.678772343750000005e+02,-9.545954846392089621e+01
4.678775273437499891e+02,-9.342019541386612502e+01
4.678778203125000346e+02,-9.450386256930886475e+01
4.678781132812500232e+02,-8.853994091070541117e+01
4.678784062500000118e+02,-8.649824157894629195e+01
4.678786992187500005e+02,-8.129767913941394397e+01
4.678789921874999891e+02,-7.949780493131197545e+01
4.678792851562500346e+02,-8.103956531156889298e+01
4.678795781250000232e+02,-8.530691030747688330e+01
4.678798710937500118e+02,-8.073243210662296576e+01
4.678801640625000005e+02,-8.149860831564896557e+01
4.678804570312499891e+02,-9.514751915444902863e+01
4.678807500000000346e+02,-8.862745072744684194e+01
4.678810429687500232e+02,-8.684366138599534679e+01
4.678813359375000118e+02,-8.617752961785876664e+01
4.678816289062500005e+02,-8.903415786784565000e+01
4.678819218749999891e+02,-8.818001613644736381e+01
4.678822148437500346e+02,-8.811770006154758050e+01
4.678825078125000232e+02,-8.505834318983096409e+01
4.678828007812500118e+02,-8.280214928986816858e+01
4.678830937500000005e+02,-8.773948064408986625e+01
4.678833867187499891e+02,-9.068765806086375392e+01
4.678836796875000346e+02,-9.992470792548266445e+01
4.678839726562500232e+02,-8.825739703287396765e+01
4.678842656250000118e+02,-8.924926603823425353e+01
4.678845585937500005e+02,-1.001375615516939064e+02
4.678848515624999891e+02,-8.488622095628898023e+01
4.678851445312500346e+02,-7.765978919745899134e+01
4.678854375000000232e+02,-7.638879970719422374e+01
4.678857304687500118e+02,-7.546379813801782177e+01
4.678860234375000005e+02,-7.898530419998117225e+01
4.678863164062499891e+02,-9.570372278094141905e+01
4.678866093750000346e+02,-9.807405742125450843e+01
4.678869023437500232e+02,-8.685285583403424425e+01
4.678871953125000118e+02,-8.509049345360602956e+01
4.678874882812500005e+02,-8.378331390920841670e+01
4.678877812499999891e+02,-8.857884309437592663e+01
4.678880742187500346e+02,-8.072938521153007230e+01
4.678883671875000232e+02,-8.378925924169884354e+01
4.678886601562500118e+02,-7.809713377706556514e+01
4.678889531250000005e+02,-7.637922805257568371e+01
4.678892460937499891e+02,-7.997907356979007432e+01
4.678895390625000346e+02,-8.701656073519957602e+01
4.678898320312500232e+02,-8.620122974370727320e+01
4.678901250000000118e+02,-8.611782959244723656e+01
4.678904179687500005e+02,-1.061539518797190169e+02
4.678907109374999891e+02,-8.261685573461960530e+01
4.678910039062500346e+02,-7.614991015313241007e+01
4.678912968750000232e+02,-7.969288395186021035e+01
4.678915898437500118e+02,-8.867890025903682272e+01
4.678918828125000005e+02,-8.898074715925474720e+01
4.678921757812499891e+02,-8.743321886691617806e+01
4.678924687500000346e+02,-8.206748307206426318e+01
4.678927617187500232e+02,-7.773824128727711980e+01
4.678930546875000118e+02,-8.958337348510428910e+01
4.678933476562500005e+02,-8.924664258520772364e+01
4.678936406249999891e+02,-9.428543670448885905e+01
4.678939335937500346e+02,-8.213811060497016570e+01
4.678942265625000232e+02,-8.266560135490158245e+01
4.678945195312500118e+02,-8.089077726755910192e+01
4.678948125000000005e+02,-8.373645400916018389e+01
4.678951054687499891e+02,-8.940420389028599857e+01
4.678953984375000346e+02,-8.056869689648169697e+01
4.678956914062500232e+02,-8.647666489926264433e+01
4.678959843750000118e+02,-7.817285059323016583e+01
4.678962773437500005e+02,-7.692233557772672725e+01
4.678965703124999891e+02,-8.465096039006340334e+01
4.678968632812500346e+02,-9.070052809870487920e+01
4.678971562500000232e+02,-9.610011621454211195e+01
4.678974492187500118e+02,-8.621432786903370982e+01
4.678977421875000005e+02,-8.143637272859027121e+01
4.678980351562499891e+02,-8.147660208541749682e+01
4.678983281250000346e+02,-8.792524126741068358e+01
4.678986210937500232e+02,-8.692167292386898225e+01
4.678989140625000118e+02,-8.201773119774472320e+01
4.678992070312500005e+02,-9.477458816037325562e+01
4.678994999999999891e+02,-9.297426126102530475e+01
4.678997929687500346e+02,-7.669444159742153033e+01
4.679000859375000232e+02,-7.722413504739965617e+01
4.679003789062500118e+02,-8.348262257878830894e+01
4.679006718750000005e+02,-8.404716821244571179e+01
4.679009648437499891e+02,-8.653962070863943268e+01
4.679012578125000346e+02,-8.816099533990667680e+01
4.679015507812500232e+02,-8.504362891098567445e+01
4.679018437500000118e+02,-8.203262229005395056e+01
4.679021367187500005e+02,-9.441365380479440716e+01
4.679024296874999891e+02,-8.534485458815677816e+01
4.679027226562500346e+02,-8.355589551485576294e+01
4.679030156250000232e+02,-8.381119806283055595e+01
4.679033085937500118e+02,-8.297808120498551432e+01
4.679036015625000005e+02,-8.515017530311384064e+01
4.679038945312499891e+02,-9.282010454781469377e+01
4.679041875000000346e+02,-9.025583130304525525e+01
4.679044804687500232e+02,-9.147012625887938952e+01
4.679047734375000118e+02,-8.429880280203479970e+01
4.679050664062500005e+02,-9.405532836460794499e+01
4.679053593749999891e+02,-8.879187526749228709e+01
4.679056523437500346e+02,-8.843682665744114502e+01
4.679059453125000232e+02,-9.272263425462855935e+01
4.679062382812500118e+02,-8.498136751336083705e+01
4.679065312500000005e+02,-8.161216987629877906e+01
4.679068242187499891e+02,-8.209656608814114520e+01
4.679071171875000346e+02,-8.383835898114281804e+01
4.679074101562500232e+02,-8.673979252117649708e+01
4.679077031250000118e+02,-8.424429920373452774e+01
4.679079960937500005e+02,-8.372790055072175619e+01
4.679082890624999891e+02,-9.764328257330531358e+01
4.679085820312500346e+02,-8.699617610500590104e+01
4.679088750000000232e+02,-9.622673825128352121e+01
4.679091679687500118e+02,-8.982848226039699568e+01
4.679094609375000005e+02,-9.490646114429274860e+01
4.679097539062499891e+02,-9.349159641943350607e+01
4.679100468750000346e+02,-9.144492571218755472e+01
4.679103398437500232e+02,-8.459937511785263098e+01
4.679106328125000118e+02,-8.631022275278850486e+01
4.679109257812500005e+02,-9.266485964540167686e+01
4.679112187499999891e+02,-9.332438259664669999e+01
4.679115117187500346e+02,-8.592918136039811827e+01
4.679118046875000232e+02,-8.192749826534372914e+01
4.679120976562500118e+02,-8.538494175770009065e+01
4.679123906250000005e+02,-9.558020580540875244e+01
4.679126835937499891e+02,-8.711826895788686898e+01
4.679129765625000346e+02,-8.867551474465267347e+01
4.679132695312500232e+02,-8.728286052059971212e+01
4.679135625000000118e+02,-8.894453037624542446e+01
4.679138554687500005e+02,-8.328541980488567731e+01
4.679141484374999891e+02,-8.201133019345871844e+01
4.679144414062500346e+02,-8.452147513295858516e+01
4.679147343750000232e+02,-9.072999663024455685e+01
4.679150273437500118e+02,-8.816723738912696717e+01
4.679153203125000005e+02,-8.930831153481921092e+01
4.679156132812499891e+02,-1.052267952809741871e+02
4.679159062500000346e+02,-1.020315521947272117e+02
4.679161992187500232e+02,-9.501258121834356984e+01
4.679164921875000118e+02,-8.716338260454844544e+01
4.679167851562500005e+02,-8.920563540149275639e+01
4.679170781249999891e+02,-8.675500324652776385e+01
4.679173710937500346e+02,-8.649683541950997778e+01
4.679176640625000232e+02,-8.207506539092901221e+01
4.679179570312500118e+02,-8.441981833636957333e+01
4.679182500000000005e+02,-9.567061546255882831e+01
4.679185429687499891e+02,-1.020558412814212375e+02
4.679188359375000346e+02,-8.440131224694914636e+01
4.679191289062500232e+02,-8.507471058727202262e+01
4.679194218750000118e+02,-8.722546437991843504e+01
4.679197148437500005e+02,-9.847184214201148222e+01
4.679200078124999891e+02,-8.611598694739994642e+01
4.679203007812500346e+02,-8.581464809076072697e+01
4.679205937500000232e+02,-9.533034661064422721e+01
4.679208867187500118e+02,-8.553693754869894406e+01
4.679211796875000005e+02,-8.205311798252753874e+01
4.679214726562499891e+02,-8.787867164287985133e+01
4.679217656250000346e+02,-9.036788014053030338e+01
4.679220585937500232e+02,-9.097548335903198335e+01
4.679223515625000118e+02,-8.996155843604084623e+01
4.679226445312500005e+02,-8.510575648950513994e+01
4.679229374999999891e+02,-8.939380703429060304e+01
4.679232304687500346e+02,-8.514973621936849213e+01
4.679235234375000232e+02,-9.157037868737685926e+01
4.679238164062500118e+02,-9.333964080208600933e+01
4.679241093750000005e+02,-9.103473224234593886e+01
4.679244023437499891e+02,-9.273662674118654081e+01
4.679246953125000346e+02,-8.845935018211949341e+01
4.679249882812500232e+02,-8.653345490375018301e+01
4.679252812500000118e+02,-8.555685440439597755e+01
4.679255742187500005e+02,-8.095988002963260044e+01
4.679258671874999891e+02,-9.069457605468430472e+01
4.679261601562500346e+02,-8.646220877808306682e+01
4.679264531250000232e+02,-8.800698235362358446e+01
4.679267460937500118e+02,-9.041655265552826393e+01
4.679270390625000005e+02,-8.592940417031350364e+01
4.679273320312499891e+02,-9.437138948198231958e+01
4.679276250000000346e+02,-8.966893422385768986e+01
4.679279179687500232e+02,-8.535750637537302055e+01
4.679282109375000118e+02,-9.449447142949776435e+01
4.679285039062500005e+02,-8.887435761111697730e+01
4.679287968749999891e+02,-8.809413208310822085e+01
4.679290898437500346e+02,-9.129139672583747256e+01
4.679293828125000232e+02,-8.141779205082109172e+01
4.679296757812500118e+02,-8.356156784762659129e+01
4.679299687500000005e+02,-8.151939237102996572e+01
4.679302617187499891e+02,-8.006852428210046924e+01
4.679305546875000346e+02,-8.509611989640134766e+01
4.679308476562500232e+02,-9.032532456696938539e+01
4.679311406250000118e+02,-8.794294823842943742e+01
4.679314335937500005e+02,-8.764535566644036635e+01
4.679317265624999891e+02,-1.036570875089472850e+02
4.679320195312500346e+02,-8.748976485027696981e+01
4.679323125000000232e+02,-8.421848929743595136e+01
4.679326054687500118e+02,-8.372485015660588203e+01
4.679328984375000005e+02,-8.648665406873776362e+01
4.679331914062499891e+02,-8.697199247634920027e+01
4.679334843750000346e+02,-8.489822008163763201e+01
4.679337773437500232e+02,-8.427296766159642516e+01
4.679340703125000118e+02,-8.530517053729893462e+01
4.679343632812500005e+02,-9.462212023644640624e+01
4.679346562499999891e+02,-8.536571625452707224e+01
4.679349492187500346e+02,-1.002284219626755970e+02
4.679352421875000232e+02,-8.546240647464617268e+01
4.679355351562500118e+02,-8.559843042212096975e+01
4.679358281250000005e+02,-8.503475422279201723e+01
4.679361210937499891e+02,-8.801913766112525650e+01
4.679364140625000346e+02,-8.441366673693508460e+01
4.679367070312500232e+02,-8.205468640643712774e+01
4.679370000000000118e+02,-8.876510977283304271e+01
4.679372929687500005e+02,-8.754145672304368020e+01
4.679375859374999891e+02,-8.744505817211947374e+01
4.679378789062500346e+02,-7.963562094252502277e+01
4.679381718750000232e+02,-7.735076315789615364e+01
4.679384648437500118e+02,-8.172974762717413455e+01
4.679387578125000005e+02,-8.730423881277991427e+01
4.679390507812499891e+02,-8.882982300975776013e+01
4.679393437500000346e+02,-9.088405344874189495e+01
4.679396367187500232e+02,-9.400735018778522090e+01
4.679399296875000118e+02,-9.079306028392629457e+01
4.679402226562500005e+02,-8.714407524678645700e+01
4.679405156249999891e+02,-9.296960330608808931e+01
4.679408085937500346e+02,-8.731645629250877505e+01
4.679411015625000232e+02,-8.241807929550789424e+01
4.679413945312500118e+02,-8.012330369042945222e+01
4.679416875000000005e+02,-8.279908695084955639e+01
4.679419804687499891e+02,-8.339482397637929978e+01
4.679422734375000346e+02,-8.176199711552257554e+01
4.679425664062500232e+02,-8.679551124313080379e+01
4.679428593750000118e+02,-8.485373379518628667e+01
4.679431523437500005e+02,-8.302375785161429178e+01
4.679434453124999891e+02,-8.330030791963051229e+01
4.679437382812500346e+02,-8.716572514045827802e+01
4.679440312500000232e+02,-8.345729954907577053e+01
4.679443242187500118e+02,-8.528656851200702249e+01
4.679446171875000005e+02,-8.872794639074392364e+01
4.679449101562499891e+02,-8.322307097824939603e+01
4.679452031250000346e+02,-8.270944667970042019e+01
4.679454960937500232e+02,-8.154198823041419075e+01
4.679457890625000118e+02,-8.292607896063542228e+01
4.679460820312500005e+02,-8.166574964492963318e+01
4.679463749999999891e+02,-1.078583782268866855e+02
4.679466679687500346e+02,-8.559301475557184347e+01
4.679469609375000232e+02,-9.035000492635653302e+01
4.679472539062500118e+02,-8.938696682963370677e+01
4.679475468750000005e+02,-8.385743084443245721e+01
4.679478398437499891e+02,-7.989676827567944883e+01
4.679481328125000346e+02,-8.312084026896484090e+01
4.679484257812500232e+02,-9.292247147493092996e+01
4.679487187500000118e+02,-8.892714604699602887e+01
4.679490117187500005e+02,-9.180590048574549655e+01
4.679493046874999891e+02,-9.123732286238124800e+01
4.679495976562500346e+02,-8.570410060620510251e+01
4.679498906250000232e+02,-8.167856600918489107e+01
4.679501835937500118e+02,-7.984641850966168874e+01
4.679504765625000005e+02,-8.497218867509727147e+01
4.679507695312499891e+02,-7.903475267379303659e+01
4.679510625000000346e+02,-7.902429312769719161e+01
4.679513554687500232e+02,-8.002019668063630320e+01
4.679516484375000118e+02,-8.237571754586498685e+01
4.679519414062500005e+02,-7.945018338701460436e+01
4.679522343749999891e+02,-7.915597531942147214e+01
4.679525273437500346e+02,-8.149258833275645486e+01
4.679528203125000232e+02,-8.229845544635780641e+01
4.679531132812500118e+02,-7.929449241484937261e+01
4.679534062500000005e+02,-7.912847269940085937e+01
4.679536992187499891e+02,-8.831535796589561471e+01
4.679539921875000346e+02,-8.148186256124483862e+01
4.679542851562500232e+02,-1.006903945927650881e+02
4.679545781250000118e+02,-8.923377501039124127e+01
4.679548710937500005e+02,-7.913701221726374513e+01
4.679551640624999891e+02,-8.006244494486000463e+01
4.679554570312500346e+02,-8.620620521136257253e+01
4.679557500000000232e+02,-8.399498945777905590e+01
4.679560429687500118e+02,-8.805582024723911161e+01
4.679563359375000005e+02,-8.971446830929970417e+01
4.679566289062499891e+02,-8.642967760656374310e+01
4.679569218750000346e+02,-8.284670379755498004e+01
4.679572148437500232e+02,-8.067544364023075332e+01
4.679575078125000118e+02,-8.181771081192255224e+01
4.679578007812500005e+02,-9.341966267782710531e+01
4.679580937499999891e+02,-8.965517164061506605e+01
4.679583867187500346e+02,-7.803846619076362856e+01
4.679586796875000232e+02,-7.894745313510939866e+01
4.679589726562500118e+02,-9.013743342831253358e+01
4.679592656250000005e+02,-9.151165475171231378e+01
4.679595585937499891e+02,-9.035856158867730414e+01
4.679598515625000346e+02,-8.428392481767320987e+01
4.679601445312500232e+02,-8.093451370885870233e+01
4.679604375000000118e+02,-8.617863015868623222e+01
4.679607304687500005e+02,-8.523891698327327049e+01
4.679610234374999891e+02,-8.798058439860545832e+01
4.679613164062500346e+02,-9.272168032691359940e+01
4.679616093750000232e+02,-9.536848977111839076e+01
4.679619023437500118e+02,-8.620840530986852457e+01
4.679621953125000005e+02,-8.002074697935553615e+01
4.679624882812499891e+02,-8.658544233552413516e+01
4.679627812500000346e+02,-8.662897317104625472e+01
4.679630742187500232e+02,-8.045328559332955365e+01
4.679633671875000118e+02,-8.244736020383885489e+01
4.679636601562500005e+02,-8.806262935157029403e+01
4.679639531249999891e+02,-8.158032012066300354e+01
4.679642460937500346e+02,-8.375156385777323464e+01
4.679645390625000232e+02,-8.800082756600602352e+01
4.679648320312500118e+02,-8.310353624664877259e+01
4.679651250000000005e+02,-8.221154199785965488e+01
4.679654179687499891e+02,-9.781566174378343703e+01
4.679657109375000346e+02,-7.918181776516588855e+01
4.679660039062500232e+02,-9.032101483380060358e+01
4.679662968750000118e+02,-8.628211938162806405e+01
4.679665898437500005e+02,-8.349803862496735007e+01
4.679668828124999891e+02,-8.681194019904425829e+01
4.679671757812500346e+02,-8.592796077171411184e+01
4.679674687500000232e+02,-1.036091858797121290e+02
4.679677617187500118e+02,-8.788876701403667369e+01
4.679680546875000005e+02,-8.367953228915199304e+01
4.679683476562499891e+02,-8.645869616291341231e+01
4.679686406250000346e+02,-8.062608979447631441e+01
4.679689335937500232e+02,-9.052882128739480549e+01
4.679692265625000118e+02,-9.558876516781067778e+01
4.679695195312500005e+02,-8.680927304834563074e+01
4.679698124999999891e+02,-9.411538585708294136e+01
4.679701054687500346e+02,-8.737223841311001138e+01
4.679703984375000232e+02,-9.144905824995370835e+01
4.679706914062500118e+02,-8.086270100559087837e+01
4.679709843750000005e+02,-8.603641430548620406e+01
4.679712773437499891e+02,-9.456235524339834342e+01
4.679715703125000346e+02,-9.799639306929853433e+01
4.679718632812500232e+02,-9.041102182995489045e+01
4.679721562500000118e+02,-1.008844198551173434e+02
4.679724492187500005e+02,-9.202941821671174694e+01
4.679727421874999891e+02,-9.364854509913109837e+01
4.679730351562500346e+02,-8.498642942619281371e+01
4.679733281250000232e+02,-8.114841441213360440e+01
4.679736210937500118e+02,-8.684668646101937384e+01
4.679739140625000005e+02,-9.106663647498322689e+01
4.679742070312499891e+02,-8.525061028331457180e+01
4.679745000000000346e+02,-8.948440853170453124e+01
4.679747929687500232e+02,-8.948670240302769230e+01
4.679750859375000118e+02,-8.283326918693813923e+01
4.679753789062500005e+02,-8.500190619080932208e+01
4.679756718749999891e+02,-9.667384794047138996e+01
4.679759648437500346e+02,-8.543790221552272612e+01
4.679762578125000232e+02,-9.119979790559590072e+01
4.679765507812500118e+02,-9.106867566957356530e+01
4.679768437500000005e+02,-8.575816654717506538e+01
4.679771367187499891e+02,-9.945885143049548560e+01
4.679774296875000346e+02,-1.056414727672694340e+02
4.679777226562500232e+02,-9.565860662513073009e+01
4.679780156250000118e+02,-9.152959133043530926e+01
4.679783085937500005e+02,-9.108055972333892214e+01
4.679786015624999891e+02,-8.928721540011629543e+01
4.679788945312500346e+02,-9.340781110589303182e+01
4.679791875000000232e+02,-8.888348451162735842e+01
4.679794804687500118e+02,-8.609364393595424758e+01
4.679797734375000005e+02,-8.807938187971942057e+01
4.679800664062499891e+02,-9.522078538712526097e+01
4.679803593750000346e+02,-8.879923260669357887e+01
4.679806523437500232e+02,-9.014832303148034498e+01
4.679809453125000118e+02,-8.193648963005578878e+01
4.679812382812500005e+02,-8.137958641776761226e+01
4.679815312499999891e+02,-8.466556670603999635e+01
4.679818242187500346e+02,-9.467801738483711915e+01
4.679821171875000232e+02,-9.087085918080539670e+01
4.679824101562500118e+02,-8.307418324952428179e+01
4.679827031250000005e+02,-8.301174462997391856e+01
4.679829960937499891e+02,-9.356042512069447525e+01
4.679832890625000346e+02,-8.251987858156510924e+01
4.679835820312500232e+02,-8.729912585415075910e+01
4.679838750000000118e+02,-8.511571986091885833e+01
4.679841679687500005e+02,-8.148961360800042542e+01
4.679844609374999891e+02,-9.019942588826467045e+01
4.679847539062500346e+02,-9.001313801208470977e+01
4.679850468750000232e+02,-8.595315356794120021e+01
4.679853398437500118e+02,-9.664061752906137315e+01
4.679856328125000005e+02,-8.549892644789514407e+01
4.679859257812499891e+02,-8.248576646805247492e+01
4.679862187500000346e+02,-8.596065498762699519e+01
4.679865117187500232e+02,-8.629474299734545184e+01
4.679868046875000118e+02,-8.896113141344748954e+01
4.679870976562500005e+02,-9.205416427782652988e+01
4.679873906249999891e+02,-8.783173462969199363e+01
4.679876835937500346e+02,-8.798365070050819270e+01
4.679879765625000232e+02,-8.860320249518780145e+01
4.679882695312500118e+02,-8.368072964350930931e+01
4.679885625000000005e+02,-8.623776922245684773e+01
4.679888554687499891e+02,-8.149249614964733723e+01
4.679891484375000346e+02,-8.020844444157009434e+01
4.679894414062500232e+02,-9.228126473975865451e+01
4.679897343750000118e+02,-9.723187261927562020e+01
4.679900273437500005e+02,-9.570906625175135218e+01
4.679903203124999891e+02,-9.388303935327586203e+01
4.679906132812500346e+02,-8.883783043802688439e+01
4.679909062500000232e+02,-9.021622271502172907e+01
4.679911992187500118e+02,-9.795973646813428104e+01
4.679914921875000005e+02,-9.154956404214649979e+01
4.679917851562499891e+02,-9.135487355201323112e+01
4.679920781250000346e+02,-8.797711303317653631e+01
4.679923710937500232e+02,-9.116187385535442900e+01
4.679926640625000118e+02,-9.714498996907980199e+01
4.679929570312500005e+02,-9.660021598791078645e+01
4.679932499999999891e+02,-8.839233850296113815e+01
4.679935429687500346e+02,-8.932401536498903738e+01
4.679938359375000232e+02,-8.529722184864618839e+01
4.679941289062500118e+02,-8.463413233550143389e+01
4.679944218750000005e+02,-9.121679771015516280e+01
4.679947148437499891e+02,-9.140560938612368602e+01
4.679950078125000346e+02,-8.827308119012612053e+01
4.679953007812500232e+02,-8.794317043208519635e+01
4.679955937500000118e+02,-8.938539792572179010e+01
4.679958867187500005e+02,-8.750364429055707660e+01
4.679961796874999891e+02,-9.472708682594172558e+01
4.679964726562500346e+02,-8.623030835931277238e+01
4.679967656250000232e+02,-9.516214651563244331e+01
4.679970585937500118e+02,-9.122017974880938596e+01
4.679973515625000005e+02,-8.669385833010919384e+01
4.679976445312499891e+02,-8.474167211098757946e+01
4.679979375000000346e+02,-8.087104944319676747e+01
4.679982304687500232e+02,-8.351355422401370276e+01
4.679985234375000118e+02,-8.940935144736160112e+01
4.679988164062500005e+02,-8.214282282484133191e+01
4.679991093749999891e+02,-8.650897440251378612e+01
4.679994023437500346e+02,-8.797824546145621127e+01
4.679996953125000232e+02,-8.380170493401722354e+01
4.679999882812500118e+02,-8.052996794067310304e+01
4.680002812500000005e+02,-8.078404250442423518e+01
4.680005742187499891e+02,-8.998572005586694900e+01
4.680008671875000346e+02,-8.760768986866055741e+01
4.680011601562500232e+02,-9.079269701540508208e+01
4.680014531250000118e+02,-9.172850095617886268e+01
4.680017460937500005e+02,-8.602282889609773520e+01
4.680020390624999891e+02,-8.811788620284475826e+01
4.680023320312500346e+02,-9.264656694898242506e+01
4.680026250000000232e+02,-8.834787737323125612e+01
4.680029179687500118e+02,-8.458329948364990969e+01
4.680032109375000005e+02,-8.501037745305701776e+01
4.680035039062499891e+02,-8.135513247989419483e+01
4.680037968750000346e+02,-8.218395538693690128e+01
4.680040898437500232e+02,-8.522234649459514344e+01
4.680043828125000118e+02,-9.238764669485806280e+01
4.680046757812500005e+02,-8.966655829375679332e+01
4.680049687499999891e+02,-8.322678745512774867e+01
4.680052617187500346e+02,-8.292626036088833530e+01
4.680055546875000232e+02,-8.553841512035413075e+01
4.680058476562500118e+02,-8.420360438049988261e+01
4.680061406250000005e+02,-8.955279558776544491e+01
4.680064335937499891e+02,-9.266039327373049161e+01
4.680067265625000346e+02,-8.723529977098965560e+01
4.680070195312500232e+02,-8.670416640154618904e+01
4.680073125000000118e+02,-8.482552894052790293e+01
4.680076054687500005e+02,-8.353414718538802219e+01
4.680078984374999891e+02,-8.448749651677184147e+01
4.680081914062500346e+02,-8.336533120848982037e+01
4.680084843750000232e+02,-8.332258917786205643e+01
4.680087773437500118e+02,-9.689524859555316993e+01
4.680090703125000005e+02,-8.733626189644176918e+01
4.680093632812499891e+02,-8.665671907114531791e+01
4.680096562500000346e+02,-8.901898388176560672e+01
4.680099492187500232e+02,-9.107159891016891606e+01
4.680102421875000118e+02,-9.138700793436711933e+01
4.680105351562500005e+02,-1.010030116216360057e+02
4.680108281249999891e+02,-8.935104447522871851e+01
4.680111210937500346e+02,-8.581888992058061660e+01
4.680114140625000232e+02,-8.739855705944214037e+01
4.680117070312500118e+02,-8.774959328087669519e+01
4.680120000000000005e+02,-8.619541712635653141e+01
4.680122929687499891e+02,-8.239903385718356787e+01
4.680125859375000346e+02,-9.153759523705903689e+01
4.680128789062500232e+02,-8.978774006747313763e+01
4.680131718750000118e+02,-8.462911131413594035e+01
4.680134648437500005e+02,-8.471122736504017325e+01
4.680137578124999891e+02,-8.705009540217227482e+01
4.680140507812500346e+02,-9.061627512977918286e+01
4.680143437500000232e+02,-9.335939978684271523e+01
4.680146367187500118e+02,-9.735651469074922204e+01
4.680149296875000005e+02,-9.174095813679493006e+01
4.680152226562499891e+02,-8.698172501911544430e+01
4.680155156250000346e+02,-8.658511419602136527e+01
4.680158085937500232e+02,-8.702592488332010134e+01
4.680161015625000118e+02,-8.857156724632473299e+01
4.680163945312500005e+02,-9.486704330063828650e+01
4.680166874999999891e+02,-9.365259765752851706e+01
4.680169804687500346e+02,-9.107364865146406885e+01
4.680172734375000232e+02,-8.700129749494173836e+01
4.680175664062500118e+02,-9.285670622722277301e+01
4.680178593750000005e+02,-8.964863167880950812e+01
4.680181523437499891e+02,-8.787666820077951968e+01
4.680184453125000346e+02,-8.390861290102395742e+01
4.680187382812500232e+02,-8.720396313094619245e+01
4.680190312500000118e+02,-1.078171267602999990e+02
4.680193242187500005e+02,-8.489717881047936032e+01
4.680196171874999891e+02,-9.283640303028739993e+01
4.680199101562500346e+02,-9.349110153592550887e+01
4.680202031250000232e+02,-9.131345828972236234e+01
4.680204960937500118e+02,-8.249987596355100550e+01
4.680207890625000005e+02,-8.668488406361950638e+01
4.680210820312499891e+02,-8.752579210977329183e+01
4.680213750000000346e+02,-8.125879158449527040e+01
4.680216679687500232e+02,-8.807330091479980183e+01
4.680219609375000118e+02,-9.326681518489175460e+01
4.680222539062500005e+02,-9.135020666939698231e+01
4.680225468749999891e+02,-1.006638852324488766e+02
4.680228398437500346e+02,-9.774970034015711917e+01
4.680231328125000232e+02,-8.790292407601560853e+01
4.680234257812500118e+02,-8.636429785242756907e+01
4.680237187500000005e+02,-9.020074987705953617e+01
4.680240117187499891e+02,-8.727004326722509120e+01
4.680243046875000346e+02,-8.004844600372416608e+01
4.680245976562500232e+02,-8.057039025861314485e+01
4.680248906250000118e+02,-8.818066859592745743e+01
4.680251835937500005e+02,-8.549844028257710704e+01
4.680254765624999891e+02,-8.472588024995391720e+01
4.680257695312500346e+02,-8.571929965475763424e+01
4.680260625000000232e+02,-9.520822522304567315e+01
4.680263554687500118e+02,-8.489605070756752525e+01
4.680266484375000005e+02,-8.587492795375607102e+01
4.680269414062499891e+02,-8.444597010530776515e+01
4.680272343750000346e+02,-9.072919106447407955e+01
4.680275273437500232e+02,-8.689631901471844344e+01
4.680278203125000118e+02,-8.639119536057684456e+01
4.680281132812500005e+02,-9.501662881831259710e+01
4.680284062499999891e+02,-1.072508196772993330e+02
4.680286992187500346e+02,-8.966830573761217238e+01
4.680289921875000232e+02,-8.850780986033198872e+01
4.680292851562500118e+02,-8.644841645852994816e+01
4.680295781250000005e+02,-8.540619446134463999e+01
4.680298710937499891e+02,-8.852823572786209638e+01
4.680301640625000346e+02,-8.733142472470314033e+01
4.680304570312500232e+02,-8.604973069663333263e+01
4.680307500000000118e+02,-8.596283348280201153e+01
4.680310429687500005e+02,-8.265477190020968123e+01
4.680313359374999891e+02,-8.956274695542285258e+01
4.680316289062500346e+02,-8.073296109441714918e+01
4.680319218750000232e+02,-9.141211912923070315e+01
4.680322148437500118e+02,-9.070484406064166194e+01
4.680325078125000005e+02,-8.624469940057791462e+01
4.680328007812499891e+02,-8.503814022958479768e+01
4.680330937500000346e+02,-8.746358101153316511e+01
4.680333867187500232e+02,-9.756233623932163823e+01
4.680336796875000118e+02,-8.778455850739629795e+01
4.680339726562500005e+02,-8.088753244259112307e+01
4.680342656249999891e+02,-8.647644823686616178e+01
4.680345585937500346e+02,-8.451221577832174603e+01
4.680348515625000232e+02,-9.385909260119260011e+01
4.680351445312500118e+02,-9.042370447339325779e+01
4.680354375000000005e+02,-8.386766482670506662e+01
4.680357304687499891e+02,-8.574284256768756052e+01
4.680360234375000346e+02,-9.003565157172133127e+01
4.680363164062500232e+02,-8.372169021721430227e+01
4.680366093750000118e+02,-8.553554369465402374e+01
4.680369023437500005e+02,-8.797214345497525301e+01
4.680371953124999891e+02,-8.385547814965640612e+01
4.680374882812500346e+02,-8.427018182388609091e+01
4.680377812500000232e+02,-9.050335525553187210e+01
4.680380742187500118e+02,-9.215325114549968077e+01
4.680383671875000005e+02,-8.953900375865518413e+01
4.680386601562499891e+02,-9.020244918686049118e+01
4.680389531250000346e+02,-9.393017233199671523e+01
4.680392460937500232e+02,-8.503414950809558093e+01
4.680395390625000118e+02,-8.489242032047256714e+01
4.680398320312500005e+02,-9.902181690443681816e+01
4.680401249999999891e+02,-9.056262916437043486e+01
4.680404179687500346e+02,-8.195335426348172803e+01
4.680407109375000232e+02,-8.700312059703449563e+01
4.680410039062500118e+02,-8.816139960911478113e+01
4.680412968750000005e+02,-8.776466001111394633e+01
4.680415898437499891e+02,-8.447710360917778871e+01
4.680418828125000346e+02,-8.456945515790968670e+01
4.680421757812500232e+02,-9.692604113211231720e+01
4.680424687500000118e+02,-9.188098749628224482e+01
4.680427617187500005e+02,-8.715078952322679129e+01
4.680430546874999891e+02,-8.758265943650073382e+01
4.680433476562500346e+02,-8.516064104740769380e+01
4.680436406250000232e+02,-9.113419245018550896e+01
4.680439335937500118e+02,-9.677899435287906726e+01
4.680442265625000005e+02,-8.725457958348108889e+01
4.680445195312499891e+02,-8.757061622887816554e+01
4.680448125000000346e+02,-8.335533469720226663e+01
4.680451054687500232e+02,-8.282175229847565845e+01
4.680453984375000118e+02,-9.378043343105767349e+01
4.680456914062500005e+02,-8.849579921811115923e+01
4.680459843749999891e+02,-9.108505845291293213e+01
4.680462773437500346e+02,-8.995676388335161278e+01
4.680465703125000232e+02,-8.818799124293157377e+01
4.680468632812500118e+02,-9.175604144591079603e+01
4.680471562500000005e+02,-1.024065360823309021e+02
4.680474492187499891e+02,-9.008063023159742500e+01
4.680477421875000346e+02,-9.696248894913553329e+01
4.680480351562500232e+02,-9.297093922018085266e+01
4.680483281250000118e+02,-8.831137712500748194e+01
4.680486210937500005e+02,-8.724821498462239333e+01
4.680489140624999891e+02,-8.894411045982103303e+01
4.680492070312500346e+02,-1.016039764249934905e+02
4.680495000000000232e+02,-8.582464586396768880e+01
4.680497929687500118e+02,-1.169592458787757749e+02
4.680500859375000005e+02,-8.115200799645398888e+01
4.680503789062499891e+02,-8.145255399063428570e+01
4.680506718750000346e+02,-9.361598474670114456e+01
4.680509648437500232e+02,-8.656618384050730697e+01
4.680512578125000118e+02,-9.157792032359171230e+01
4.680515507812500005e+02,-9.291469482070303343e+01
4.680518437499999891e+02,-8.631538400880634754e+01
4.680521367187500346e+02,-9.034226972719268645e+01
4.680524296875000232e+02,-8.193188973942832831e+01
4.680527226562500118e+02,-8.091694783802708457e+01
4.680530156250000005e+02,-8.450567124548973652e+01
4.680533085937499891e+02,-9.167092134691344540e+01
4.680536015625000346e+02,-9.129863187196363583e+01
4.680538945312500232e+02,-8.997856393019766585e+01
4.680541875000000118e+02,-9.829643403211220232e+01
4.680544804687500005e+02,-9.558339788958838312e+01
4.680547734374999891e+02,-9.002912578213442885e+01
4.680550664062500346e+02,-8.765573128565037564e+01
4.680553593750000232e+02,-8.452841313668970713e+01
4.680556523437500118e+02,-8.774353088041557669e+01
4.680559453125000005e+02,-9.000961433876165074e+01
4.680562382812499891e+02,-9.468563169321092232e+01
4.680565312500000346e+02,-9.631410326118101750e+01
4.680568242187500232e+02,-9.246218174828624115e+01
4.680571171875000118e+02,-9.499630209193364294e+01
4.680574101562500005e+02,-8.820677158068437507e+01
4.680577031249999891e+02,-8.966956692154737141e+01
4.680579960937500346e+02,-9.174679540280479273e+01
4.680582890625000232e+02,-9.542118644504100189e+01
4.680585820312500118e+02,-8.900074244733781370e+01
4.680588750000000005e+02,-1.010324127150395412e+02
4.680591679687499891e+02,-9.239468437039312221e+01
4.680594609375000346e+02,-9.179046844288178875e+01
4.680597539062500232e+02,-8.662536530406390511e+01
4.680600468750000118e+02,-9.302843007790464469e+01
4.680603398437500005e+02,-9.785426529067262891e+01
4.680606328124999891e+02,-9.047432039755355504e+01
4.680609257812500346e+02,-8.597494970158051331e+01
4.680612187500000232e+02,-8.933908746683056279e+01
4.680615117187500118e+02,-8.388734750395984463e+01
4.680618046875000005e+02,-8.678692984981147163e+01
4.680620976562499891e+02,-8.696140702561437763e+01
4.680623906250000346e+02,-8.665040298112992900e+01
4.680626835937500232e+02,-9.017225946521001845e+01
4.680629765625000118e+02,-9.066341028091729015e+01
4.680632695312500005e+02,-1.026533741785282245e+02
4.680635624999999891e+02,-9.144075103766286361e+01
4.680638554687500346e+02,-8.646943754429560158e+01
4.680641484375000232e+02,-8.798817974547903020e+01
4.680644414062500118e+02,-8.326412225558308933e+01
4.680647343750000005e+02,-8.584464881291657434e+01
4.680650273437499891e+02,-8.828325317618941881e+01
4.680653203125000346e+02,-9.103216451535311649e+01
4.680656132812500232e+02,-9.073112754433606142e+01
4.680659062500000118e+02,-9.682587494099115588e+01
4.680661992187500005e+02,-8.703350782212368131e+01
4.680664921874999891e+02,-9.652405286475652701e+01
4.680667851562500346e+02,-9.139487975866339298e+01
4.680670781250000232e+02,-1.049753549292212682e+02
4.680673710937500118e+02,-8.907095941986247567e+01
4.680676640625000005e+02,-8.508469397589860250e+01
4.680679570312499891e+02,-9.539329980849673518e+01
4.680682500000000346e+02,-8.851533045088166318e+01
4.680685429687500232e+02,-8.333197637059652152e+01
4.680688359375000118e+02,-8.656414580054537566e+01
4.680691289062500005e+02,-8.523745857785756641e+01
4.680694218749999891e+02,-8.419442068666350565e+01
4.680697148437500346e+02,-8.507598028663956313e+01
4.680700078125000232e+02,-8.852302350554360544e+01
4.680703007812500118e+02,-8.773275839977725354e+01
4.680705937500000005e+02,-8.583679934549955703e+01
4.680708867187499891e+02,-8.665962347229827856e+01
4.680711796875000346e+02,-9.037164179448717505e+01
4.680714726562500232e+02,-9.550970479761831200e+01
4.680717656250000118e+02,-9.246307540882804687e+01
4.680720585937500005e+02,-9.082604248669211700e+01
4.680723515624999891e+02,-9.709225250941372565e+01
4.680726445312500346e+02,-9.086998445594348084e+01
4.680729375000000232e+02,-8.603624694795648509e+01
4.680732304687500118e+02,-8.903995364604298857e+01
4.680735234375000005e+02,-8.873030515494419035e+01
4.680738164062499891e+02,-8.921509635490623680e+01
4.680741093750000346e+02,-1.009614853277275301e+02
4.680744023437500232e+02,-8.869644954082215804e+01
4.680746953125000118e+02,-8.165920006790599928e+01
4.680749882812500005e+02,-8.169831566063665207e+01
4.680752812499999891e+02,-8.144245409576697625e+01
4.680755742187500346e+02,-8.304259702841009982e+01
4.680758671875000232e+02,-8.412856163514788932e+01
4.680761601562500118e+02,-8.538429371741806051e+01
4.680764531250000005e+02,-8.353675072649753020e+01
4.680767460937499891e+02,-8.758961237539674016e+01
4.680770390625000346e+02,-8.387240908293712494e+01
4.680773320312500232e+02,-8.262499726715391546e+01
4.680776250000000118e+02,-9.138433738190242650e+01
4.680779179687500005e+02,-8.753936259880069315e+01
4.680782109374999891e+02,-8.463061930982378556e+01
4.680785039062500346e+02,-9.117032896509408602e+01
4.680787968750000232e+02,-8.610492157019177739e+01
4.680790898437500118e+02,-9.019847812468702841e+01
4.680793828125000005e+02,-8.672718957729806277e+01
4.680796757812499891e+02,-8.436501432227001374e+01
4.680799687500000346e+02,-8.552263514626096708e+01
4.680802617187500232e+02,-8.851661092107120510e+01
4.680805546875000118e+02,-8.836571656125470042e+01
4.680808476562500005e+02,-9.098279462909545146e+01
4.680811406249999891e+02,-9.555329375709739281e+01
4.680814335937500346e+02,-8.937099096808772458e+01
4.680817265625000232e+02,-9.471471708259016964e+01
4.680820195312500118e+02,-9.650649780470338612e+01
4.680823125000000005e+02,-9.133946926154948187e+01
4.680826054687499891e+02,-9.050724072779864571e+01
4.680828984375000346e+02,-8.180552678886454032e+01
4.680831914062500232e+02,-8.498498802260810692e+01
4.680834843750000118e+02,-8.495105961337088729e+01
4.680837773437500005e+02,-8.468556818967925892e+01
4.680840703124999891e+02,-8.493226193805628554e+01
4.680843632812500346e+02,-8.741801000056082671e+01
4.680846562500000232e+02,-9.402210982159316188e+01
4.680849492187500118e+02,-8.585248960033139554e+01
4.680852421875000005e+02,-8.777852132966414445e+01
4.680855351562499891e+02,-9.610364851673010378e+01
4.680858281250000346e+02,-8.832666595188526060e+01
4.680861210937500232e+02,-9.531784031621418762e+01
4.680864140625000118e+02,-7.716933500930848311e+01
4.680867070312500005e+02,-7.644166735859693063e+01
4.680869999999999891e+02,-8.394812019781929280e+01
4.680872929687500346e+02,-1.000112795192731738e+02
4.680875859375000232e+02,-9.385696421111205723e+01
4.680878789062500118e+02,-9.431626177332596228e+01
4.680881718750000005e+02,-9.017667751309201662e+01
4.680884648437499891e+02,-9.213599202612398642e+01
4.680887578125000346e+02,-8.680130800094050869e+01
4.680890507812500232e+02,-9.218645756695738669e+01
4.680893437500000118e+02,-8.247228030790039099e+01
4.680896367187500005e+02,-8.278976288411604401e+01
4.680899296874999891e+02,-1.222801675467299560e+02
4.680902226562500346e+02,-8.861003345477126913e+01
4.680905156250000232e+02,-8.937872280695208360e+01
4.680908085937500118e+02,-9.106835684841024658e+01
4.680911015625000005e+02,-9.798444952561294485e+01
4.680913945312499891e+02,-9.156803399105535846e+01
4.680916875000000346e+02,-9.513816708741359207e+01
4.680919804687500232e+02,-8.665864160890349410e+01
4.680922734375000118e+02,-1.013324808108232844e+02
4.680925664062500005e+02,-8.781305380593211396e+01
4.680928593749999891e+02,-8.446061548400173535e+01
4.680931523437500346e+02,-8.266052999780781363e+01
4.680934453125000232e+02,-8.513107351340559603e+01
4.680937382812500118e+02,-8.489259752938232850e+01
4.680940312500000005e+02,-1.013366934457943103e+02
4.680943242187499891e+02,-8.858461404986974230e+01
4.680946171875000346e+02,-9.038862087511193977e+01
4.680949101562500232e+02,-9.010815647620638913e+01
4.680952031250000118e+02,-9.147798356094793348e+01
4.680954960937500005e+02,-8.647614793043300097e+01
4.680957890624999891e+02,-8.602269131183766149e+01
4.680960820312500346e+02,-9.032447462024978790e+01
4.680963750000000232e+02,-9.458096300527071776e+01
4.680966679687500118e+02,-8.784438928993102991e+01
4.680969609375000005e+02,-9.353758771325082932e+01
4.680972539062499891e+02,-9.220900408495991485e+01
4.680975468750000346e+02,-9.356094877600889959e+01
4.680978398437500232e+02,-8.627134667362932419e+01
4.680981328125000118e+02,-8.694587640181362076e+01
4.680984257812500005e+02,-9.643021368109103264e+01
4.680987187499999891e+02,-1.008227436559719195e+02
4.680990117187500346e+02,-8.563251211265392726e+01
4.680993046875000232e+02,-8.642565982186881968e+01
4.680995976562500118e+02,-8.472377217159966278e+01
4.680998906250000005e+02,-9.067015693572621160e+01
4.681001835937499891e+02,-8.692663273605118945e+01
4.681004765625000346e+02,-9.143748370153099359e+01
4.681007695312500232e+02,-1.007410753439207127e+02
4.681010625000000118e+02,-9.684334320453281464e+01
4.681013554687500005e+02,-8.504555447192174711e+01
4.681016484374999891e+02,-8.678246386048846261e+01
4.681019414062500346e+02,-8.803372016066330730e+01
4.681022343750000232e+02,-1.018760574354417514e+02
4.681025273437500118e+02,-9.137826300610100816e+01
4.681028203125000005e+02,-9.859053872298467525e+01
4.681031132812499891e+02,-9.356602302748777333e+01
4.681034062500000346e+02,-9.283046183686505515e+01
4.681036992187500232e+02,-8.768113097629264985e+01
4.681039921875000118e+02,-8.190220071067764707e+01
4.681042851562500005e+02,-8.275357228579932212e+01
4.681045781249999891e+02,-8.385946058582385376e+01
4.681048710937500346e+02,-8.190885746428540415e+01
4.681051640625000232e+02,-8.753858813058559463e+01
4.681054570312500118e+02,-9.287264929205058195e+01
4.681057500000000005e+02,-9.085535722619326293e+01
4.681060429687499891e+02,-8.646284192988770201e+01
4.681063359375000346e+02,-8.508270792464665533e+01
4.681066289062500232e+02,-8.804508272269450231e+01
4.681069218750000118e+02,-8.639287245855543063e+01
4.681072148437500005e+02,-8.102262360999520752e+01
4.681075078124999891e+02,-8.201229250687023864e+01
4.681078007812500346e+02,-8.538527376411653336e+01
4.681080937500000232e+02,-9.698863435656642196e+01
4.681083867187500118e+02,-8.606192773343791202e+01
4.681086796875000005e+02,-8.671000261526005204e+01
4.681089726562499891e+02,-8.792805769949433170e+01
4.681092656250000346e+02,-8.514307415138500801e+01
4.681095585937500232e+02,-8.140459856817868456e+01
4.681098515625000118e+02,-8.258814138694370399e+01
4.681101445312500005e+02,-9.023192759497946724e+01
4.681104374999999891e+02,-9.699005541550474163e+01
4.681107304687500346e+02,-8.786577378584354392e+01
4.681110234375000232e+02,-8.705448747953471411e+01
4.681113164062500118e+02,-9.513792906972214780e+01
4.681116093750000005e+02,-8.503309285729014277e+01
4.681119023437499891e+02,-8.093689937615354779e+01
4.681121953125000346e+02,-8.952593658764672568e+01
4.681124882812500232e+02,-9.238627352973443863e+01
4.681127812500000118e+02,-8.783271073214885405e+01
4.681130742187500005e+02,-8.734512308569023276e+01
4.681133671874999891e+02,-8.357963788506673097e+01
4.681136601562500346e+02,-8.683061508237413761e+01
4.681139531250000232e+02,-8.651616128260189953e+01
4.681142460937500118e+02,-8.740858328649169096e+01
4.681145390625000005e+02,-9.516152828329161650e+01
4.681148320312499891e+02,-8.917834505865890549e+01
4.681151250000000346e+02,-8.714285376167092068e+01
4.681154179687500232e+02,-8.590463994472970910e+01
4.681157109375000118e+02,-8.422196073425797636e+01
4.681160039062500005e+02,-9.299254625548806530e+01
4.681162968749999891e+02,-8.704007176225965736e+01
4.681165898437500346e+02,-8.282743192334589821e+01
4.681168828125000232e+02,-8.399219671442294555e+01
4.681171757812500118e+02,-8.380615802058885322e+01
4.681174687500000005e+02,-8.322630257072228233e+01
4.681177617187499891e+02,-9.025948716275847516e+01
4.681180546875000346e+02,-8.358042173463215363e+01
4.681183476562500232e+02,-8.666145601301160184e+01
4.681186406250000118e+02,-8.949585943724316905e+01
4.681189335937500005e+02,-8.836573938547196860e+01
4.681192265624999891e+02,-8.540134871553652829e+01
4.681195195312500346e+02,-8.384098537255418648e+01
4.681198125000000232e+02,-8.284410128382754124e+01
4.681201054687500118e+02,-8.470838438135145054e+01
4.681203984375000005e+02,-8.770440324121280184e+01
4.681206914062499891e+02,-8.282997517393978626e+01
4.681209843750000346e+02,-8.532671126525053751e+01
4.681212773437500232e+02,-8.617268657610809157e+01
4.681215703125000118e+02,-8.599867606244325202e+01
4.681218632812500005e+02,-8.538630480019797631e+01
4.681221562499999891e+02,-8.918644716425545482e+01
4.681224492187500346e+02,-8.818066169866810355e+01
4.681227421875000232e+02,-9.328047814119939574e+01
4.681230351562500118e+02,-9.425806237501133467e+01
4.681233281250000005e+02,-8.972837291203086352e+01
4.681236210937499891e+02,-8.554183250625926860e+01
4.681239140625000346e+02,-8.558421011416268698e+01
4.681242070312500232e+02,-9.049418179024848996e+01
4.681245000000000118e+02,-9.479932162228736559e+01
4.681247929687500005e+02,-9.017685882076483495e+01
4.681250859374999891e+02,-8.849248198968054169e+01
4.681253789062500346e+02,-8.315075486222737311e+01
4.681256718750000232e+02,-7.998789605042048834e+01
4.681259648437500118e+02,-8.850895574282360201e+01
4.681262578125000005e+02,-9.017170763198538452e+01
4.681265507812499891e+02,-8.985534546569475367e+01
4.681268437500000346e+02,-9.128013249460508405e+01
4.681271367187500232e+02,-9.809865810116734508e+01
4.681274296875000118e+02,-8.886501729793309323e+01
4.681277226562500005e+02,-8.546934361110992029e+01
4.681280156249999891e+02,-8.544348088941411845e+01
4.681283085937500346e+02,-9.035639874262844273e+01
4.681286015625000232e+02,-8.628339761464253854e+01
4.681288945312500118e+02,-9.001691992639224793e+01
4.681291875000000005e+02,-9.865202724573950377e+01
4.681294804687499891e+02,-9.586864434533696055e+01
4.681297734375000346e+02,-1.004385786315742450e+02
4.681300664062500232e+02,-8.703847805299643881e+01
4.681303593750000118e+02,-8.529572822871593019e+01
4.681306523437500005e+02,-8.756389561225405771e+01
4.681309453124999891e+02,-8.695279023675178109e+01
4.681312382812500346e+02,-9.120217922938785193e+01
4.681315312500000232e+02,-8.718053189393295099e+01
4.681318242187500118e+02,-9.254571695909854157e+01
4.681321171875000005e+02,-1.008660350123515457e+02
4.681324101562499891e+02,-9.587412840941958336e+01
4.681327031250000346e+02,-8.965185601056346343e+01
4.681329960937500232e+02,-8.907111807573166118e+01
4.681332890625000118e+02,-8.766112259904382142e+01
4.681335820312500005e+02,-9.671686090080785903e+01
4.681338749999999891e+02,-9.016058140432073742e+01
4.681341679687500346e+02,-8.757977253357995551e+01
4.681344609375000232e+02,-9.508549602874339257e+01
4.681347539062500118e+02,-8.851589078385693199e+01
4.681350468750000005e+02,-8.599605039532613660e+01
4.681353398437499891e+02,-8.793547928340282738e+01
4.681356328125000346e+02,-9.680637337302388801e+01
4.681359257812500232e+02,-8.931304674826641588e+01
4.681362187500000118e+02,-9.197742726267121327e+01
4.681365117187500005e+02,-8.576606635241688537e+01
4.681368046874999891e+02,-8.698786540155035141e+01
4.681370976562500346e+02,-8.817102607683611382e+01
4.681373906250000232e+02,-8.934358803669262272e+01
4.681376835937500118e+02,-9.084996999865394685e+01
4.681379765625000005e+02,-9.312379426685053829e+01
4.681382695312499891e+02,-9.505439151943042475e+01
4.681385625000000346e+02,-9.039138541324246034e+01
4.681388554687500232e+02,-9.893943315997771037e+01
4.681391484375000118e+02,-9.065859025645144698e+01
4.681394414062500005e+02,-9.109758738868816863e+01
4.681397343749999891e+02,-8.784126502820312510e+01
4.681400273437500346e+02,-8.903639525839980706e+01
4.681403203125000232e+02,-1.041996742159942642e+02
4.681406132812500118e+02,-9.653146470207381924e+01
4.681409062500000005e+02,-9.516952372236085012e+01
4.681411992187499891e+02,-1.003385549568112651e+02
4.681414921875000346e+02,-8.338775065545242171e+01
4.681417851562500232e+02,-8.340572560771428812e+01
4.681420781250000118e+02,-8.972939855879438653e+01
4.681423710937500005e+02,-1.054980509103698552e+02
4.681426640624999891e+02,-8.866599508690173082e+01
4.681429570312500346e+02,-9.472444704506733615e+01
4.681432500000000232e+02,-8.958378569708921191e+01
4.681435429687500118e+02,-9.055702186875717530e+01
4.681438359375000005e+02,-9.927191139628250482e+01
4.681441289062499891e+02,-8.972641738554521851e+01
4.681444218750000346e+02,-8.982450425477532008e+01
4.681447148437500232e+02,-9.048269486962055907e+01
4.681450078125000118e+02,-9.390764045878475486e+01
4.681453007812500005e+02,-9.523272934951769741e+01
4.681455937499999891e+02,-8.879594635728594199e+01
4.681458867187500346e+02,-8.526892143842468386e+01
4.681461796875000232e+02,-8.818932380170379304e+01
4.681464726562500118e+02,-8.944694833674353163e+01
4.681467656250000005e+02,-9.184417571304996386e+01
4.681470585937499891e+02,-9.269829895441947087e+01
4.681473515625000346e+02,-8.946342693902906262e+01
4.681476445312500232e+02,-9.429344910663877499e+01
4.681479375000000118e+02,-9.248955201147616378e+01
4.681482304687500005e+02,-8.626617191868662360e+01
4.681485234374999891e+02,-8.843442249503578978e+01
4.681488164062500346e+02,-9.813037347296801727e+01
4.681491093750000232e+02,-9.947422560824831805e+01
4.681494023437500118e+02,-1.064766180818697450e+02
4.681496953125000005e+02,-8.645400789266554398e+01
4.681499882812499891e+02,-8.625704142810100450e+01
4.681502812500000346e+02,-8.917005246858663270e+01
4.681505742187500232e+02,-8.301879603912726679e+01
4.681508671875000118e+02,-8.458817997371747310e+01
4.681511601562500005e+02,-8.610663206127880187e+01
4.681514531249999891e+02,-9.054424642527504830e+01
4.681517460937500346e+02,-9.232126824791576780e+01
4.681520390625000232e+02,-8.485056700773485261e+01
4.681523320312500118e+02,-8.642651523924398305e+01
4.681526250000000005e+02,-9.858828355683934319e+01
4.681529179687499891e+02,-8.966595129403806652e+01
4.681532109375000346e+02,-8.502488723549211613e+01
4.681535039062500232e+02,-8.535665017776310037e+01
4.681537968750000118e+02,-9.005572885193323884e+01
4.681540898437500005e+02,-9.345905058365116247e+01
4.681543828124999891e+02,-8.399708233020426462e+01
4.681546757812500346e+02,-8.580433173503381283e+01
4.681549687500000232e+02,-8.930493202790700025e+01
4.681552617187500118e+02,-8.769172766895918869e+01
4.681555546875000005e+02,-9.004654845472812497e+01
4.681558476562499891e+02,-9.582331120085859766e+01
4.681561406250000346e+02,-9.571953069405267911e+01
4.681564335937500232e+02,-9.369694538359038916e+01
4.681567265625000118e+02,-8.451427712078074705e+01
4.681570195312500005e+02,-9.142271500085000469e+01
4.681573124999999891e+02,-8.923280212780296949e+01
4.681576054687500346e+02,-9.157779570261863000e+01
4.681578984375000232e+02,-9.049326022275150194e+01
4.681581914062500118e+02,-8.830063765592085190e+01
4.681584843750000005e+02,-9.525216659357184312e+01
4.681587773437499891e+02,-9.322372658701438297e+01
4.681590703125000346e+02,-8.701281201623510242e+01
4.681593632812500232e+02,-8.340662862352331786e+01
4.681596562500000118e+02,-8.792936144806770926e+01
4.681599492187500005e+02,-8.612093507536606296e+01
4.681602421874999891e+02,-9.179024807600258384e+01
4.681605351562500346e+02,-8.639801488725950662e+01
4.681608281250000232e+02,-8.740896414048043539e+01
4.681611210937500118e+02,-9.693470354401429745e+01
4.681614140625000005e+02,-8.616982056440394899e+01
4.681617070312499891e+02,-8.199593252667396825e+01
4.681620000000000346e+02,-8.820190857455605737e+01
4.681622929687500232e+02,-9.117206424641805995e+01
4.681625859375000118e+02,-8.692332612336909392e+01
4.681628789062500005e+02,-8.680367093292102254e+01
4.681631718749999891e+02,-9.019400460052824542e+01
4.681634648437500346e+02,-9.018416887014907957e+01
4.681637578125000232e+02,-9.805483440106648629e+01
4.681640507812500118e+02,-8.572535721158773470e+01
4.681643437500000005e+02,-8.540514444356168156e+01
4.681646367187499891e+02,-9.130161140235856010e+01
4.681649296875000346e+02,-8.434206345667134030e+01
4.681652226562500232e+02,-8.290079040355612960e+01
4.681655156250000118e+02,-8.662297018349256916e+01
4.681658085937500005e+02,-9.257265908046393577e+01
4.681661015624999891e+02,-9.180201943672415155e+01
4.681663945312500346e+02,-9.106317167516340305e+01
4.681666875000000232e+02,-8.414265421596128647e+01
4.681669804687500118e+02,-9.025633298353798750e+01
4.681672734375000005e+02,-8.999229568960645054e+01
4.681675664062499891e+02,-8.619315873482105417e+01
4.681678593750000346e+02,-8.926299343990871193e+01
4.681681523437500232e+02,-9.612038779524944232e+01
4.681684453125000118e+02,-8.609751182230863265e+01
4.681687382812500005e+02,-8.710507447293763050e+01
4.681690312499999891e+02,-8.842430107576689124e+01
4.681693242187500346e+02,-8.832996282751611261e+01
4.681696171875000232e+02,-9.374180240088415417e+01
4.681699101562500118e+02,-9.258425913983319333e+01
4.681702031250000005e+02,-8.997888305894844052e+01
4.681704960937499891e+02,-9.030950214914950891e+01
4.681707890625000346e+02,-9.056744050370794241e+01
4.681710820312500232e+02,-8.556635973084782165e+01
4.681713750000000118e+02,-9.581425239284456552e+01
4.681716679687500005e+02,-9.605493302967943237e+01
4.681719609374999891e+02,-9.601856945932810561e+01
4.681722539062500346e+02,-9.772906519270611625e+01
4.681725468750000232e+02,-9.255786651681748367e+01
4.681728398437500118e+02,-8.708548427760447908e+01
4.681731328125000005e+02,-8.639635201257233632e+01
4.681734257812499891e+02,-8.723235905790211575e+01
4.681737187500000346e+02,-9.367905294649297332e+01
4.681740117187500232e+02,-9.567947000199134777e+01
4.681743046875000118e+02,-9.578199926253094532e+01
4.681745976562500005e+02,-8.978339035357328157e+01
4.681748906249999891e+02,-8.695100168864183843e+01
4.681751835937500346e+02,-1.078338244128704275e+02
4.681754765625000232e+02,-8.940567263681066379e+01
4.681757695312500118e+02,-8.477479561830367061e+01
4.681760625000000005e+02,-8.660793143630627355e+01
4.681763554687499891e+02,-9.192654204761345227e+01
4.681766484375000346e+02,-8.672341498030198181e+01
4.681769414062500232e+02,-8.349550384895457000e+01
4.681772343750000118e+02,-9.163023703135840492e+01
4.681775273437500005e+02,-8.412556761329773281e+01
4.681778203124999891e+02,-8.226295395193878335e+01
4.681781132812500346e+02,-8.232778014505905162e+01
4.681784062500000232e+02,-8.365417921334213247e+01
4.681786992187500118e+02,-8.623581204077053997e+01
4.681789921875000005e+02,-9.436435429554100551e+01
4.681792851562499891e+02,-9.478465538234297583e+01
4.681795781250000346e+02,-8.963072379164246684e+01
4.681798710937500232e+02,-8.895901080553457518e+01
4.681801640625000118e+02,-8.578919930742857503e+01
4.681804570312500005e+02,-1.066603922082163223e+02
4.681807499999999891e+02,-9.367077080804209288e+01
4.681810429687500346e+02,-8.706572674692777980e+01
4.681813359375000232e+02,-8.854263527076821561e+01
4.681816289062500118e+02,-8.998402432722238586e+01
4.681819218750000005e+02,-9.010814654030839677e+01
4.681822148437499891e+02,-9.109042195074735560e+01
4.681825078125000346e+02,-9.393134119273352667e+01
4.681828007812500232e+02,-9.521358580415265749e+01
4.681830937500000118e+02,-9.285026789639400135e+01
4.681833867187500005e+02,-1.026423840010171062e+02
4.681836796874999891e+02,-8.932861533251289643e+01
4.681839726562500346e+02,-8.590549208548719662e+01
4.681842656250000232e+02,-8.757619834894265409e+01
4.681845585937500118e+02,-9.218493225423861759e+01
4.681848515625000005e+02,-8.554561075515377411e+01
4.681851445312499891e+02,-9.005335072756145109e+01
4.681854375000000346e+02,-8.546389118749119973e+01
4.681857304687500232e+02,-8.404650847230998068e+01
4.681860234375000118e+02,-8.543179670889712440e+01
4.681863164062500005e+02,-8.525673257151566986e+01
4.681866093749999891e+02,-9.131613818369741864e+01
4.681869023437500346e+02,-9.071984624617124382e+01
4.681871953125000232e+02,-8.394377844745844186e+01
4.681874882812500118e+02,-8.563545323238022888e+01
4.681877812500000005e+02,-9.063156723059853448e+01
4.681880742187499891e+02,-9.106250406203392345e+01
4.681883671875000346e+02,-8.898775458456553622e+01
4.681886601562500232e+02,-8.525183886813586298e+01
4.681889531250000118e+02,-9.105676177244450287e+01
4.681892460937500005e+02,-9.352009992144695616e+01
4.681895390624999891e+02,-8.567120329444163929e+01
4.681898320312500346e+02,-9.325701800937881103e+01
4.681901250000000232e+02,-1.006646127000692701e+02
4.681904179687500118e+02,-9.797392286284829765e+01
4.681907109375000005e+02,-9.075735408232876011e+01
4.681910039062499891e+02,-8.396007212847666779e+01
4.681912968750000346e+02,-9.112981579011065492e+01
4.681915898437500232e+02,-1.109844134694719457e+02
4.681918828125000118e+02,-9.557774479750888474e+01
4.681921757812500005e+02,-9.180420285006857739e+01
4.681924687499999891e+02,-1.014228715416567042e+02
4.681927617187500346e+02,-8.679935704735525803e+01
4.681930546875000232e+02,-9.074800339776473379e+01
4.681933476562500118e+02,-8.535715103367186884e+01
4.681936406250000005e+02,-8.894890970134613895e+01
4.681939335937499891e+02,-9.385041576027360577e+01
4.681942265625000346e+02,-9.586464544298618762e+01
4.681945195312500232e+02,-9.004437401859391343e+01
4.681948125000000118e+02,-9.289571759117995953e+01
4.681951054687500005e+02,-9.935497315890260950e+01
4.681953984374999891e+02,-9.681386406741492578e+01
4.681956914062500346e+02,-8.278832031152943216e+01
4.681959843750000232e+02,-8.150295675743527113e+01
4.681962773437500118e+02,-8.473555176309254477e+01
4.681965703125000005e+02,-8.756509610200639315e+01
4.681968632812499891e+02,-9.887653814525734219e+01
4.681971562500000346e+02,-9.724803806704029796e+01
4.681974492187500232e+02,-9.483518210116172042e+01
4.681977421875000118e+02,-9.567542002579028804e+01
4.681980351562500005e+02,-8.992440780769449304e+01
4.681983281249999891e+02,-9.881325364162472624e+01
4.681986210937500346e+02,-8.372998488763860792e+01
4.681989140625000232e+02,-8.363679383753645880e+01
4.681992070312500118e+02,-9.748577842899301515e+01
4.681995000000000005e+02,-1.000318622020556489e+02
4.681997929687499891e+02,-9.008171082662697415e+01
4.682000859375000346e+02,-9.103655752437846616e+01
4.682003789062500232e+02,-9.453881425841422015e+01
4.682006718750000118e+02,-8.669855422022230584e+01
4.682009648437500005e+02,-8.195154830509355293e+01
4.682012578124999891e+02,-8.345045245606512196e+01
4.682015507812500346e+02,-8.984902175888501574e+01
4.682018437500000232e+02,-8.709606236863427853e+01
4.682021367187500118e+02,-8.417309820886364946e+01
4.682024296875000005e+02,-8.861013238553432814e+01
4.682027226562499891e+02,-1.040724460353807501e+02
4.682030156250000346e+02,-1.029633862274779972e+02
4.682033085937500232e+02,-8.821532488638807479e+01
4.682036015625000118e+02,-9.417841537450749456e+01
4.682038945312500005e+02,-8.849683731221951177e+01
4.682041874999999891e+02,-8.560945704119095012e+01
4.682044804687500346e+02,-9.502850570213192327e+01
4.682047734375000232e+02,-8.489466625798898747e+01
4.682050664062500118e+02,-8.390218206066055018e+01
4.682053593750000005e+02,-9.066577925320670772e+01
4.682056523437499891e+02,-1.060989556139676608e+02
4.682059453125000346e+02,-9.561155426061836238e+01
4.682062382812500232e+02,-9.357561475233524106e+01
4.682065312500000118e+02,-9.906340262842363131e+01
4.682068242187500005e+02,-9.733446128375121020e+01
4.682071171874999891e+02,-9.039604295065163342e+01
4.682074101562500346e+02,-9.499478447942638581e+01
4.682077031250000232e+02,-8.551753081549486524e+01
4.682079960937500118e+02,-8.995257833197450736e+01
4.682082890625000005e+02,-9.227862434496144317e+01
4.682085820312499891e+02,-8.188495935493257605e+01
4.682088750000000346e+02,-8.259159613584886017e+01
4.682091679687500232e+02,-8.650065276985492346e+01
4.682094609375000118e+02,-8.695384302265516396e+01
4.682097539062500005e+02,-8.530856515860925526e+01
4.682100468749999891e+02,-8.269565114042353571e+01
4.682103398437500346e+02,-8.615890241238675173e+01
4.682106328125000232e+02,-9.530691361190820032e+01
4.682109257812500118e+02,-8.403397531449938640e+01
4.682112187500000005e+02,-8.418917061566702387e+01
4.682115117187499891e+02,-8.753704668305623215e+01
4.682118046875000346e+02,-8.611423540673909827e+01
4.682120976562500232e+02,-8.740509730980514291e+01
4.682123906250000118e+02,-8.348518892277694192e+01
4.682126835937500005e+02,-8.316913036574851503e+01
4.682129765624999891e+02,-9.073620601748595504e+01
4.682132695312500346e+02,-8.473779692404821162e+01
4.682135625000000232e+02,-8.502622691177555225e+01
4.682138554687500118e+02,-8.495029647917378668e+01
4.682141484375000005e+02,-8.638230926591104719e+01
4.682144414062499891e+02,-8.525328250835673316e+01
4.682147343750000346e+02,-8.588260257017876143e+01
4.682150273437500232e+02,-9.235462006887188124e+01
4.682153203125000118e+02,-9.582998723804280417e+01
4.682156132812500005e+02,-9.523087464968826055e+01
4.682159062499999891e+02,-9.098473873214886964e+01
4.682161992187500346e+02,-8.857420176787682919e+01
4.682164921875000232e+02,-8.736681364201689348e+01
4.682167851562500118e+02,-8.440934953899935067e+01
4.682170781250000005e+02,-8.478030996690281995e+01
4.682173710937499891e+02,-8.894136046394103801e+01
4.682176640625000346e+02,-9.826171122005547431e+01
4.682179570312500232e+02,-9.729044560545793274e+01
4.682182500000000118e+02,-9.606215342148387037e+01
4.682185429687500005e+02,-9.189300973044915111e+01
4.682188359374999891e+02,-9.646166115290988330e+01
4.682191289062500346e+02,-8.983118174059329419e+01
4.682194218750000232e+02,-8.592963620943258718e+01
4.682197148437500118e+02,-9.328224679304211975e+01
4.682200078125000005e+02,-8.289493055077470274e+01
4.682203007812499891e+02,-8.843071179065155718e+01
4.682205937500000346e+02,-9.454394558295517470e+01
4.682208867187500232e+02,-9.211891452485083676e+01
4.682211796875000118e+02,-9.302775660897572152e+01
4.682214726562500005e+02,-9.022977640154348933e+01
4.682217656249999891e+02,-9.540913687010970534e+01
4.682220585937500346e+02,-8.930208087677902995e+01
4.682223515625000232e+02,-8.465242821653689020e+01
4.682226445312500118e+02,-8.827714935017638709e+01
4.682229375000000005e+02,-8.823489592856435593e+01
4.682232304687499891e+02,-8.807292571623401045e+01
4.682235234375000346e+02,-9.060455603565395677e+01
4.682238164062500232e+02,-9.140357425524554458e+01
4.682241093750000118e+02,-9.260289714050068710e+01
4.682244023437500005e+02,-8.918859143449242310e+01
4.682246953124999891e+02,-8.926255084561628905e+01
4.682249882812500346e+02,-9.298262009261387107e+01
4.682252812500000232e+02,-9.062256001835324071e+01
4.682255742187500118e+02,-8.892500050243347687e+01
4.682258671875000005e+02,-9.660412099146245168e+01
4.682261601562499891e+02,-9.204824368247371069e+01
4.682264531250000346e+02,-8.825134114428522025e+01
4.682267460937500232e+02,-8.297400278547166863e+01
4.682270390625000118e+02,-8.428389565985524712e+01
4.682273320312500005e+02,-8.913092084118103742e+01
4.682276249999999891e+02,-9.398400231273272709e+01
4.682279179687500346e+02,-8.904811890866261592e+01
4.682282109375000232e+02,-9.045484182788089811e+01
4.682285039062500118e+02,-9.320452552516476885e+01
4.682287968750000005e+02,-8.605450230992039451e+01
4.682290898437499891e+02,-8.261796298372624392e+01
4.682293828125000346e+02,-8.679324054742355088e+01
4.682296757812500232e+02,-9.263349390914081027e+01
4.682299687500000118e+02,-9.155243877457036206e+01
4.682302617187500005e+02,-8.681143714957870827e+01
4.682305546874999891e+02,-8.953896369290265511e+01
4.682308476562500346e+02,-9.163217963954539869e+01
4.682311406250000232e+02,-9.511852111830158663e+01
4.682314335937500118e+02,-8.964898348769582981e+01
4.682317265625000005e+02,-9.048555410174857627e+01
4.682320195312499891e+02,-8.762240838790614816e+01
4.682323125000000346e+02,-9.063038377112148680e+01
4.682326054687500232e+02,-9.443524455641377813e+01
4.682328984375000118e+02,-1.035028358597933362e+02
4.682331914062500005e+02,-9.297365603650627008e+01
4.682334843749999891e+02,-1.008624913092093891e+02
4.682337773437500346e+02,-9.700222827957075822e+01
4.682340703125000232e+02,-9.868186682079326033e+01
4.682343632812500118e+02,-8.559767081737967942e+01
4.682346562500000005e+02,-8.882560482486485398e+01
4.682349492187499891e+02,-9.182653918135088134e+01
4.682352421875000346e+02,-9.066988297424559562e+01
4.682355351562500232e+02,-8.715829626587678547e+01
4.682358281250000118e+02,-9.516200222229613814e+01
4.682361210937500005e+02,-9.157853536480411094e+01
4.682364140624999891e+02,-9.407306887492470082e+01
4.682367070312500346e+02,-8.764736730449590141e+01
4.682370000000000232e+02,-9.092496886179368687e+01
4.682372929687500118e+02,-9.336984017240857270e+01
4.682375859375000005e+02,-8.619491512755119800e+01
4.682378789062499891e+02,-8.926558991088107575e+01
4.682381718750000346e+02,-9.179857932861780512e+01
4.682384648437500232e+02,-8.942144743373908966e+01
4.682387578125000118e+02,-9.855577433822486455e+01
4.682390507812500005e+02,-9.480146738307871601e+01
4.682393437499999891e+02,-8.889314038167367471e+01
4.682396367187500346e+02,-9.395398090039986982e+01
4.682399296875000232e+02,-9.081140371312834247e+01
4.682402226562500118e+02,-8.992847808274787269e+01
4.682405156250000005e+02,-9.660013323417945230e+01
4.682408085937499891e+02,-8.853235832635810709e+01
4.682411015625000346e+02,-9.913058544126984373e+01
4.682413945312500232e+02,-9.015514693822711934e+01
4.682416875000000118e+02,-9.225474561740620061e+01
4.682419804687500005e+02,-9.419517848085639855e+01
4.682422734374999891e+02,-9.333920027290041332e+01
4.682425664062500346e+02,-9.142545550809238364e+01
4.682428593750000232e+02,-9.888241221366595823e+01
4.682431523437500118e+02,-9.172666256114365524e+01
4.682434453125000005e+02,-8.556804642234497749e+01
4.682437382812499891e+02,-8.427293603893703278e+01
4.682440312500000346e+02,-1.119261543948043425e+02
4.682443242187500232e+02,-9.654801683699784576e+01
4.682446171875000118e+02,-8.819264528640937328e+01
4.682449101562500005e+02,-9.460312304213661605e+01
4.682452031249999891e+02,-1.185458211655557648e+02
4.682454960937500346e+02,-1.011294458700743633e+02
4.682457890625000232e+02,-9.011480713445121182e+01
4.682460820312500118e+02,-8.431679750679030860e+01
4.682463750000000005e+02,-9.458712047910620413e+01
4.682466679687499891e+02,-9.056220022077641829e+01
4.682469609375000346e+02,-8.662096841094353294e+01
4.682472539062500232e+02,-9.019248232518066288e+01
4.682475468750000118e+02,-9.125198534424889374e+01
4.682478398437500005e+02,-9.489909481535356406e+01
4.682481328124999891e+02,-8.648122301381228283e+01
4.682484257812500346e+02,-8.377060583592881926e+01
4.682487187500000232e+02,-8.942076481322821735e+01
4.682490117187500118e+02,-8.417357628307799189e+01
4.682493046875000005e+02,-8.848669303879161419e+01
4.682495976562499891e+02,-9.422814080701104444e+01
4.682498906250000346e+02,-9.397335806909632083e+01
4.682501835937500232e+02,-8.477596885386515169e+01
4.682504765625000118e+02,-8.491620608659799530e+01
4.682507695312500005e+02,-9.023555842586824838e+01
4.682510624999999891e+02,-8.957628070702114087e+01
4.682513554687500346e+02,-8.840830038091777965e+01
4.682516484375000232e+02,-8.391435947115144245e+01
4.682519414062500118e+02,-9.067624557243732397e+01
4.682522343750000005e+02,-9.284690087964395389e+01
4.682525273437499891e+02,-9.540658072451560656e+01
4.682528203125000346e+02,-8.972741808177053713e+01
4.682531132812500232e+02,-9.137485593069251877e+01
4.682534062500000118e+02,-9.199645420914984584e+01
4.682536992187500005e+02,-9.376414181250660818e+01
4.682539921874999891e+02,-9.307649863531551659e+01
4.682542851562500346e+02,-9.148597893035389461e+01
4.682545781250000232e+02,-9.482389467714764919e+01
4.682548710937500118e+02,-8.873471320931349737e+01
4.682551640625000005e+02,-8.849665419877641170e+01
4.682554570312499891e+02,-9.867003855267448387e+01
4.682557500000000346e+02,-9.167456645574338836e+01
4.682560429687500232e+02,-9.422173120728106710e+01
4.682563359375000118e+02,-9.308630910261696556e+01
4.682566289062500005e+02,-9.527637850285091758e+01
4.682569218749999891e+02,-9.647740607145044578e+01
4.682572148437500346e+02,-9.268787512023672548e+01
4.682575078125000232e+02,-9.419839584873408000e+01
4.682578007812500118e+02,-1.009789115234902397e+02
4.682580937500000005e+02,-9.071368554939098772e+01
4.682583867187499891e+02,-8.299669281384117880e+01
4.682586796875000346e+02,-8.198628267774488165e+01
4.682589726562500232e+02,-9.062967747381458139e+01
4.682592656250000118e+02,-9.090837885680387842e+01
4.682595585937500005e+02,-9.441585895312417165e+01
4.682598515624999891e+02,-8.616114542243670371e+01
4.682601445312500346e+02,-9.476686108591385960e+01
4.682604375000000232e+02,-9.662680486680346803e+01
4.682607304687500118e+02,-9.476416731015119410e+01
4.682610234375000005e+02,-8.708445450585668368e+01
4.682613164062499891e+02,-8.524298639186136484e+01
4.682616093750000346e+02,-9.882932831801895190e+01
4.682619023437500232e+02,-8.674572042578566311e+01
4.682621953125000118e+02,-8.796900348857492702e+01
4.682624882812500005e+02,-8.876873784088643049e+01
4.682627812499999891e+02,-9.647169760549986961e+01
4.682630742187500346e+02,-1.012928645343580456e+02
4.682633671875000232e+02,-8.736172434718469049e+01
4.682636601562500118e+02,-8.620493032773070752e+01
4.682639531250000005e+02,-9.038746606055457278e+01
4.682642460937499891e+02,-9.851248740877890953e+01
4.682645390625000346e+02,-8.848905643534307330e+01
4.682648320312500232e+02,-8.506851003315658488e+01
4.682651250000000118e+02,-8.277660376466627667e+01
4.682654179687500005e+02,-8.529314328234788434e+01
4.682657109374999891e+02,-9.912589585682637505e+01
4.682660039062500346e+02,-8.974084106671122640e+01
4.682662968750000232e+02,-9.262214054005181652e+01
4.682665898437500118e+02,-9.887346854129559404e+01
4.682668828125000005e+02,-9.256964936230511398e+01
4.682671757812499891e+02,-9.644296316085549847e+01
4.682674687500000346e+02,-8.798003890547830963e+01
4.682677617187500232e+02,-8.425091606525130317e+01
4.682680546875000118e+02,-8.926534842530381297e+01
4.682683476562500005e+02,-9.441481766770041872e+01
4.682686406249999891e+02,-9.115730599755033836e+01
4.682689335937500346e+02,-8.868470453387644170e+01
4.682692265625000232e+02,-8.668864779898061101e+01
4.682695195312500118e+02,-8.911926985118674338e+01
4.682698125000000005e+02,-9.084146514716117338e+01
4.682701054687499891e+02,-8.716668151716321233e+01
4.682703984375000346e+02,-9.128175211329175909e+01
4.682706914062500232e+02,-9.709372330225504300e+01
4.682709843750000118e+02,-9.364612506425461902e+01
4.682712773437500005e+02,-8.784257609468225780e+01
4.682715703124999891e+02,-9.203847297892609447e+01
4.682718632812500346e+02,-9.821863654870955429e+01
4.682721562500000232e+02,-8.646799921974155723e+01
4.682724492187500118e+02,-8.832399206197307251e+01
4.682727421875000005e+02,-9.796192282195198686e+01
4.682730351562499891e+02,-1.003318925122056982e+02
4.682733281250000346e+02,-9.787883716144831681e+01
4.682736210937500232e+02,-9.630497602302480686e+01
4.682739140625000118e+02,-9.342465121902314706e+01
4.682742070312500005e+02,-9.122079285800309378e+01
4.682744999999999891e+02,-8.522573183130856478e+01
4.682747929687500346e+02,-8.665903792597758581e+01
4.682750859375000232e+02,-9.264451440861259357e+01
4.682753789062500118e+02,-8.450419880762157732e+01
4.682756718750000005e+02,-8.996919002985193003e+01
4.682759648437499891e+02,-8.589745645612046587e+01
4.682762578125000346e+02,-9.110200962279793657e+01
4.682765507812500232e+02,-9.041469651288284126e+01
4.682768437500000118e+02,-8.573949778857627280e+01
4.682771367187500005e+02,-8.813218948093165750e+01
4.682774296874999891e+02,-9.388013699285657765e+01
4.682777226562500346e+02,-9.110566147395503833e+01
4.682780156250000232e+02,-9.140869123255158968e+01
4.682783085937500118e+02,-8.839351312625311152e+01
4.682786015625000005e+02,-9.238571904776867427e+01
4.682788945312499891e+02,-8.565807892859224637e+01
4.682791875000000346e+02,-8.749077822695139162e+01
4.682794804687500232e+02,-9.725835970392451202e+01
4.682797734375000118e+02,-9.035180975722384744e+01
4.682800664062500005e+02,-9.122941266915634628e+01
4.682803593749999891e+02,-8.720064354781624161e+01
4.682806523437500346e+02,-8.592549208299489294e+01
4.682809453125000232e+02,-9.212196149362556241e+01
4.682812382812500118e+02,-8.707555916508285065e+01
4.682815312500000005e+02,-9.174697167821859978e+01
4.682818242187499891e+02,-9.001654613816612027e+01
4.682821171875000346e+02,-8.808599037420626132e+01
4.682824101562500232e+02,-9.565054468371074847e+01
4.682827031250000118e+02,-1.003830078940303139e+02
4.682829960937500005e+02,-8.960128248227790948e+01
4.682832890624999891e+02,-8.778443116718773354e+01
4.682835820312500346e+02,-8.273010839405573336e+01
4.682838750000000232e+02,-8.705346323468373271e+01
4.682841679687500118e+02,-9.171649176833014394e+01
4.682844609375000005e+02,-8.573202874481259528e+01
4.682847539062499891e+02,-9.486978580340378642e+01
4.682850468750000346e+02,-9.410192447083900902e+01
4.682853398437500232e+02,-1.004538126339175932e+02
4.682856328125000118e+02,-9.271654290832337608e+01
4.682859257812500005e+02,-8.708118003282230291e+01
4.682862187499999891e+02,-8.650399513482248892e+01
4.682865117187500346e+02,-9.864437584929142133e+01
4.682868046875000232e+02,-9.270619216649755856e+01
4.682870976562500118e+02,-8.961791865131453960e+01
4.682873906250000005e+02,-1.010186595897031623e+02
4.682876835937499891e+02,-8.935430217421669852e+01
4.682879765625000346e+02,-8.903929188573462739e+01
4.682882695312500232e+02,-9.059509801035625287e+01
4.682885625000000118e+02,-9.574460326665408161e+01
4.682888554687500005e+02,-8.965410299174240549e+01
4.682891484374999891e+02,-9.206198227327789141e+01
4.682894414062500346e+02,-9.054259424821088942e+01
4.682897343750000232e+02,-9.819808512287053759e+01
4.682900273437500118e+02,-9.202058311948762537e+01
4.682903203125000005e+02,-8.582395722091030166e+01
4.682906132812499891e+02,-8.801924198049022152e+01
4.682909062500000346e+02,-9.077365172600585197e+01
4.682911992187500232e+02,-8.648481768949937987e+01
4.682914921875000118e+02,-8.879849520354667902e+01
4.682917851562500005e+02,-9.318918140507730641e+01
4.682920781249999891e+02,-9.490154891214537258e+01
4.682923710937500346e+02,-9.015043555646668949e+01
4.682926640625000232e+02,-8.383445649163726898e+01
4.682929570312500118e+02,-8.601684185013766637e+01
4.682932500000000005e+02,-8.912662664303418580e+01
4.682935429687499891e+02,-9.132337262738261074e+01
4.682938359375000346e+02,-8.798085657457804132e+01
4.682941289062500232e+02,-9.375521761752951022e+01
4.682944218750000118e+02,-9.052500614370671883e+01
4.682947148437500005e+02,-8.855415546611048683e+01
4.682950078124999891e+02,-8.711789568062981459e+01
4.682953007812500346e+02,-8.937395211775029225e+01
4.682955937500000232e+02,-8.428266505578143608e+01
4.682958867187500118e+02,-9.068757959701312643e+01
4.682961796875000005e+02,-9.818165397601534039e+01
4.682964726562499891e+02,-1.045323731519964099e+02
4.682967656250000346e+02,-9.150955895088901570e+01
4.682970585937500232e+02,-8.806044373513252310e+01
4.682973515625000118e+02,-8.658106623742183672e+01
4.682976445312500005e+02,-9.126028997856695923e+01
4.682979374999999891e+02,-8.767796819275878306e+01
4.682982304687500346e+02,-8.921823156280665046e+01
4.682985234375000232e+02,-1.007186004732132290e+02
4.682988164062500118e+02,-1.018641594689858891e+02
4.682991093750000005e+02,-1.003515978084669200e+02
4.682994023437499891e+02,-9.040671076402495032e+01
4.682996953125000346e+02,-9.650354582608147780e+01
4.682999882812500232e+02,-1.026994912366490809e+02
4.683002812500000118e+02,-8.826976536654761674e+01
4.683005742187500005e+02,-9.312131052986924828e+01
4.683008671874999891e+02,-8.914294722590162223e+01
4.683011601562500346e+02,-8.491283672506929747e+01
4.683014531250000232e+02,-8.877391627176501743e+01
4.683017460937500118e+02,-9.222805361671694868e+01
4.683020390625000005e+02,-9.618336053552354770e+01
4.683023320312499891e+02,-8.843346098993757209e+01
4.683026250000000346e+02,-8.687883360577812653e+01
4.683029179687500232e+02,-9.453344781487783166e+01
4.683032109375000118e+02,-9.144238313073995528e+01
4.683035039062500005e+02,-8.750233933789034779e+01
4.683037968749999891e+02,-8.915964797926281449e+01
4.683040898437500346e+02,-1.004387542074380377e+02
4.683043828125000232e+02,-9.370240523238807384e+01
4.683046757812500118e+02,-8.454430271564004329e+01
4.683049687500000005e+02,-8.882248452602489408e+01
4.683052617187499891e+02,-1.081855965033263232e+02
4.683055546875000346e+02,-9.378382345951163757e+01
4.683058476562500232e+02,-1.098821377314878873e+02
4.683061406250000118e+02,-8.761919300560646207e+01
4.683064335937500005e+02,-8.861076730806820478e+01
4.683067265624999891e+02,-9.483167302550310751e+01
4.683070195312500346e+02,-1.000472678589264603e+02
4.683073125000000232e+02,-9.402156304126906150e+01
4.683076054687500118e+02,-9.147698063588595119e+01
4.683078984375000005e+02,-9.603279055041642209e+01
4.683081914062499891e+02,-9.822880192938880839e+01
4.683084843750000346e+02,-8.571588624462749806e+01
4.683087773437500232e+02,-8.429459296402396262e+01
4.683090703125000118e+02,-9.292384222962594720e+01
4.683093632812500005e+02,-9.090764172986246194e+01
4.683096562499999891e+02,-1.013879099612331061e+02
4.683099492187500346e+02,-9.540308148508211161e+01
4.683102421875000232e+02,-9.298309824680514168e+01
4.683105351562500118e+02,-8.892578398073479207e+01
4.683108281250000005e+02,-9.273379878386926123e+01
4.683111210937499891e+02,-9.283609572937626808e+01
4.683114140625000346e+02,-8.860210939834030341e+01
4.683117070312500232e+02,-9.192407120169077928e+01
4.683120000000000118e+02,-8.857097136805325022e+01
4.683122929687500005e+02,-8.462844398077945129e+01
4.683125859374999891e+02,-8.585813619429112009e+01
4.683128789062500346e+02,-8.800172391334089639e+01
4.683131718750000232e+02,-8.850894929451897042e+01
4.683134648437500118e+02,-8.847679238071647490e+01
4.683137578125000005e+02,-8.380691313698334000e+01
4.683140507812499891e+02,-8.820190475297832222e+01
4.683143437500000346e+02,-9.415724946031224363e+01
4.683146367187500232e+02,-9.000930082942559807e+01
4.683149296875000118e+02,-8.522098392432523895e+01
4.683152226562500005e+02,-8.824077069259230655e+01
4.683155156249999891e+02,-8.881509367710094693e+01
4.683158085937500346e+02,-8.976712704475453108e+01
4.683161015625000232e+02,-8.904726723301274660e+01
4.683163945312500118e+02,-9.350154126413150379e+01
4.683166875000000005e+02,-9.305043818988357884e+01
4.683169804687499891e+02,-9.119986387110843395e+01
4.683172734375000346e+02,-8.584612130266333452e+01
4.683175664062500232e+02,-9.351496082696337453e+01
4.683178593750000118e+02,-1.001071535487707678e+02
4.683181523437500005e+02,-9.943503287234759114e+01
4.683184453124999891e+02,-9.267040057646741502e+01
4.683187382812500346e+02,-9.620896654347052390e+01
4.683190312500000232e+02,-9.611639671578106459e+01
4.683193242187500118e+02,-9.236645513834382371e+01
4.683196171875000005e+02,-8.958273956011943540e+01
4.683199101562499891e+02,-9.363189648608485527e+01
4.683202031250000346e+02,-9.823618439856431905e+01
4.683204960937500232e+02,-8.758906598851413605e+01
4.683207890625000118e+02,-8.778467420855044168e+01
4.683210820312500005e+02,-1.079223694820205424e+02
4.683213749999999891e+02,-9.342544761583269519e+01
4.683216679687500346e+02,-8.686487143601647176e+01
4.683219609375000232e+02,-9.101915057295079237e+01
4.683222539062500118e+02,-9.196063496614920041e+01
4.683225468750000005e+02,-8.800367230132420104e+01
4.683228398437499891e+02,-8.833486222256679810e+01
4.683231328125000346e+02,-1.046204632052588863e+02
4.683234257812500232e+02,-8.997822360439477052e+01
4.683237187500000118e+02,-9.423450009239650171e+01
4.683240117187500005e+02,-8.674914836833757192e+01
4.683243046874999891e+02,-8.507019642609492394e+01
4.683245976562500346e+02,-1.001836476577354773e+02
4.683248906250000232e+02,-8.550249235029113493e+01
4.683251835937500118e+02,-8.967237437931642319e+01
4.683254765625000005e+02,-9.731651839993192254e+01
4.683257695312499891e+02,-9.539845770864701535e+01
4.683260625000000346e+02,-9.128612010005556954e+01
4.683263554687500232e+02,-8.792361331621975751e+01
4.683266484375000118e+02,-8.683159844010532424e+01
4.683269414062500005e+02,-9.780811048374033589e+01
4.683272343749999891e+02,-8.933104139502955832e+01
4.683275273437500346e+02,-8.740800200608003934e+01
4.683278203125000232e+02,-8.997918318616150657e+01
4.683281132812500118e+02,-9.447058738630883568e+01
4.683284062500000005e+02,-9.444779907890466575e+01
4.683286992187499891e+02,-1.120548153707163408e+02
4.683289921875000346e+02,-8.595768816536849499e+01
4.683292851562500232e+02,-9.081448083528496795e+01
4.683295781250000118e+02,-9.058810030203113683e+01
4.683298710937500005e+02,-8.898398861006013760e+01
4.683301640624999891e+02,-8.703114600037977766e+01
4.683304570312500346e+02,-9.134922054275249081e+01
4.683307500000000232e+02,-9.528170184159542089e+01
4.683310429687500118e+02,-9.475469128973520583e+01
4.683313359375000005e+02,-8.506115789787324388e+01
4.683316289062499891e+02,-8.456467407299648187e+01
4.683319218750000346e+02,-9.610144141403125673e+01
4.683322148437500232e+02,-8.998956425563068251e+01
4.683325078125000118e+02,-8.498920541093704628e+01
4.683328007812500005e+02,-8.431161433183743270e+01
4.683330937499999891e+02,-9.278943586068329807e+01
4.683333867187500346e+02,-8.866094488306347898e+01
4.683336796875000232e+02,-9.156996106381591005e+01
4.683339726562500118e+02,-9.260979457405269955e+01
4.683342656250000005e+02,-9.763376201843868785e+01
4.683345585937499891e+02,-9.456918451929308844e+01
4.683348515625000346e+02,-9.042449419427425994e+01
4.683351445312500232e+02,-8.661426251988171998e+01
4.683354375000000118e+02,-9.332421136426775377e+01
4.683357304687500005e+02,-1.046344189297485912e+02
4.683360234374999891e+02,-9.118899340334161252e+01
4.683363164062500346e+02,-9.954141209338078511e+01
4.683366093750000232e+02,-8.919223107626029901e+01
4.683369023437500118e+02,-8.846240951006643627e+01
4.683371953125000005e+02,-9.353255161437363085e+01
4.683374882812499891e+02,-9.202346204808824837e+01
4.683377812500000346e+02,-8.823341553304878460e+01
4.683380742187500232e+02,-9.183716318485306829e+01
4.683383671875000118e+02,-9.789742027146505166e+01
4.683386601562500005e+02,-9.524627970804525035e+01
4.683389531249999891e+02,-9.350621232768912705e+01
4.683392460937500346e+02,-8.953292140070884386e+01
4.683395390625000232e+02,-8.598689920797272634e+01
4.683398320312500118e+02,-9.414937185241353745e+01
4.683401250000000005e+02,-9.818038930624294380e+01
4.683404179687499891e+02,-9.194591083461519077e+01
4.683407109375000346e+02,-9.504875873473227443e+01
4.683410039062500232e+02,-9.241981749321878681e+01
4.683412968750000118e+02,-8.814441485852738367e+01
4.683415898437500005e+02,-8.558276851385383566e+01
4.683418828124999891e+02,-8.911278774849741069e+01
4.683421757812500346e+02,-8.829109126756152648e+01
4.683424687500000232e+02,-9.294382272070949114e+01
4.683427617187500118e+02,-9.577510040603876007e+01
4.683430546875000005e+02,-9.028074949414857997e+01
4.683433476562499891e+02,-8.779918085433514818e+01
4.683436406250000346e+02,-9.006128236185500668e+01
4.683439335937500232e+02,-8.671407152665415197e+01
4.683442265625000118e+02,-9.081647553736935663e+01
4.683445195312500005e+02,-8.411112012568645468e+01
4.683448124999999891e+02,-9.104600889280021647e+01
4.683451054687500346e+02,-9.220926158488147450e+01
4.683453984375000232e+02,-9.744036204649614774e+01
4.683456914062500118e+02,-9.050257462838905553e+01
4.683459843750000005e+02,-8.789649648608688892e+01
4.683462773437499891e+02,-9.267812530491455902e+01
4.683465703125000346e+02,-9.266921098260050371e+01
4.683468632812500232e+02,-8.569269766796550414e+01
4.683471562500000118e+02,-9.035960615484127345e+01
4.683474492187500005e+02,-9.150744074015003093e+01
4.683477421874999891e+02,-8.968926949518909453e+01
4.683480351562500346e+02,-8.856698843834371360e+01
4.683483281250000232e+02,-8.320165738331054683e+01
4.683486210937500118e+02,-8.466865402360383541e+01
4.683489140625000005e+02,-8.782600299179294723e+01
4.683492070312499891e+02,-8.799543221325083664e+01
4.683495000000000346e+02,-8.926082076049824821e+01
4.683497929687500232e+02,-9.078049891586050535e+01
4.683500859375000118e+02,-8.863120731225774307e+01
4.683503789062500005e+02,-8.846774554306882976e+01
4.683506718749999891e+02,-8.567525053012830938e+01
4.683509648437500346e+02,-8.449937328391351343e+01
4.683512578125000232e+02,-8.870062797435893742e+01
4.683515507812500118e+02,-8.928348295650776834e+01
4.683518437500000005e+02,-8.480204296920427964e+01
4.683521367187499891e+02,-8.824802758554652371e+01
4.683524296875000346e+02,-9.121404407157083938e+01
4.683527226562500232e+02,-8.833596013247090184e+01
4.683530156250000118e+02,-8.522226408908500161e+01
4.683533085937500005e+02,-8.442322761730898151e+01
4.683536015624999891e+02,-9.125478844577293103e+01
4.683538945312500346e+02,-9.547744333221432100e+01
4.683541875000000232e+02,-8.534250313210007732e+01
4.683544804687500118e+02,-8.347184708426584621e+01
4.683547734375000005e+02,-9.649262116148314306e+01
4.683550664062499891e+02,-9.722621856375255334e+01
4.683553593750000346e+02,-9.573144944779464538e+01
4.683556523437500232e+02,-9.091503743592662090e+01
4.683559453125000118e+02,-9.436258543664104081e+01
4.683562382812500005e+02,-9.844113258127842414e+01
4.683565312499999891e+02,-9.430400500807407127e+01
4.683568242187500346e+02,-8.540477244073805707e+01
4.683571171875000232e+02,-8.922767852589052495e+01
4.683574101562500118e+02,-9.742285641616810210e+01
4.683577031250000005e+02,-9.018168073978628740e+01
4.683579960937499891e+02,-9.568928327929667432e+01
4.683582890625000346e+02,-9.949365026818637148e+01
4.683585820312500232e+02,-9.669740931827874419e+01
4.683588750000000118e+02,-1.010007925982543782e+02
4.683591679687500005e+02,-9.766570855232183135e+01
4.683594609374999891e+02,-8.823426572274094326e+01
4.683597539062500346e+02,-8.877238930131794348e+01
4.683600468750000232e+02,-9.115943903646495983e+01
4.683603398437500118e+02,-9.229721633588034990e+01
4.683606328125000005e+02,-9.072983336192910997e+01
4.683609257812499891e+02,-9.022964952955399554e+01
4.683612187500000346e+02,-9.437327118533437442e+01
4.683615117187500232e+02,-9.636191497457033961e+01
4.683618046875000118e+02,-8.962238637672273001e+01
4.683620976562500005e+02,-8.853419199326063449e+01
4.683623906249999891e+02,-9.295395931691851388e+01
4.683626835937500346e+02,-8.851872269911197577e+01
4.683629765625000232e+02,-9.015776780127815471e+01
4.683632695312500118e+02,-9.423883993874979126e+01
4.683635625000000005e+02,-9.961197880708064645e+01
4.683638554687499891e+02,-9.381987717277266370e+01
4.683641484375000346e+02,-8.541246000693071494e+01
4.683644414062500232e+02,-8.678445494777236036e+01
4.683647343750000118e+02,-9.965477392484856978e+01
4.683650273437500005e+02,-9.008654950733972555e+01
4.683653203124999891e+02,-8.980956562630814233e+01
4.683656132812500346e+02,-8.980776210358145306e+01
4.683659062500000232e+02,-9.606802654340960146e+01
4.683661992187500118e+02,-9.621248426977943780e+01
4.683664921875000005e+02,-8.789794321066138139e+01
4.683667851562499891e+02,-8.910309537668001667e+01
4.683670781250000346e+02,-9.220741700243182493e+01
4.683673710937500232e+02,-1.203291606095176576e+02
4.683676640625000118e+02,-1.020522447937611901e+02
4.683679570312500005e+02,-9.595578629917392277e+01
4.683682499999999891e+02,-8.920571859764307021e+01
4.683685429687500346e+02,-8.773326287831656600e+01
4.683688359375000232e+02,-9.357195258511966074e+01
4.683691289062500118e+02,-9.489856452090569405e+01
4.683694218750000005e+02,-8.927831966859825741e+01
4.683697148437499891e+02,-9.564077332917491958e+01
4.683700078125000346e+02,-9.177811372289963288e+01
4.683703007812500232e+02,-9.338902550125028768e+01
4.683705937500000118e+02,-8.790350672004760213e+01
4.683708867187500005e+02,-8.247867257336574198e+01
4.683711796874999891e+02,-8.699446883878309222e+01
4.683714726562500346e+02,-9.334794410925441355e+01
4.683717656250000232e+02,-8.635975789324072593e+01
4.683720585937500118e+02,-8.716269368603006740e+01
4.683723515625000005e+02,-8.959606718308856443e+01
4.683726445312499891e+02,-8.573726327542458137e+01
4.683729375000000346e+02,-9.940023230219719608e+01
4.683732304687500232e+02,-8.507309812601585008e+01
4.683735234375000118e+02,-8.395428068161642443e+01
4.683738164062500005e+02,-9.436657667086423373e+01
4.683741093749999891e+02,-9.597034641982132541e+01
4.683744023437500346e+02,-8.739464898937268345e+01
4.683746953125000232e+02,-8.930876269881098040e+01
4.683749882812500118e+02,-9.217484499394299746e+01
4.683752812500000005e+02,-1.067191741114332046e+02
4.683755742187499891e+02,-8.552105940105789728e+01
4.683758671875000346e+02,-8.384046634020319289e+01
4.683761601562500232e+02,-9.068646505938923497e+01
4.683764531250000118e+02,-9.668730810938654940e+01
4.683767460937500005e+02,-9.693898575425680519e+01
4.683770390624999891e+02,-9.331603392921311979e+01
4.683773320312500346e+02,-9.193889991768267578e+01
4.683776250000000232e+02,-8.926328418145004662e+01
4.683779179687500118e+02,-9.134944520611685448e+01
4.683782109375000005e+02,-8.641085150426027894e+01
4.683785039062499891e+02,-9.566857691695852850e+01
4.683787968750000346e+02,-9.609694972177250349e+01
4.683790898437500232e+02,-9.208054401035602154e+01
4.683793828125000118e+02,-9.553915848399387301e+01
4.683796757812500005e+02,-1.005171869088106149e+02
4.683799687499999891e+02,-8.757814516261586846e+01
4.683802617187500346e+02,-8.258441723344476770e+01
4.683805546875000232e+02,-8.605746880017478873e+01
4.683808476562500118e+02,-1.044835261101985395e+02
4.683811406250000005e+02,-9.683267230522145042e+01
4.683814335937499891e+02,-9.533864117245086334e+01
4.683817265625000346e+02,-9.419171782257350856e+01
4.683820195312500232e+02,-9.174280144226833045e+01
4.683823125000000118e+02,-8.953967831794896881e+01
4.683826054687500005e+02,-8.738424782397910917e+01
4.683828984374999891e+02,-8.741540687107143981e+01
4.683831914062500346e+02,-9.434758434610978384e+01
4.683834843750000232e+02,-9.552152081408289064e+01
4.683837773437500118e+02,-1.140371561066577897e+02
4.683840703125000005e+02,-9.398358148411909951e+01
4.683843632812499891e+02,-8.933987858117350811e+01
4.683846562500000346e+02,-8.571877471817315097e+01
4.683849492187500232e+02,-8.632743206921453805e+01
4.683852421875000118e+02,-8.859799213706808985e+01
4.683855351562500005e+02,-9.339009678933666692e+01
4.683858281249999891e+02,-9.101103389091471740e+01
4.683861210937500346e+02,-1.008722045816565895e+02
4.683864140625000232e+02,-9.731787418312677573e+01
4.683867070312500118e+02,-9.211523861849792638e+01
4.683870000000000005e+02,-9.048937333287540241e+01
4.683872929687499891e+02,-9.090152690638967670e+01
4.683875859375000346e+02,-9.265291243984690084e+01
4.683878789062500232e+02,-9.107513257884255609e+01
4.683881718750000118e+02,-9.036924102216588039e+01
4.683884648437500005e+02,-9.077940844426132116e+01
4.683887578124999891e+02,-8.901706134816237181e+01
4.683890507812500346e+02,-9.748371716306259316e+01
4.683893437500000232e+02,-8.804757708710624797e+01
4.683896367187500118e+02,-8.810962717955560208e+01
4.683899296875000005e+02,-9.783325525271087031e+01
4.683902226562499891e+02,-9.819989737352369730e+01
4.683905156250000346e+02,-9.203580315675873180e+01
4.683908085937500232e+02,-1.037932118791348870e+02
4.683911015625000118e+02,-9.153277210078890391e+01
4.683913945312500005e+02,-9.713413981625798499e+01
4.683916874999999891e+02,-9.006203480749725543e+01
4.683919804687500346e+02,-8.751458107905926909e+01
4.683922734375000232e+02,-9.786033098884527703e+01
4.683925664062500118e+02,-9.180133330780590484e+01
4.683928593750000005e+02,-8.575171713768591530e+01
4.683931523437499891e+02,-9.181230836894771130e+01
4.683934453125000346e+02,-1.100995468017579668e+02
4.683937382812500232e+02,-9.521510820877676906e+01
4.683940312500000118e+02,-9.361461523106328286e+01
4.683943242187500005e+02,-8.886472399829401070e+01
4.683946171874999891e+02,-9.267065618476294730e+01
4.683949101562500346e+02,-9.228742922803257898e+01
4.683952031250000232e+02,-8.703239271908088881e+01
4.683954960937500118e+02,-9.062445521404436022e+01
4.683957890625000005e+02,-9.771988521887263346e+01
4.683960820312499891e+02,-9.452610525175543899e+01
4.683963750000000346e+02,-9.329260303081855454e+01
4.683966679687500232e+02,-8.994783907341553686e+01
4.683969609375000118e+02,-8.831365063378879654e+01
4.683972539062500005e+02,-8.850659040748368511e+01
4.683975468749999891e+02,-9.226309730343473348e+01
4.683978398437500346e+02,-8.920780613367438150e+01
4.683981328125000232e+02,-8.808878897864504154e+01
4.683984257812500118e+02,-8.949198372466685214e+01
4.683987187500000005e+02,-9.201433084355996073e+01
4.683990117187499891e+02,-9.671895644554773241e+01
4.683993046875000346e+02,-8.887474757980720597e+01
4.683995976562500232e+02,-8.688914534724398209e+01
4.683998906250000118e+02,-8.985907397727370949e+01
4.684001835937500005e+02,-9.153356765989967414e+01
4.684004765624999891e+02,-8.827595475997105723e+01
4.684007695312500346e+02,-9.154571028093576501e+01
4.684010625000000232e+02,-9.407360721624993971e+01
4.684013554687500118e+02,-1.005219077680094131e+02
4.684016484375000005e+02,-9.316132421532040553e+01
4.684019414062499891e+02,-8.940002903347465235e+01
4.684022343750000346e+02,-9.683753428491307602e+01
4.684025273437500232e+02,-9.731679208479138765e+01
4.684028203125000118e+02,-9.186488116715848662e+01
4.684031132812500005e+02,-1.011458463951838667e+02
4.684034062499999891e+02,-1.043937441352187676e+02
4.684036992187500346e+02,-1.063574324853856723e+02
4.684039921875000232e+02,-9.244481157138565663e+01
4.684042851562500118e+02,-8.916908375336225845e+01
4.684045781250000005e+02,-9.963107993999804535e+01
4.684048710937499891e+02,-8.919672208635377331e+01
4.684051640625000346e+02,-8.882429701134340405e+01
4.684054570312500232e+02,-9.948973015412747145e+01
4.684057500000000118e+02,-9.052206345555023859e+01
4.684060429687500005e+02,-9.542424893744080805e+01
4.684063359374999891e+02,-9.146530543703725868e+01
4.684066289062500346e+02,-8.854258678625419066e+01
4.684069218750000232e+02,-9.322546203707696577e+01
4.684072148437500118e+02,-9.185126828892947515e+01
4.684075078125000005e+02,-8.742969549144434893e+01
4.684078007812499891e+02,-8.963596740136094354e+01
4.684080937500000346e+02,-8.648609907642622829e+01
4.684083867187500232e+02,-1.088584286293195333e+02
4.684086796875000118e+02,-9.530068048562188210e+01
4.684089726562500005e+02,-8.761568273547466390e+01
4.684092656249999891e+02,-8.888176675984652775e+01
4.684095585937500346e+02,-9.528002103786488419e+01
4.684098515625000232e+02,-9.049825036427336045e+01
4.684101445312500118e+02,-9.142518657474624888e+01
4.684104375000000005e+02,-8.457341320138999663e+01
4.684107304687499891e+02,-9.417474577457716123e+01
4.684110234375000346e+02,-9.574209501543521128e+01
4.684113164062500232e+02,-9.424361611997177590e+01
4.684116093750000118e+02,-9.359219881362598414e+01
4.684119023437500005e+02,-1.032952322450927056e+02
4.684121953124999891e+02,-9.627982221535194185e+01
4.684124882812500346e+02,-9.852775585940152325e+01
4.684127812500000232e+02,-8.795577638657421460e+01
4.684130742187500118e+02,-8.883919832456825816e+01
4.684133671875000005e+02,-9.550626445753255211e+01
4.684136601562499891e+02,-9.559051437188327327e+01
4.684139531250000346e+02,-9.590093223273231615e+01
4.684142460937500232e+02,-9.979135557610243268e+01
4.684145390625000118e+02,-9.103114562262005904e+01
4.684148320312500005e+02,-9.821237592169805453e+01
4.684151249999999891e+02,-9.257405606165406198e+01
4.684154179687500346e+02,-8.885578969982441322e+01
4.684157109375000232e+02,-9.961946770354285263e+01
4.684160039062500118e+02,-1.139582961224581652e+02
4.684162968750000005e+02,-8.979571100135706274e+01
4.684165898437499891e+02,-8.711486983653048810e+01
4.684168828125000346e+02,-8.636237962084470610e+01
4.684171757812500232e+02,-8.771963756038383053e+01
4.684174687500000118e+02,-9.274967053915651150e+01
4.684177617187500005e+02,-8.871036308744865551e+01
4.684180546874999891e+02,-9.094745433993493577e+01
4.684183476562500346e+02,-9.760623764741568209e+01
4.684186406250000232e+02,-8.895693942609831595e+01
4.684189335937500118e+02,-8.509312086773454098e+01
4.684192265625000005e+02,-8.282886859879474173e+01
4.684195195312499891e+02,-8.324305818680223013e+01
4.684198125000000346e+02,-9.494182318437910340e+01
4.684201054687500232e+02,-8.889828199580031765e+01
4.684203984375000118e+02,-9.613378986027157680e+01
4.684206914062500005e+02,-9.175171563102526306e+01
4.684209843749999891e+02,-8.677746848814494740e+01
4.684212773437500346e+02,-8.564084798510263852e+01
4.684215703125000232e+02,-8.477062480330519634e+01
4.684218632812500118e+02,-8.571444283664081354e+01
4.684221562500000005e+02,-9.078657569347464573e+01
4.684224492187499891e+02,-8.987845591653692168e+01
4.684227421875000346e+02,-8.994899354104880729e+01
4.684230351562500232e+02,-9.422935103418807046e+01
4.684233281250000118e+02,-9.070086763076561454e+01
4.684236210937500005e+02,-9.756182877255496066e+01
4.684239140624999891e+02,-9.415809177763939886e+01
4.684242070312500346e+02,-8.948228016026716602e+01
4.684245000000000232e+02,-9.012241991221978310e+01
4.684247929687500118e+02,-1.027840824145256988e+02
4.684250859375000005e+02,-9.490343831658329066e+01
4.684253789062499891e+02,-1.038948388787919583e+02
4.684256718750000346e+02,-8.847462189357923990e+01
4.684259648437500232e+02,-9.000442606631759190e+01
4.684262578125000118e+02,-9.509679337719700243e+01
4.684265507812500005e+02,-9.090716264578904315e+01
4.684268437499999891e+02,-9.041735581163435143e+01
4.684271367187500346e+02,-1.091942328169522796e+02
4.684274296875000232e+02,-9.129411805417389303e+01
4.684277226562500118e+02,-9.416579059783052230e+01
4.684280156250000005e+02,-9.725693794108548218e+01
4.684283085937499891e+02,-9.615017299840212672e+01
4.684286015625000346e+02,-8.804980302560375094e+01
4.684288945312500232e+02,-9.366693538168517819e+01
4.684291875000000118e+02,-9.684300540017629544e+01
4.684294804687500005e+02,-1.034872712125427654e+02
4.684297734374999891e+02,-9.479691400988977534e+01
4.684300664062500346e+02,-8.852166105125790807e+01
4.684303593750000232e+02,-9.357067555857675245e+01
4.684306523437500118e+02,-1.087251160323343555e+02
4.684309453125000005e+02,-8.913403077008455000e+01
4.684312382812499891e+02,-9.168449106461901010e+01
4.684315312500000346e+02,-9.401716073835277143e+01
4.684318242187500232e+02,-1.021228302606150606e+02
4.684321171875000118e+02,-1.025101936309464037e+02
4.684324101562500005e+02,-9.688073592420103353e+01
4.684327031249999891e+02,-9.219548751524051511e+01
4.684329960937500346e+02,-9.215227719109192606e+01
4.684332890625000232e+02,-9.054211559004086496e+01
4.684335820312500118e+02,-8.812326107960373633e+01
4.684338750000000005e+02,-9.584346816298503313e+01
4.684341679687499891e+02,-1.005538499444129030e+02
4.684344609375000346e+02,-9.561869526616590065e+01
4.684347539062500232e+02,-9.194176672995484978e+01
4.684350468750000118e+02,-8.831848046708677202e+01
4.684353398437500005e+02,-9.595617153692622026e+01
4.684356328124999891e+02,-9.657126032596117682e+01
4.684359257812500346e+02,-8.827517976903922658e+01
4.684362187500000232e+02,-9.662127478665338742e+01
4.684365117187500118e+02,-9.399790519433209113e+01
4.684368046875000005e+02,-9.596102415930495511e+01
4.684370976562499891e+02,-1.042752169882367070e+02
4.684373906250000346e+02,-8.937639798315638018e+01
4.684376835937500232e+02,-8.858431976338795266e+01
4.684379765625000118e+02,-9.347754599589939062e+01
4.684382695312500005e+02,-8.922822049192708960e+01
4.684385624999999891e+02,-8.848628656658048897e+01
4.684388554687500346e+02,-9.849558497437664073e+01
4.684391484375000232e+02,-9.570658933540555324e+01
4.684394414062500118e+02,-9.310692662436343880e+01
4.684397343750000005e+02,-9.751071618008539588e+01
4.684400273437499891e+02,-8.931820914002871348e+01
4.684403203125000346e+02,-9.412324463745035530e+01
4.684406132812500232e+02,-9.694066507653383269e+01
4.684409062500000118e+02,-9.039566326046981715e+01
4.684411992187500005e+02,-9.866767033058073366e+01
4.684414921874999891e+02,-9.951550430424518368e+01
4.684417851562500346e+02,-1.134135876122049353e+02
4.684420781250000232e+02,-9.823098055104536286e+01
4.684423710937500118e+02,-9.580881812592573965e+01
4.684426640625000005e+02,-9.829562836984932517e+01
4.684429570312499891e+02,-9.498867453703419983e+01
4.684432500000000346e+02,-9.321061713225155643e+01
4.684435429687500232e+02,-1.016641019129875474e+02
4.684438359375000118e+02,-9.537035499506100678e+01
4.684441289062500005e+02,-9.592640880432483641e+01
4.684444218749999891e+02,-9.639181639875079100e+01
4.684447148437500346e+02,-8.751310180576672337e+01
4.684450078125000232e+02,-8.880789512936296148e+01
4.684453007812500118e+02,-9.506608434880570258e+01
4.684455937500000005e+02,-8.880251990508890003e+01
4.684458867187499891e+02,-9.118545408548075670e+01
4.684461796875000346e+02,-1.035188028686159925e+02
4.684464726562500232e+02,-1.030401936177810569e+02
4.684467656250000118e+02,-1.013246651315669880e+02
4.684470585937500005e+02,-9.268533118911290103e+01
4.684473515624999891e+02,-8.890675761002867716e+01
4.684476445312500346e+02,-8.683162483790640351e+01
4.684479375000000232e+02,-8.722794348317478352e+01
4.684482304687500118e+02,-9.007255811315337723e+01
4.684485234375000005e+02,-9.657499043188121846e+01
4.684488164062499891e+02,-9.393082491601533945e+01
4.684491093750000346e+02,-1.010275521785396222e+02
4.684494023437500232e+02,-9.820492284122344984e+01
4.684496953125000118e+02,-9.619678453301131071e+01
4.684499882812500005e+02,-9.119352014195376910e+01
4.684502812499999891e+02,-9.056860700756061533e+01
4.684505742187500346e+02,-9.261043420350870292e+01
4.684508671875000232e+02,-1.032156717818826763e+02
4.684511601562500118e+02,-9.228779743037998173e+01
4.684514531250000005e+02,-9.726983959984838179e+01
4.684517460937499891e+02,-9.899517470515235118e+01
4.684520390625000346e+02,-9.549357318795142646e+01
4.684523320312500232e+02,-8.867414358006374187e+01
4.684526250000000118e+02,-8.733495903096726920e+01
4.684529179687500005e+02,-9.261886060540986421e+01
4.684532109374999891e+02,-9.337534170053486093e+01
4.684535039062500346e+02,-1.094761016182215343e+02
4.684537968750000232e+02,-1.005721733303490595e+02
4.684540898437500118e+02,-8.992253536239928735e+01
4.684543828125000005e+02,-1.025150102929833054e+02
4.684546757812499891e+02,-9.381083084843062636e+01
4.684549687500000346e+02,-9.516020127103257664e+01
4.684552617187500232e+02,-9.786852122796210551e+01
4.684555546875000118e+02,-9.215444338251627698e+01
4.684558476562500005e+02,-1.024645165291875060e+02
4.684561406249999891e+02,-9.385718224492254080e+01
4.684564335937500346e+02,-8.926645460312892055e+01
4.684567265625000232e+02,-9.584997347248629751e+01
4.684570195312500118e+02,-1.016098420658332202e+02
4.684573125000000005e+02,-9.789979343722299632e+01
4.684576054687499891e+02,-9.475460939654568904e+01
4.684578984375000346e+02,-8.942252101748496784e+01
4.684581914062500232e+02,-9.563706092950096149e+01
4.684584843750000118e+02,-9.220397001212845112e+01
4.684587773437500005e+02,-8.503497177233595039e+01
4.684590703124999891e+02,-8.590367544256812948e+01
4.684593632812500346e+02,-1.104354046961960165e+02
4.684596562500000232e+02,-9.687838598768064458e+01
4.684599492187500118e+02,-9.474180835563485914e+01
4.684602421875000005e+02,-9.151750197679488963e+01
4.684605351562499891e+02,-9.717773702715851414e+01
4.684608281250000346e+02,-1.046343875251923663e+02
4.684611210937500232e+02,-8.718068839232455502e+01
4.684614140625000118e+02,-8.423402739539469053e+01
4.684617070312500005e+02,-9.898316407136250916e+01
4.684619999999999891e+02,-9.325339576541472297e+01
4.684622929687500346e+02,-8.923799497621173771e+01
4.684625859375000232e+02,-8.745734324320227415e+01
4.684628789062500118e+02,-9.797006367399490045e+01
4.684631718750000005e+02,-9.534685884026657732e+01
4.684634648437499891e+02,-9.487660645899326539e+01
4.684637578125000346e+02,-8.742961704156670066e+01
4.684640507812500232e+02,-8.833374530011531078e+01
4.684643437500000118e+02,-9.146073323750306372e+01
4.684646367187500005e+02,-8.725065056506734607e+01
4.684649296874999891e+02,-9.079644712303178267e+01
4.684652226562500346e+02,-9.352716923372624080e+01
4.684655156250000232e+02,-9.906955636817200173e+01
4.684658085937500118e+02,-9.656212989333404551e+01
4.684661015625000005e+02,-8.762051932510281915e+01
4.684663945312499891e+02,-8.767248810081377997e+01
4.684666875000000346e+02,-9.491643740555942088e+01
4.684669804687500232e+02,-8.874936539464269458e+01
4.684672734375000118e+02,-9.296498806865621134e+01
4.684675664062500005e+02,-1.056963054121998766e+02
4.684678593749999891e+02,-9.609189466195527984e+01
4.684681523437500346e+02,-9.379466466390201163e+01
4.684684453125000232e+02,-1.042361643095223798e+02
4.684687382812500118e+02,-8.851594636334731092e+01
4.684690312500000005e+02,-9.252475467046365054e+01
4.684693242187499891e+02,-8.921539222904137034e+01
4.684696171875000346e+02,-9.195752238012855173e+01
4.684699101562500232e+02,-9.957498937859887178e+01
4.684702031250000118e+02,-1.019002435581862898e+02
4.684704960937500005e+02,-1.017496321108327493e+02
4.684707890624999891e+02,-9.521843867013522811e+01
4.684710820312500346e+02,-9.067101227021397847e+01
4.684713750000000232e+02,-9.552012661939295413e+01
4.684716679687500118e+02,-8.969398974847231898e+01
4.684719609375000005e+02,-9.261094333303157100e+01
4.684722539062499891e+02,-1.113237443329118150e+02
4.684725468750000346e+02,-1.032134033191517375e+02
4.684728398437500232e+02,-1.030242265852426584e+02
4.684731328125000118e+02,-9.283839326820637439e+01
4.684734257812500005e+02,-9.654980681359540995e+01
4.684737187499999891e+02,-9.904156201637954382e+01
4.684740117187500346e+02,-9.492794775318924394e+01
4.684743046875000232e+02,-1.120273028329985863e+02
4.684745976562500118e+02,-9.566688809651031988e+01
4.684748906250000005e+02,-9.821885296901487550e+01
4.684751835937499891e+02,-1.066402416350891968e+02
4.684754765625000346e+02,-9.806801215670866156e+01
4.684757695312500232e+02,-1.080530432839918831e+02
4.684760625000000118e+02,-9.419447534341935580e+01
4.684763554687500005e+02,-9.103556581949440840e+01
4.684766484374999891e+02,-9.226631838072225378e+01
4.684769414062500346e+02,-8.982176332964918686e+01
4.684772343750000232e+02,-9.231792755935708783e+01
4.684775273437500118e+02,-9.597241643068076655e+01
4.684778203125000005e+02,-9.772276484461437462e+01
4.684781132812499891e+02,-9.635573310271270486e+01
4.684784062500000346e+02,-9.439371748406881579e+01
4.684786992187500232e+02,-9.122445984908995342e+01
4.684789921875000118e+02,-9.270675109987371343e+01
4.684792851562500005e+02,-8.844736726775781221e+01
4.684795781249999891e+02,-9.186317272190183303e+01
4.684798710937500346e+02,-9.560749920446684769e+01
4.684801640625000232e+02,-9.761578730176096030e+01
4.684804570312500118e+02,-1.000155848749877237e+02
4.684807500000000005e+02,-9.899256129172080421e+01
4.684810429687499891e+02,-9.280473576215942444e+01
4.684813359375000346e+02,-8.863899833520356708e+01
4.684816289062500232e+02,-8.624550785692906629e+01
4.684819218750000118e+02,-9.103022710142931828e+01
4.684822148437500005e+02,-9.422946802166970315e+01
4.684825078124999891e+02,-9.547807839524061535e+01
4.684828007812500346e+02,-9.386970579625347000e+01
4.684830937500000232e+02,-9.178300409970404417e+01
4.684833867187500118e+02,-9.290247170893053408e+01
4.684836796875000005e+02,-8.793802067910999654e+01
4.684839726562499891e+02,-8.596683903367896562e+01
4.684842656250000346e+02,-8.996194943341308203e+01
4.684845585937500232e+02,-9.982223544651007785e+01
4.684848515625000118e+02,-9.865199485259829260e+01
4.684851445312500005e+02,-1.010150553455500386e+02
4.684854374999999891e+02,-1.060389997052912747e+02
4.684857304687500346e+02,-9.634236514267028895e+01
4.684860234375000232e+02,-1.093855627105199630e+02
4.684863164062500118e+02,-9.584146968685419665e+01
4.684866093750000005e+02,-9.402030217669624790e+01
4.684869023437499891e+02,-1.032332548505512335e+02
4.684871953125000346e+02,-1.043880689730595179e+02
4.684874882812500232e+02,-9.463394658704741857e+01
4.684877812500000118e+02,-9.743212658567892959e+01
4.684880742187500005e+02,-9.872883447107717814e+01
4.684883671874999891e+02,-9.355372450159718767e+01
4.684886601562500346e+02,-1.078708946056015350e+02
4.684889531250000232e+02,-1.021099983592756928e+02
4.684892460937500118e+02,-1.082959380256033626e+02
4.684895390625000005e+02,-9.679829458908351114e+01
4.684898320312499891e+02,-9.048781737382350343e+01
4.684901250000000346e+02,-9.170415925885693298e+01
4.684904179687500232e+02,-9.346773076453295914e+01
4.684907109375000118e+02,-8.878589468710381993e+01
4.684910039062500005e+02,-8.804662794003849058e+01
4.684912968749999891e+02,-9.144022054914231035e+01
4.684915898437500346e+02,-9.163619789190506992e+01
4.684918828125000232e+02,-9.468684366039717304e+01
4.684921757812500118e+02,-1.020597936575227749e+02
4.684924687500000005e+02,-9.337123634489172730e+01
4.684927617187499891e+02,-9.042621213389341506e+01
4.684930546875000346e+02,-8.777929952560535298e+01
4.684933476562500232e+02,-8.922901297201634918e+01
4.684936406250000118e+02,-9.768129785993865255e+01
4.684939335937500005e+02,-8.912994230522488692e+01
4.684942265624999891e+02,-8.727239415736222838e+01
4.684945195312500346e+02,-9.287026144317179899e+01
4.684948125000000232e+02,-1.158096252379322380e+02
4.684951054687500118e+02,-9.736734575607806619e+01
4.684953984375000005e+02,-9.631374671907445872e+01
4.684956914062499891e+02,-8.747111685229180011e+01
4.684959843750000346e+02,-8.967199610285634037e+01
4.684962773437500232e+02,-8.861306971981079528e+01
4.684965703125000118e+02,-8.699215817085055846e+01
4.684968632812500005e+02,-9.254564022770260578e+01
4.684971562499999891e+02,-9.028359411810640722e+01
4.684974492187500346e+02,-9.067628378639840037e+01
4.684977421875000232e+02,-9.199770515637769108e+01
4.684980351562500118e+02,-8.574708012861931650e+01
4.684983281250000005e+02,-8.773527730755134257e+01
4.684986210937499891e+02,-8.816498178499048777e+01
4.684989140625000346e+02,-8.520077423263110461e+01
4.684992070312500232e+02,-8.749573900150146244e+01
4.684995000000000118e+02,-8.914904974970335161e+01
4.684997929687500005e+02,-9.187103667987031486e+01
4.685000859374999891e+02,-9.964609595880993709e+01
4.685003789062500346e+02,-9.453078744234483111e+01
4.685006718750000232e+02,-9.497371996848686138e+01
4.685009648437500118e+02,-9.884135316529525994e+01
4.685012578125000005e+02,-9.657095092157724991e+01
4.685015507812499891e+02,-9.708131784643836681e+01
4.685018437500000346e+02,-8.764055102286116039e+01
4.685021367187500232e+02,-8.553052790945406514e+01
4.685024296875000118e+02,-9.031247640034719382e+01
4.685027226562500005e+02,-9.640281284732169809e+01
4.685030156249999891e+02,-1.085690235126805874e+02
4.685033085937500346e+02,-1.097111234534675077e+02
4.685036015625000232e+02,-9.369095306115424648e+01
4.685038945312500118e+02,-8.920243359139833217e+01
4.685041875000000005e+02,-8.795574819093134522e+01
4.685044804687499891e+02,-8.918361674604815903e+01
4.685047734375000346e+02,-9.336650255124652631e+01
4.685050664062500232e+02,-1.031902967903740063e+02
4.685053593750000118e+02,-9.511892680964865576e+01
4.685056523437500005e+02,-9.478028259290206847e+01
4.685059453124999891e+02,-9.999656224643956648e+01
4.685062382812500346e+02,-9.266274850610759017e+01
4.685065312500000232e+02,-9.171524188654059628e+01
4.685068242187500118e+02,-9.308095324641497825e+01
4.685071171875000005e+02,-9.348330335188529716e+01
4.685074101562499891e+02,-9.216464300344425453e+01
4.685077031250000346e+02,-9.040352277228362254e+01
4.685079960937500232e+02,-9.343731181970005650e+01
4.685082890625000118e+02,-1.047860733000842117e+02
4.685085820312500005e+02,-9.056360823127944570e+01
4.685088749999999891e+02,-9.105808976518757447e+01
4.685091679687500346e+02,-9.371647011449636011e+01
4.685094609375000232e+02,-9.097780426346349714e+01
4.685097539062500118e+02,-8.932965161870838244e+01
4.685100468750000005e+02,-9.066377837948476781e+01
4.685103398437499891e+02,-8.989776520061343490e+01
4.685106328125000346e+02,-9.577385104042208752e+01
4.685109257812500232e+02,-9.278913383102435830e+01
4.685112187500000118e+02,-9.167341628264567532e+01
4.685115117187500005e+02,-9.448118132482417764e+01
4.685118046874999891e+02,-9.046319290461224227e+01
4.685120976562500346e+02,-8.763986538293548278e+01
4.685123906250000232e+02,-8.812689467064319615e+01
4.685126835937500118e+02,-9.055665066162715959e+01
4.685129765625000005e+02,-9.204248084724717671e+01
4.685132695312499891e+02,-9.565810933426435270e+01
4.685135625000000346e+02,-8.949224481767748784e+01
4.685138554687500232e+02,-1.024085890613917798e+02
4.685141484375000118e+02,-9.656395178587564487e+01
4.685144414062500005e+02,-8.780364517200872854e+01
4.685147343749999891e+02,-8.693424367005474096e+01
4.685150273437500346e+02,-8.845514172954067078e+01
4.685153203125000232e+02,-9.155559773481772368e+01
4.685156132812500118e+02,-9.316929089825725896e+01
4.685159062500000005e+02,-8.920670630992765382e+01
4.685161992187499891e+02,-9.312716473584563914e+01
4.685164921875000346e+02,-1.012311648716877954e+02
4.685167851562500232e+02,-9.323777385005493556e+01
4.685170781250000118e+02,-9.478178014224234005e+01
4.685173710937500005e+02,-1.032531009470797869e+02
4.685176640624999891e+02,-9.897638125513284990e+01
4.685179570312500346e+02,-9.612182844363096024e+01
4.685182500000000232e+02,-9.449916048708101357e+01
4.685185429687500118e+02,-1.008932858856467192e+02
4.685188359375000005e+02,-1.002247670985351249e+02
4.685191289062499891e+02,-1.106704432877256750e+02
4.685194218750000346e+02,-9.453268567355209484e+01
4.685197148437500232e+02,-9.850117882362482646e+01
4.685200078125000118e+02,-9.835376178103103939e+01
4.685203007812500005e+02,-1.014327073448398266e+02
4.685205937499999891e+02,-1.016538909681547267e+02
4.685208867187500346e+02,-9.940080319400443898e+01
4.685211796875000232e+02,-1.004121978689344417e+02
4.685214726562500118e+02,-1.123487808479195280e+02
4.685217656250000005e+02,-1.144620711960983073e+02
4.685220585937499891e+02,-9.202216731446193876e+01
4.685223515625000346e+02,-9.061475496598760060e+01
4.685226445312500232e+02,-9.846950953282602370e+01
4.685229375000000118e+02,-9.326871837757452965e+01
4.685232304687500005e+02,-9.508756726986847241e+01
4.685235234374999891e+02,-1.028501431835822189e+02
4.685238164062500346e+02,-9.293609438575684578e+01
4.685241093750000232e+02,-9.247312254103252371e+01
4.685244023437500118e+02,-9.326733781078434049e+01
4.685246953125000005e+02,-8.652984911122949541e+01
4.685249882812499891e+02,-9.060552484794152406e+01
4.685252812500000346e+02,-9.566623661287601976e+01
4.685255742187500232e+02,-9.143973190141966256e+01
4.685258671875000118e+02,-9.087978304373051230e+01
4.685261601562500005e+02,-9.280940363229933610e+01
4.685264531249999891e+02,-1.183876276548873108e+02
4.685267460937500346e+02,-9.093744889194660175e+01
4.685270390625000232e+02,-8.912533465267559052e+01
4.685273320312500118e+02,-9.321000903496077683e+01
4.685276250000000005e+02,-9.444660853102918452e+01
4.685279179687499891e+02,-9.185412572337142478e+01
4.685282109375000346e+02,-8.933979376225903479e+01
4.685285039062500232e+02,-9.167619865011671720e+01
4.685287968750000118e+02,-1.006464735852366488e+02
4.685290898437500005e+02,-1.013465547061796030e+02
4.685293828124999891e+02,-9.615445278754344827e+01
4.685296757812500346e+02,-9.787158734739863064e+01
4.685299687500000232e+02,-9.813502487090107707e+01
4.685302617187500118e+02,-9.497859208858572799e+01
4.685305546875000005e+02,-9.788860063241658338e+01
4.685308476562499891e+02,-1.054450525292353404e+02
4.685311406250000346e+02,-1.013241723125188116e+02
4.685314335937500232e+02,-1.152336961340504615e+02
4.685317265625000118e+02,-1.050720192144101617e+02
4.685320195312500005e+02,-9.316617896683490585e+01
4.685323124999999891e+02,-9.445984677406444519e+01
4.685326054687500346e+02,-9.348196920912512553e+01
4.685328984375000232e+02,-8.993338122902849818e+01
4.685331914062500118e+02,-1.013056053880671072e+02
4.685334843750000005e+02,-1.148685128985208905e+02
4.685337773437499891e+02,-1.004083625179299730e+02
4.685340703125000346e+02,-1.039028659039762914e+02
4.685343632812500232e+02,-9.402125694277981438e+01
4.685346562500000118e+02,-1.017747173120656754e+02
4.685349492187500005e+02,-9.788559135272656420e+01
4.685352421874999891e+02,-8.787487942147022579e+01
4.685355351562500346e+02,-9.004487389810651621e+01
4.685358281250000232e+02,-9.846377356764007516e+01
4.685361210937500118e+02,-9.756173875721493971e+01
4.685364140625000005e+02,-9.122759982519278310e+01
4.685367070312499891e+02,-9.445136747803007893e+01
4.685370000000000346e+02,-1.040514295217423353e+02
4.685372929687500232e+02,-9.286793987597997102e+01
4.685375859375000118e+02,-8.778030038205582741e+01
4.685378789062500005e+02,-8.741688896035137191e+01
4.685381718749999891e+02,-8.979047934354534277e+01
4.685384648437500346e+02,-9.005530841818675469e+01
4.685387578125000232e+02,-9.027500714278679084e+01
4.685390507812500118e+02,-8.969862622707687194e+01
4.685393437500000005e+02,-9.582796006401005684e+01
4.685396367187499891e+02,-8.927348513541360830e+01
4.685399296875000346e+02,-8.631774201429151105e+01
4.685402226562500232e+02,-8.741634801210807382e+01
4.685405156250000118e+02,-9.114062445565397752e+01
4.685408085937500005e+02,-8.972092352803748838e+01
4.685411015624999891e+02,-8.818069567304749512e+01
4.685413945312500346e+02,-8.809799261663685854e+01
4.685416875000000232e+02,-9.092068514836641668e+01
4.685419804687500118e+02,-9.223656177164511405e+01
4.685422734375000005e+02,-8.877062750980243777e+01
4.685425664062499891e+02,-9.026121415568086093e+01
4.685428593750000346e+02,-9.572015137311692001e+01
4.685431523437500232e+02,-9.191956364685695746e+01
4.685434453125000118e+02,-9.174598077946235719e+01
4.685437382812500005e+02,-8.809838491167683117e+01
4.685440312499999891e+02,-8.829440418771932286e+01
4.685443242187500346e+02,-9.016176501603624160e+01
4.685446171875000232e+02,-9.134323070281720902e+01
4.685449101562500118e+02,-8.921084547208481297e+01
4.685452031250000005e+02,-9.114625695921064619e+01
4.685454960937499891e+02,-9.908474113218625234e+01
4.685457890625000346e+02,-9.669442067348499847e+01
4.685460820312500232e+02,-9.209520110021605888e+01
4.685463750000000118e+02,-9.045940781138509124e+01
4.685466679687500005e+02,-9.127745950338055536e+01
4.685469609374999891e+02,-9.260848402743033603e+01
4.685472539062500346e+02,-8.681801899907655695e+01
4.685475468750000232e+02,-8.858796506127990256e+01
4.685478398437500118e+02,-1.124890117535510257e+02
4.685481328125000005e+02,-9.243961968005058338e+01
4.685484257812499891e+02,-9.148199393413864300e+01
4.685487187500000346e+02,-9.083838610497733157e+01
4.685490117187500232e+02,-9.206720107848025236e+01
4.685493046875000118e+02,-1.032862896928437948e+02
4.685495976562500005e+02,-9.128939018407031369e+01
4.685498906249999891e+02,-9.061200222640620439e+01
4.685501835937500346e+02,-1.004439419379405933e+02
4.685504765625000232e+02,-8.984421746696718003e+01
4.685507695312500118e+02,-8.914157837445856103e+01
4.685510625000000005e+02,-9.233346059131072536e+01
4.685513554687499891e+02,-9.553276667829564417e+01
4.685516484375000346e+02,-1.078246505943143063e+02
4.685519414062500232e+02,-9.624144054499269885e+01
4.685522343750000118e+02,-9.514764365102982424e+01
4.685525273437500005e+02,-9.804393948072082310e+01
4.685528203124999891e+02,-9.046774584952315479e+01
4.685531132812500346e+02,-8.761982586752142765e+01
4.685534062500000232e+02,-9.502561098521410088e+01
4.685536992187500118e+02,-1.030605590515746286e+02
4.685539921875000005e+02,-9.992439382013262161e+01
4.685542851562499891e+02,-9.656503097775140532e+01
4.685545781250000346e+02,-9.768666196597740736e+01
4.685548710937500232e+02,-9.000022802505155539e+01
4.685551640625000118e+02,-9.596671040182272350e+01
4.685554570312500005e+02,-9.090195750949554565e+01
4.685557499999999891e+02,-9.124118924903282846e+01
4.685560429687500346e+02,-1.057358798589004465e+02
4.685563359375000232e+02,-9.565717163298384662e+01
4.685566289062500118e+02,-1.017988397064554107e+02
4.685569218750000005e+02,-9.164945961332978186e+01
4.685572148437499891e+02,-8.792524751142931905e+01
4.685575078125000346e+02,-9.537937578955791196e+01
4.685578007812500232e+02,-9.738927086975080272e+01
4.685580937500000118e+02,-1.008002512711979932e+02
4.685583867187500005e+02,-9.392669135025823834e+01
4.685586796874999891e+02,-8.770312267485175539e+01
4.685589726562500346e+02,-8.727853794835013446e+01
4.685592656250000232e+02,-9.828335625342241144e+01
4.685595585937500118e+02,-8.946164234632595935e+01
4.685598515625000005e+02,-9.037547597707896330e+01
4.685601445312499891e+02,-9.134834841186537346e+01
4.685604375000000346e+02,-9.310679109418445876e+01
4.685607304687500232e+02,-8.908512376564324597e+01
4.685610234375000118e+02,-8.605816559398886056e+01
4.685613164062500005e+02,-8.738398464149668143e+01
4.685616093749999891e+02,-9.246264192254645309e+01
4.685619023437500346e+02,-9.412856990434954696e+01
4.685621953125000232e+02,-9.738231936095489516e+01
4.685624882812500118e+02,-9.215098563470039039e+01
4.685627812500000005e+02,-8.987245100286715171e+01
4.685630742187499891e+02,-9.131375617062298033e+01
4.685633671875000346e+02,-8.674975727783412083e+01
4.685636601562500232e+02,-8.679291634175136494e+01
4.685639531250000118e+02,-9.041525633992674216e+01
4.685642460937500005e+02,-9.518424053705096810e+01
4.685645390624999891e+02,-9.151672711990515552e+01
4.685648320312500346e+02,-9.551746112042083325e+01
4.685651250000000232e+02,-9.045915706310475457e+01
4.685654179687500118e+02,-9.334914991503610793e+01
4.685657109375000005e+02,-9.482296061683362609e+01
4.685660039062499891e+02,-9.236064966779046870e+01
4.685662968750000346e+02,-9.592364090385029840e+01
4.685665898437500232e+02,-9.806654519605388032e+01
4.685668828125000118e+02,-8.808843818532507441e+01
4.685671757812500005e+02,-9.516766127249897522e+01
4.685674687499999891e+02,-9.181171841583216064e+01
4.685677617187500346e+02,-9.962227155289994585e+01
4.685680546875000232e+02,-9.975442513320844284e+01
4.685683476562500118e+02,-9.269217371347340872e+01
4.685686406250000005e+02,-1.026868174220392405e+02
4.685689335937499891e+02,-1.011986229713369312e+02
4.685692265625000346e+02,-9.463563388619371608e+01
4.685695195312500232e+02,-9.302254854564864672e+01
4.685698125000000118e+02,-1.031446723576399620e+02
4.685701054687500005e+02,-9.521613797724263861e+01
4.685703984374999891e+02,-9.066804146295251599e+01
4.685706914062500346e+02,-9.524535951963449065e+01
4.685709843750000232e+02,-9.319698788195563566e+01
4.685712773437500118e+02,-9.029945675911045555e+01
4.685715703125000005e+02,-9.372765473023869731e+01
4.685718632812499891e+02,-9.724435273046422878e+01
4.685721562500000346e+02,-9.998196043254492338e+01
4.685724492187500232e+02,-9.213150317869909145e+01
4.685727421875000118e+02,-8.730118410627709125e+01
4.685730351562500005e+02,-9.173762625273859328e+01
4.685733281249999891e+02,-9.330926242952303085e+01
4.685736210937500346e+02,-8.937213526566264932e+01
4.685739140625000232e+02,-8.892571542309948995e+01
4.685742070312500118e+02,-9.041136066589622544e+01
4.685745000000000005e+02,-8.814823854381232593e+01
4.685747929687499891e+02,-8.998175590794927814e+01
4.685750859375000346e+02,-9.010036481616339188e+01
4.685753789062500232e+02,-9.355221934165788866e+01
4.685756718750000118e+02,-9.613684174022193929e+01
4.685759648437500005e+02,-9.664118367508065433e+01
4.685762578124999891e+02,-9.095045450611604565e+01
4.685765507812500346e+02,-8.619887144500722798e+01
4.685768437500000232e+02,-8.712234309778274621e+01
4.685771367187500118e+02,-8.738127669483407090e+01
4.685774296875000005e+02,-9.105206100031375627e+01
4.685777226562499891e+02,-9.590079443783079682e+01
4.685780156250000346e+02,-9.626356207225026651e+01
4.685783085937500232e+02,-9.514828399827828775e+01
4.685786015625000118e+02,-1.003739543296475460e+02
4.685788945312500005e+02,-8.794758650563140634e+01
4.685791874999999891e+02,-9.168472248613755937e+01
4.685794804687500346e+02,-8.977385727055008147e+01
4.685797734375000232e+02,-9.088074291855483011e+01
4.685800664062500118e+02,-9.418871020712302311e+01
4.685803593750000005e+02,-9.162285253919606021e+01
4.685806523437499891e+02,-8.845143787400007795e+01
4.685809453125000346e+02,-9.380301932340520921e+01
4.685812382812500232e+02,-9.172714946230786381e+01
4.685815312500000118e+02,-9.563742389099587626e+01
4.685818242187500005e+02,-9.287421544533108886e+01
4.685821171874999891e+02,-9.094992892388376049e+01
4.685824101562500346e+02,-9.729519904739262870e+01
4.685827031250000232e+02,-9.517623071546637448e+01
4.685829960937500118e+02,-8.763110848216952320e+01
4.685832890625000005e+02,-8.697680461270596197e+01
4.685835820312499891e+02,-9.116056257910068439e+01
4.685838750000000346e+02,-1.205353889107248619e+02
4.685841679687500232e+02,-9.402101920572526694e+01
4.685844609375000118e+02,-8.980377783934781633e+01
4.685847539062500005e+02,-9.273756388597661271e+01
4.685850468749999891e+02,-9.780211810456910371e+01
4.685853398437500346e+02,-8.807849760754911017e+01
4.685856328125000232e+02,-8.659586572785080705e+01
4.685859257812500118e+02,-8.599795445585561993e+01
4.685862187500000005e+02,-9.076147392668859482e+01
4.685865117187499891e+02,-9.426815340433600454e+01
4.685868046875000346e+02,-9.124269921188957255e+01
4.685870976562500232e+02,-9.201343483145444679e+01
4.685873906250000118e+02,-1.038716104944847132e+02
4.685876835937500005e+02,-8.916297805315103631e+01
4.685879765624999891e+02,-8.773851986607252229e+01
4.685882695312500346e+02,-9.012898816067476560e+01
4.685885625000000232e+02,-9.053155542567790803e+01
4.685888554687500118e+02,-9.852712550962435500e+01
4.685891484375000005e+02,-9.052002785373504423e+01
4.685894414062499891e+02,-9.418644702652569833e+01
4.685897343750000346e+02,-1.040107655872459560e+02
4.685900273437500232e+02,-9.703096446193512747e+01
4.685903203125000118e+02,-1.004951358268589559e+02
4.685906132812500005e+02,-9.319301127906855697e+01
4.685909062499999891e+02,-9.211324761611699330e+01
4.685911992187500346e+02,-1.004672393517394511e+02
4.685914921875000232e+02,-8.926309913809467389e+01
4.685917851562500118e+02,-9.525007514286308208e+01
4.685920781250000005e+02,-9.856646807892329321e+01
4.685923710937499891e+02,-1.024745727313561048e+02
4.685926640625000346e+02,-9.980679874090520798e+01
4.685929570312500232e+02,-9.361533329879478060e+01
4.685932500000000118e+02,-9.436918029481860515e+01
4.685935429687500005e+02,-9.908419340479083814e+01
4.685938359374999891e+02,-9.076163483640962681e+01
4.685941289062500346e+02,-9.999575296854376916e+01
4.685944218750000232e+02,-9.914087595269501207e+01
4.685947148437500118e+02,-9.724022268723068407e+01
4.685950078125000005e+02,-9.137854072904424640e+01
4.685953007812499891e+02,-9.444167183672300325e+01
4.685955937500000346e+02,-9.560394707348352483e+01
4.685958867187500232e+02,-1.023292546669455163e+02
4.685961796875000118e+02,-9.383789764499476860e+01
4.685964726562500005e+02,-1.003226931445588264e+02
4.685967656249999891e+02,-9.272090644104980584e+01
4.685970585937500346e+02,-9.174491871804045218e+01
4.685973515625000232e+02,-9.544589995927435666e+01
4.685976445312500118e+02,-9.678112054595858638e+01
4.685979375000000005e+02,-9.571309046070483362e+01
4.685982304687499891e+02,-9.442489216678356456e+01
4.685985234375000346e+02,-9.332475627130475004e+01
4.685988164062500232e+02,-1.011735932734947738e+02
4.685991093750000118e+02,-9.398308446514475634e+01
4.685994023437500005e+02,-8.939345314593575154e+01
4.685996953124999891e+02,-9.333360724909715600e+01
4.685999882812500346e+02,-9.253449905031347100e+01
4.686002812500000232e+02,-1.037647380381607150e+02
4.686005742187500118e+02,-9.357850700792201337e+01
4.686008671875000005e+02,-9.899029271038824618e+01
4.686011601562499891e+02,-1.019962036045717753e+02
4.686014531250000346e+02,-1.003114461204112899e+02
4.686017460937500232e+02,-9.403755975142166790e+01
4.686020390625000118e+02,-8.941188988705479801e+01
4.686023320312500005e+02,-9.048073116635052315e+01
4.686026249999999891e+02,-1.078068736433720289e+02
4.686029179687500346e+02,-9.502490395503478737e+01
4.686032109375000232e+02,-1.031387895556620862e+02
4.686035039062500118e+02,-9.983425451266361961e+01
4.686037968750000005e+02,-1.210887971342094716e+02
4.686040898437499891e+02,-9.391693311959488710e+01
4.686043828125000346e+02,-8.723224070802405095e+01
4.686046757812500232e+02,-8.667928440824246650e+01
4.686049687500000118e+02,-9.515273218541332767e+01
4.686052617187500005e+02,-9.987118962639252118e+01
4.686055546874999891e+02,-9.568565629244685056e+01
4.686058476562500346e+02,-9.820177688812124472e+01
4.686061406250000232e+02,-1.101393785840122632e+02
4.686064335937500118e+02,-9.569155856870297328e+01
4.686067265625000005e+02,-9.029996254491017282e+01
4.686070195312499891e+02,-8.550682943946954140e+01
4.686073125000000346e+02,-9.363592736847307663e+01
4.686076054687500232e+02,-9.691310792083820047e+01
4.686078984375000118e+02,-9.587496517680898478e+01
4.686081914062500005e+02,-9.754591037936316411e+01
4.686084843749999891e+02,-9.745070599038250236e+01
4.686087773437500346e+02,-9.953448705445480016e+01
4.686090703125000232e+02,-9.885413156083015451e+01
4.686093632812500118e+02,-9.130815327253995406e+01
4.686096562500000005e+02,-9.473168561182257008e+01
4.686099492187499891e+02,-1.016493199515224575e+02
4.686102421875000346e+02,-9.751345561802382633e+01
4.686105351562500232e+02,-1.043897838366152229e+02
4.686108281250000118e+02,-1.113740436838119052e+02
4.686111210937500005e+02,-1.009968334940364656e+02
4.686114140624999891e+02,-9.739077268206065696e+01
4.686117070312500346e+02,-9.960716207678737533e+01
4.686120000000000232e+02,-1.015983191569346076e+02
4.686122929687500118e+02,-9.801185101129189547e+01
4.686125859375000005e+02,-1.265898173580967665e+02
4.686128789062499891e+02,-9.890345588444219516e+01
4.686131718750000346e+02,-9.555757962865421007e+01
4.686134648437500232e+02,-1.070605658905953561e+02
4.686137578125000118e+02,-9.893050433002545674e+01
4.686140507812500005e+02,-9.393954706093630591e+01
4.686143437499999891e+02,-9.596772950757693366e+01
4.686146367187500346e+02,-1.049292384342346622e+02
4.686149296875000232e+02,-1.044993073880110899e+02
4.686152226562500118e+02,-9.237840477364190406e+01
4.686155156250000005e+02,-8.988717778674345027e+01
4.686158085937499891e+02,-9.862979125301779959e+01
4.686161015625000346e+02,-9.316850666313145268e+01
4.686163945312500232e+02,-8.918324162976469438e+01
4.686166875000000118e+02,-9.325648574100561916e+01
4.686169804687500005e+02,-1.098453852174334742e+02
4.686172734374999891e+02,-9.791846935724947798e+01
4.686175664062500346e+02,-9.262489553439138490e+01
4.686178593750000232e+02,-9.056431059727229638e+01
4.686181523437500118e+02,-9.518468559738241197e+01
4.686184453125000005e+02,-8.976742955296347759e+01
4.686187382812499891e+02,-8.970047930145275927e+01
4.686190312500000346e+02,-1.024451915040036170e+02
4.686193242187500232e+02,-9.834402986270976044e+01
4.686196171875000118e+02,-9.910693250011595978e+01
4.686199101562500005e+02,-9.858745025247185367e+01
4.686202031249999891e+02,-9.280455828309544586e+01
4.686204960937500346e+02,-9.384298982729956151e+01
4.686207890625000232e+02,-8.736787840101668223e+01
4.686210820312500118e+02,-8.638354458806013270e+01
4.686213750000000005e+02,-9.464972597768121432e+01
4.686216679687499891e+02,-9.934779019601775474e+01
4.686219609375000346e+02,-9.099871038225707309e+01
4.686222539062500232e+02,-1.003005922774914751e+02
4.686225468750000118e+02,-1.037662391239359607e+02
4.686228398437500005e+02,-9.504878080203371837e+01
4.686231328124999891e+02,-8.798417181322719216e+01
4.686234257812500346e+02,-8.644256581017570795e+01
4.686237187500000232e+02,-9.299753136890817018e+01
4.686240117187500118e+02,-1.052824835263513705e+02
4.686243046875000005e+02,-9.182180072457614983e+01
4.686245976562499891e+02,-1.002539669156069522e+02
4.686248906250000346e+02,-9.614693033177827886e+01
4.686251835937500232e+02,-9.823731308695869302e+01
4.686254765625000118e+02,-9.075299896777963227e+01
4.686257695312500005e+02,-8.696952340915345303e+01
4.686260624999999891e+02,-9.180735214217519058e+01
4.686263554687500346e+02,-1.026863430547430198e+02
4.686266484375000232e+02,-9.131028068682221033e+01
4.686269414062500118e+02,-9.190371012776580528e+01
4.686272343750000005e+02,-1.004211655252744606e+02
4.686275273437499891e+02,-9.768512299883305161e+01
4.686278203125000346e+02,-1.011503136093087676e+02
4.686281132812500232e+02,-9.296495510785749161e+01
4.686284062500000118e+02,-9.481942244326748437e+01
4.686286992187500005e+02,-1.017948418426520476e+02
4.686289921874999891e+02,-9.885921358475526688e+01
4.686292851562500346e+02,-9.097962578809182332e+01
4.686295781250000232e+02,-9.268624048413668959e+01
4.686298710937500118e+02,-1.083751135987782135e+02
4.686301640625000005e+02,-1.012226745163533650e+02
4.686304570312499891e+02,-9.543326339713084394e+01
4.686307500000000346e+02,-9.293440385665313386e+01
4.686310429687500232e+02,-9.203504071607882508e+01
4.686313359375000118e+02,-9.331842526871622567e+01
4.686316289062500005e+02,-1.067871619038756279e+02
4.686319218749999891e+02,-9.198879968831739973e+01
4.686322148437500346e+02,-9.501477393384631398e+01
4.686325078125000232e+02,-9.428103797912231698e+01
4.686328007812500118e+02,-9.787068913232715772e+01
4.686330937500000005e+02,-9.747849998017281337e+01
4.686333867187499891e+02,-9.060947357586232442e+01
4.686336796875000346e+02,-9.556769219370629287e+01
4.686339726562500232e+02,-1.118545419434102826e+02
4.686342656250000118e+02,-9.356960939875547467e+01
4.686345585937500005e+02,-8.927945990869689297e+01
4.686348515624999891e+02,-9.200057641533533115e+01
4.686351445312500346e+02,-9.778036158618691331e+01
4.686354375000000232e+02,-9.432014558764343803e+01
4.686357304687500118e+02,-8.982144201161089825e+01
4.686360234375000005e+02,-9.628848162475327399e+01
4.686363164062499891e+02,-1.104871028704973668e+02
4.686366093750000346e+02,-1.019886800350063396e+02
4.686369023437500232e+02,-9.057079900862605371e+01
4.686371953125000118e+02,-8.871888283861710534e+01
4.686374882812500005e+02,-8.970379179956808002e+01
4.686377812499999891e+02,-9.875225549531954528e+01
4.686380742187500346e+02,-9.095369945711409798e+01
4.686383671875000232e+02,-9.731509161536175156e+01
4.686386601562500118e+02,-1.008532065246209015e+02
4.686389531250000005e+02,-1.065377817831540597e+02
4.686392460937499891e+02,-9.755573535144267794e+01
4.686395390625000346e+02,-9.376058610521187120e+01
4.686398320312500232e+02,-8.946516427635069135e+01
4.686401250000000118e+02,-9.542040832813083284e+01
4.686404179687500005e+02,-9.271115608471163227e+01
4.686407109374999891e+02,-1.014864303918861594e+02
4.686410039062500346e+02,-9.311559072754820932e+01
4.686412968750000232e+02,-1.016083943796793960e+02
4.686415898437500118e+02,-9.273660500465800283e+01
4.686418828125000005e+02,-9.292968136207855423e+01
4.686421757812499891e+02,-9.779838515954791944e+01
4.686424687500000346e+02,-1.003191713753416394e+02
4.686427617187500232e+02,-1.022977988383998706e+02
4.686430546875000118e+02,-1.068496023700003406e+02
4.686433476562500005e+02,-9.208664551049170655e+01
4.686436406249999891e+02,-9.643040150861752124e+01
4.686439335937500346e+02,-9.295035816377529159e+01
4.686442265625000232e+02,-8.909249222615309804e+01
4.686445195312500118e+02,-9.584051099931188844e+01
4.686448125000000005e+02,-9.895651625896132941e+01
4.686451054687499891e+02,-1.061070453730573888e+02
4.686453984375000346e+02,-1.058442785784001359e+02
4.686456914062500232e+02,-9.329167581629762651e+01
4.686459843750000118e+02,-9.531983226726090663e+01
4.686462773437500005e+02,-9.253850662360642332e+01
4.686465703124999891e+02,-8.993007865717021332e+01
4.686468632812500346e+02,-9.247874049836552501e+01
4.686471562500000232e+02,-1.025659177111969456e+02
4.686474492187500118e+02,-9.897364160109198394e+01
4.686477421875000005e+02,-9.842162846017784261e+01
4.686480351562499891e+02,-9.890389008670123872e+01
4.686483281250000346e+02,-9.478568147246770081e+01
4.686486210937500232e+02,-8.980067345886611463e+01
4.686489140625000118e+02,-9.337288411288632517e+01
4.686492070312500005e+02,-9.575682866007271343e+01
4.686494999999999891e+02,-9.642794854659734938e+01
4.686497929687500346e+02,-1.025961851327661947e+02
4.686500859375000232e+02,-1.019206777800856116e+02
4.686503789062500118e+02,-1.030757988140793060e+02
4.686506718750000005e+02,-1.053519508669859590e+02
4.686509648437499891e+02,-9.085519337735954082e+01
4.686512578125000346e+02,-9.068057293563961707e+01
4.686515507812500232e+02,-1.003512803988970461e+02
4.686518437500000118e+02,-1.006857119311566464e+02
4.686521367187500005e+02,-9.901895894110758434e+01
4.686524296874999891e+02,-9.597758112757746574e+01
4.686527226562500346e+02,-9.408743195001247273e+01
4.686530156250000232e+02,-1.002262849284569626e+02
4.686533085937500118e+02,-9.769652729152787174e+01
4.686536015625000005e+02,-9.710154140738553963e+01
4.686538945312499891e+02,-9.708929408328059196e+01
4.686541875000000346e+02,-1.041539220307861768e+02
4.686544804687500232e+02,-9.630974144966205586e+01
4.686547734375000118e+02,-9.402050850993497022e+01
4.686550664062500005e+02,-9.035543776011988371e+01
4.686553593749999891e+02,-9.430048382032740051e+01
4.686556523437500346e+02,-1.013349710725510420e+02
4.686559453125000232e+02,-9.551488072552277231e+01
4.686562382812500118e+02,-9.085623457591573526e+01
4.686565312500000005e+02,-9.335651423890507772e+01
4.686568242187499891e+02,-9.507987583160212353e+01
4.686571171875000346e+02,-9.360403500217461215e+01
4.686574101562500232e+02,-8.674657761892706276e+01
4.686577031250000118e+02,-9.241721711114496429e+01
4.686579960937500005e+02,-9.461855374475862845e+01
4.686582890624999891e+02,-9.275704958211549922e+01
4.686585820312500346e+02,-9.463814230298385155e+01
4.686588750000000232e+02,-9.526448577690514696e+01
4.686591679687500118e+02,-9.477134164576062858e+01
4.686594609375000005e+02,-1.016486296900451975e+02
4.686597539062499891e+02,-9.043502523159774853e+01
4.686600468750000346e+02,-9.535054544271494592e+01
4.686603398437500232e+02,-9.513577110966365069e+01
4.686606328125000118e+02,-8.983133592421610558e+01
4.686609257812500005e+02,-9.260982286569507949e+01
4.686612187499999891e+02,-1.078438909648951380e+02
4.686615117187500346e+02,-9.462176364166498388e+01
4.686618046875000232e+02,-1.001517801643740597e+02
4.686620976562500118e+02,-9.626766252862169893e+01
4.686623906250000005e+02,-9.603284174442777044e+01
4.686626835937499891e+02,-9.331522503624557885e+01
4.686629765625000346e+02,-8.858144159911660154e+01
4.686632695312500232e+02,-9.092426085836429195e+01
4.686635625000000118e+02,-9.608909084096212894e+01
4.686638554687500005e+02,-8.985804168576197526e+01
4.686641484374999891e+02,-9.256897586304090453e+01
4.686644414062500346e+02,-9.641832882577409691e+01
4.686647343750000232e+02,-9.162260105710684854e+01
4.686650273437500118e+02,-9.321223922471000378e+01
4.686653203125000005e+02,-9.029230250836999971e+01
4.686656132812499891e+02,-9.273041612485866381e+01
4.686659062500000346e+02,-9.392097996233880508e+01
4.686661992187500232e+02,-8.850090044080688756e+01
4.686664921875000118e+02,-8.841759027889233380e+01
4.686667851562500005e+02,-9.517562158164807329e+01
4.686670781249999891e+02,-9.138332546988804950e+01
4.686673710937500346e+02,-9.170336967928835747e+01
4.686676640625000232e+02,-9.028913205202130143e+01
4.686679570312500118e+02,-9.291561645904459965e+01
4.686682500000000005e+02,-9.095537669372603773e+01
4.686685429687499891e+02,-8.805356209733774620e+01
4.686688359375000346e+02,-8.752096067200001528e+01
4.686691289062500232e+02,-9.202231844257839555e+01
4.686694218750000118e+02,-9.315408488521454444e+01
4.686697148437500005e+02,-9.233353604106696366e+01
4.686700078124999891e+02,-9.145519438800482703e+01
4.686703007812500346e+02,-9.649520245538398910e+01
4.686705937500000232e+02,-1.001773108398117387e+02
4.686708867187500118e+02,-9.188019050976221536e+01
4.686711796875000005e+02,-9.130936540879035590e+01
4.686714726562499891e+02,-9.800958724806791622e+01
4.686717656250000346e+02,-1.011138705149005546e+02
4.686720585937500232e+02,-9.472325511032815371e+01
4.686723515625000118e+02,-9.561502833822059699e+01
4.686726445312500005e+02,-1.020475823813555678e+02
4.686729374999999891e+02,-1.003162290438537383e+02
4.686732304687500346e+02,-9.484298771830238195e+01
4.686735234375000232e+02,-9.476717741831012631e+01
4.686738164062500118e+02,-9.536059711795424221e+01
4.686741093750000005e+02,-9.696539168853365709e+01
4.686744023437499891e+02,-9.802007329975161554e+01
4.686746953125000346e+02,-9.576725219175885684e+01
4.686749882812500232e+02,-9.435679225559934480e+01
4.686752812500000118e+02,-9.595433395133140664e+01
4.686755742187500005e+02,-1.106967242980856554e+02
4.686758671874999891e+02,-1.050454827870008785e+02
4.686761601562500346e+02,-9.904083531298154242e+01
4.686764531250000232e+02,-9.467242102985997576e+01
4.686767460937500118e+02,-9.109254295762418963e+01
4.686770390625000005e+02,-9.323140729056282794e+01
4.686773320312499891e+02,-9.880431595389133292e+01
4.686776250000000346e+02,-9.605965364865349443e+01
4.686779179687500232e+02,-9.411779306032818226e+01
4.686782109375000118e+02,-9.391941765987445478e+01
4.686785039062500005e+02,-1.049881920294454858e+02
4.686787968749999891e+02,-1.094176429037760556e+02
4.686790898437500346e+02,-9.298651638852307144e+01
4.686793828125000232e+02,-9.030365334780779563e+01
4.686796757812500118e+02,-9.687361773789768904e+01
4.686799687500000005e+02,-9.822659154605426579e+01
4.686802617187499891e+02,-9.233341274062368598e+01
4.686805546875000346e+02,-9.455111024693994182e+01
4.686808476562500232e+02,-1.002226172781768412e+02
4.686811406250000118e+02,-9.134681398104000039e+01
4.686814335937500005e+02,-9.939095707193962426e+01
4.686817265624999891e+02,-9.032234901295711893e+01
4.686820195312500346e+02,-9.430766137804081950e+01
4.686823125000000232e+02,-1.040365427809604029e+02
4.686826054687500118e+02,-9.648368480442272244e+01
4.686828984375000005e+02,-9.613488797032511002e+01
4.686831914062499891e+02,-9.810576392855605832e+01
4.686834843750000346e+02,-8.712018017667881509e+01
4.686837773437500232e+02,-8.955683185655907153e+01
4.686840703125000118e+02,-1.072304122306064471e+02
4.686843632812500005e+02,-1.095296130735736995e+02
4.686846562499999891e+02,-1.051101538546451906e+02
4.686849492187500346e+02,-1.014511495906458833e+02
4.686852421875000232e+02,-9.564122747148738313e+01
4.686855351562500118e+02,-9.434631802893517261e+01
4.686858281250000005e+02,-8.782715282509786903e+01
4.686861210937499891e+02,-8.581009245277141417e+01
4.686864140625000346e+02,-9.182596835683386871e+01
4.686867070312500232e+02,-9.706951829643331564e+01
4.686870000000000118e+02,-1.057024802037196309e+02
4.686872929687500005e+02,-9.826756957156332817e+01
4.686875859374999891e+02,-9.152430960502039170e+01
4.686878789062500346e+02,-9.160745641697359076e+01
4.686881718750000232e+02,-8.940877980809398196e+01
4.686884648437500118e+02,-8.755668412437114512e+01
4.686887578125000005e+02,-9.033586723877627378e+01
4.686890507812499891e+02,-9.450791943189767608e+01
4.686893437500000346e+02,-9.780720626153551223e+01
4.686896367187500232e+02,-9.733625452662097643e+01
4.686899296875000118e+02,-8.892766380758368427e+01
4.686902226562500005e+02,-9.062457077268322791e+01
4.686905156249999891e+02,-9.425451096783888261e+01
4.686908085937500346e+02,-9.104917520720533730e+01
4.686911015625000232e+02,-9.416667980006430128e+01
4.686913945312500118e+02,-9.464855104869421609e+01
4.686916875000000005e+02,-9.456177027954740311e+01
4.686919804687499891e+02,-9.603599119988408006e+01
4.686922734375000346e+02,-9.480641286038945736e+01
4.686925664062500232e+02,-9.504251422227854107e+01
4.686928593750000118e+02,-9.996108337629260632e+01
4.686931523437500005e+02,-9.085875260557698141e+01
4.686934453124999891e+02,-9.626381047892891729e+01
4.686937382812500346e+02,-1.005993076880023978e+02
4.686940312500000232e+02,-1.023693608908701691e+02
4.686943242187500118e+02,-9.529467106559847878e+01
4.686946171875000005e+02,-9.653688889426540243e+01
4.686949101562499891e+02,-1.026607893860651757e+02
4.686952031250000346e+02,-9.525458271492028928e+01
4.686954960937500232e+02,-9.444045025893593959e+01
4.686957890625000118e+02,-9.436942448754814450e+01
4.686960820312500005e+02,-9.767932945430396785e+01
4.686963749999999891e+02,-1.025901072752539136e+02
4.686966679687500346e+02,-1.070924693708921609e+02
4.686969609375000232e+02,-9.567571993594114588e+01
4.686972539062500118e+02,-1.017086539520225443e+02
4.686975468750000005e+02,-9.392586263138504421e+01
4.686978398437499891e+02,-9.099665651751998041e+01
4.686981328125000346e+02,-9.145411870804889531e+01
4.686984257812500232e+02,-9.096444339594512485e+01
4.686987187500000118e+02,-9.415566811958846927e+01
4.686990117187500005e+02,-9.822887003150728447e+01
4.686993046874999891e+02,-1.010078863879435005e+02
4.686995976562500346e+02,-9.576527415181044489e+01
4.686998906250000232e+02,-9.251045750703708848e+01
4.687001835937500118e+02,-9.023192579051504936e+01
4.687004765625000005e+02,-8.978034775606674600e+01
4.687007695312499891e+02,-8.986753203639723608e+01
4.687010625000000346e+02,-9.246725185230562261e+01
4.687013554687500232e+02,-9.423861772533709313e+01
4.687016484375000118e+02,-9.760015128533679274e+01
4.687019414062500005e+02,-9.688596605001181672e+01
4.687022343749999891e+02,-1.015318925380999104e+02
4.687025273437500346e+02,-9.579199124606951443e+01
4.687028203125000232e+02,-9.080820690850200094e+01
4.687031132812500118e+02,-9.405310121064168527e+01
4.687034062500000005e+02,-9.481318725926577429e+01
4.687036992187499891e+02,-9.947348912253744402e+01
4.687039921875000346e+02,-9.597459296394316652e+01
4.687042851562500232e+02,-9.284565668316915321e+01
4.687045781250000118e+02,-9.935831695425547139e+01
4.687048710937500005e+02,-9.513454563497390382e+01
4.687051640624999891e+02,-9.405929908518820071e+01
4.687054570312500346e+02,-9.928429076921047169e+01
4.687057500000000232e+02,-9.835757067004601595e+01
4.687060429687500118e+02,-9.911780801341906511e+01
4.687063359375000005e+02,-9.673096440925496609e+01
4.687066289062499891e+02,-9.894078077880003264e+01
4.687069218750000346e+02,-1.184425033584596463e+02
4.687072148437500232e+02,-9.100532793735581549e+01
4.687075078125000118e+02,-9.063711646295404023e+01
4.687078007812500005e+02,-9.291530966332473440e+01
4.687080937499999891e+02,-1.029064133976637834e+02
4.687083867187500346e+02,-9.659480562264090509e+01
4.687086796875000232e+02,-9.971345150659124101e+01
4.687089726562500118e+02,-9.801779897595724833e+01
4.687092656250000005e+02,-1.051875287720113761e+02
4.687095585937499891e+02,-9.175284774213432115e+01
4.687098515625000346e+02,-9.012191688629849295e+01
4.687101445312500232e+02,-8.836703486235036564e+01
4.687104375000000118e+02,-9.387083191341056931e+01
4.687107304687500005e+02,-9.211461900932562230e+01
4.687110234374999891e+02,-9.741715841122007191e+01
4.687113164062500346e+02,-1.115308491350487543e+02
4.687116093750000232e+02,-1.054524507725237328e+02
4.687119023437500118e+02,-9.659305533341324690e+01
4.687121953125000005e+02,-9.724751645637064712e+01
4.687124882812499891e+02,-8.941649478146332797e+01
4.687127812500000346e+02,-9.278102278226434407e+01
4.687130742187500232e+02,-9.272177081902049167e+01
4.687133671875000118e+02,-9.427986809185841821e+01
4.687136601562500005e+02,-1.004952422978368674e+02
4.687139531249999891e+02,-1.025042287296242876e+02
4.687142460937500346e+02,-9.737904368976769831e+01
4.687145390625000232e+02,-1.077822150620243633e+02
4.687148320312500118e+02,-9.302357241560056877e+01
4.687151250000000005e+02,-9.582084722466530025e+01
4.687154179687499891e+02,-9.265929930443303419e+01
4.687157109375000346e+02,-9.241604130248168758e+01
4.687160039062500232e+02,-9.875760837793177416e+01
4.687162968750000118e+02,-1.022712963092139518e+02
4.687165898437500005e+02,-1.018584619180283539e+02
4.687168828124999891e+02,-9.641811084078932481e+01
4.687171757812500346e+02,-9.258468794667339807e+01
4.687174687500000232e+02,-9.575341346570203882e+01
4.687177617187500118e+02,-9.305718474036659416e+01
4.687180546875000005e+02,-9.361817767745633034e+01
4.687183476562499891e+02,-9.711881601589016100e+01
4.687186406250000346e+02,-1.008397676703914811e+02
4.687189335937500232e+02,-1.026439205806768626e+02
4.687192265625000118e+02,-9.525111430224869480e+01
4.687195195312500005e+02,-9.624297982841594035e+01
4.687198124999999891e+02,-1.021414846857785363e+02
4.687201054687500346e+02,-9.319347601402520809e+01
4.687203984375000232e+02,-9.315635665402153620e+01
4.687206914062500118e+02,-9.929907894430678539e+01
4.687209843750000005e+02,-1.190367408410633345e+02
4.687212773437499891e+02,-1.069594427168048156e+02
4.687215703125000346e+02,-9.775656884339741737e+01
4.687218632812500232e+02,-9.565799089766754548e+01
4.687221562500000118e+02,-9.973375387057362218e+01
4.687224492187500005e+02,-9.627833403442937765e+01
4.687227421874999891e+02,-9.262406885400227452e+01
4.687230351562500346e+02,-9.633778259461035987e+01
4.687233281250000232e+02,-9.943475032981270090e+01
4.687236210937500118e+02,-9.588177969707034265e+01
4.687239140625000005e+02,-9.414092415481906073e+01
4.687242070312499891e+02,-9.481379655563607400e+01
4.687245000000000346e+02,-9.189416814558300928e+01
4.687247929687500232e+02,-1.002397670418998956e+02
4.687250859375000118e+02,-9.527794719143999203e+01
4.687253789062500005e+02,-9.186750087930857944e+01
4.687256718749999891e+02,-1.024856426445084594e+02
4.687259648437500346e+02,-9.143047766536662380e+01
4.687262578125000232e+02,-9.126706098940184120e+01
4.687265507812500118e+02,-9.588933452392110723e+01
4.687268437500000005e+02,-9.488156402384319676e+01
4.687271367187499891e+02,-9.310485035342023252e+01
4.687274296875000346e+02,-1.002489754432618270e+02
4.687277226562500232e+02,-9.636762814725507553e+01
4.687280156250000118e+02,-1.067052845715875549e+02
4.687283085937500005e+02,-9.079204456034489112e+01
4.687286015624999891e+02,-8.762739552770270279e+01
4.687288945312500346e+02,-9.120728430867472980e+01
4.687291875000000232e+02,-9.657621979758077657e+01
4.687294804687500118e+02,-9.125302890941259193e+01
4.687297734375000005e+02,-9.111226966005165195e+01
4.687300664062499891e+02,-1.034650137956626850e+02
4.687303593750000346e+02,-9.715365848117569669e+01
4.687306523437500232e+02,-9.763923995202938499e+01
4.687309453125000118e+02,-8.937579550755501145e+01
4.687312382812500005e+02,-8.932124288690678782e+01
4.687315312499999891e+02,-9.068680303784896068e+01
4.687318242187500346e+02,-9.342203562838514586e+01
4.687321171875000232e+02,-9.340777203900545089e+01
4.687324101562500118e+02,-1.050184187940424465e+02
4.687327031250000005e+02,-9.614660832646535482e+01
4.687329960937499891e+02,-9.716900962313103207e+01
4.687332890625000346e+02,-9.171253985169082057e+01
4.687335820312500232e+02,-9.231002747470236613e+01
4.687338750000000118e+02,-9.109168193247400325e+01
4.687341679687500005e+02,-9.009216297559368059e+01
4.687344609374999891e+02,-9.305450974320869761e+01
4.687347539062500346e+02,-9.962055698745743371e+01
4.687350468750000232e+02,-9.993364236749174268e+01
4.687353398437500118e+02,-1.052899211033239482e+02
4.687356328125000005e+02,-1.021171171832038027e+02
4.687359257812499891e+02,-9.997447467591440784e+01
4.687362187500000346e+02,-9.317971706401272058e+01
4.687365117187500232e+02,-9.038939162505643310e+01
4.687368046875000118e+02,-9.105882993248013690e+01
4.687370976562500005e+02,-9.712986031854683233e+01
4.687373906249999891e+02,-9.826603975592156814e+01
4.687376835937500346e+02,-9.545706897604785013e+01
4.687379765625000232e+02,-9.791569474578810173e+01
4.687382695312500118e+02,-9.698466534287669560e+01
4.687385625000000005e+02,-1.046717261707574806e+02
4.687388554687499891e+02,-9.467123363638405920e+01
4.687391484375000346e+02,-9.332527853518880079e+01
4.687394414062500232e+02,-9.606721909892642941e+01
4.687397343750000118e+02,-1.076271503896129076e+02
4.687400273437500005e+02,-1.032008656486407574e+02
4.687403203124999891e+02,-1.074863549270547338e+02
4.687406132812500346e+02,-9.260527145302293661e+01
4.687409062500000232e+02,-9.803759327693239811e+01
4.687411992187500118e+02,-9.903811101471339384e+01
4.687414921875000005e+02,-9.922442383376760233e+01
4.687417851562499891e+02,-1.027944902034923587e+02
4.687420781250000346e+02,-1.043436507710082424e+02
4.687423710937500232e+02,-1.060872143877961946e+02
4.687426640625000118e+02,-1.099955006555166506e+02
4.687429570312500005e+02,-9.163098342131394247e+01
4.687432499999999891e+02,-8.988190422407453184e+01
4.687435429687500346e+02,-9.095224959366773021e+01
4.687438359375000232e+02,-8.971110609676503600e+01
4.687441289062500118e+02,-9.048682829428267382e+01
4.687444218750000005e+02,-9.805030175454895414e+01
4.687447148437499891e+02,-9.575234767059050967e+01
4.687450078125000346e+02,-9.935854302345711631e+01
4.687453007812500232e+02,-9.385470536373306061e+01
4.687455937500000118e+02,-9.013706222181809835e+01
4.687458867187500005e+02,-9.038028399282001146e+01
4.687461796874999891e+02,-8.792411517679636290e+01
4.687464726562500346e+02,-8.867281754683256167e+01
4.687467656250000232e+02,-9.793892100048678628e+01
4.687470585937500118e+02,-1.028354897648241320e+02
4.687473515625000005e+02,-9.855721198896372925e+01
4.687476445312499891e+02,-1.019174427126277749e+02
4.687479375000000346e+02,-9.297095664787221381e+01
4.687482304687500232e+02,-9.199114989639991791e+01
4.687485234375000118e+02,-9.062313273243762524e+01
4.687488164062500005e+02,-8.848006546257947491e+01
4.687491093749999891e+02,-9.350026029476944700e+01
4.687494023437500346e+02,-1.050527065156659887e+02
4.687496953125000232e+02,-9.997135308223299432e+01
4.687499882812500118e+02,-9.798573935580888872e+01
4.687502812500000005e+02,-9.764053852836910607e+01
4.687505742187499891e+02,-9.626689595780503339e+01
4.687508671875000346e+02,-9.757365633060716448e+01
4.687511601562500232e+02,-9.294603974906742394e+01
4.687514531250000118e+02,-9.647980631635130067e+01
4.687517460937500005e+02,-1.062371740021087021e+02
4.687520390624999891e+02,-9.572681905744823894e+01
4.687523320312500346e+02,-9.794610726679582058e+01
4.687526250000000232e+02,-1.037905399080944164e+02
4.687529179687500118e+02,-1.039499486920499152e+02
4.687532109375000005e+02,-9.684176592078991064e+01
4.687535039062499891e+02,-1.017026695662009956e+02
4.687537968750000346e+02,-1.117083991488570973e+02
4.687540898437500232e+02,-1.021034227144217255e+02
4.687543828125000118e+02,-9.792773969020396407e+01
4.687546757812500005e+02,-9.543911857521392506e+01
4.687549687499999891e+02,-1.108446485826563048e+02
4.687552617187500346e+02,-1.025721210409467830e+02
4.687555546875000232e+02,-9.228410936994353619e+01
4.687558476562500118e+02,-9.195022900549682277e+01
4.687561406250000005e+02,-9.826785506981278218e+01
4.687564335937499891e+02,-9.611839231985656795e+01
4.687567265625000346e+02,-9.771116027904831469e+01
4.687570195312500232e+02,-9.966576557989156981e+01
4.687573125000000118e+02,-1.019007580662842116e+02
4.687576054687500005e+02,-9.977952426379391682e+01
4.687578984374999891e+02,-9.510219057540996346e+01
4.687581914062500346e+02,-9.446784144919519122e+01
4.687584843750000232e+02,-9.776441582609609782e+01
4.687587773437500118e+02,-9.347971747859928371e+01
4.687590703125000005e+02,-9.387703741143654668e+01
4.687593632812499891e+02,-1.058185470056502595e+02
4.687596562500000346e+02,-9.201901311826630092e+01
4.687599492187500232e+02,-9.530478718018856910e+01
4.687602421875000118e+02,-9.666186383643733393e+01
4.687605351562500005e+02,-1.035290132847856484e+02
4.687608281249999891e+02,-1.075525299750330817e+02
4.687611210937500346e+02,-9.619184219095910748e+01
4.687614140625000232e+02,-9.338326382755712984e+01
4.687617070312500118e+02,-1.108483502148759925e+02
