Frequency_MHz,Power_dBHz
4.663620000000000232e+02,-8.379688999352715939e+01
4.663622929687500118e+02,-8.179754463910391848e+01
4.663625859375000005e+02,-8.779421161755817593e+01
4.663628789062499891e+02,-9.273300139477143489e+01
4.663631718750000346e+02,-9.672594105666408382e+01
4.663634648437500232e+02,-8.597651597275643098e+01
4.663637578125000118e+02,-8.125102741168667819e+01
4.663640507812500005e+02,-8.426895780941856628e+01
4.663643437499999891e+02,-9.010383627882123392e+01
4.663646367187500346e+02,-8.125824491256004478e+01
4.663649296875000232e+02,-8.269350608911976508e+01
4.663652226562500118e+02,-1.074453771417662153e+02
4.663655156250000005e+02,-1.040318479161592791e+02
4.663658085937499891e+02,-8.839109389174871012e+01
4.663661015625000346e+02,-8.330583282029519410e+01
4.663663945312500232e+02,-8.341669810024269793e+01
4.663666875000000118e+02,-9.344771161454298181e+01
4.663669804687500005e+02,-8.340279128269884268e+01
4.663672734374999891e+02,-8.136647089547170708e+01
4.663675664062500346e+02,-9.120738375912716833e+01
4.663678593750000232e+02,-9.196842313063582708e+01
4.663681523437500118e+02,-9.898723064939170513e+01
4.663684453125000005e+02,-9.401285461136721722e+01
4.663687382812499891e+02,-8.453122790173293311e+01
4.663690312500000346e+02,-8.958161111357372874e+01
4.663693242187500232e+02,-8.454718194379850615e+01
4.663696171875000118e+02,-8.127736546457356326e+01
4.663699101562500005e+02,-8.479278698591430441e+01
4.663702031249999891e+02,-9.295128886779819766e+01
4.663704960937500346e+02,-9.070993297756257334e+01
4.663707890625000232e+02,-8.856354246395943619e+01
4.663710820312500118e+02,-8.444827671011347547e+01
4.663713750000000005e+02,-8.518899400589990023e+01
4.663716679687499891e+02,-8.598350271997732364e+01
4.663719609375000346e+02,-8.276076482395266964e+01
4.663722539062500232e+02,-8.364213260730473110e+01
4.663725468750000118e+02,-9.586387906445311557e+01
4.663728398437500005e+02,-9.089316319582869141e+01
4.663731328124999891e+02,-8.500753274669602888e+01
4.663734257812500346e+02,-8.349708949515998313e+01
4.663737187500000232e+02,-8.078850665358814354e+01
4.663740117187500118e+02,-8.290233641104821061e+01
4.663743046875000005e+02,-8.739568468113633060e+01
4.663745976562499891e+02,-8.366512037334382512e+01
4.663748906250000346e+02,-8.757645435480995388e+01
4.663751835937500232e+02,-9.526337556175647592e+01
4.663754765625000118e+02,-8.785152015484662513e+01
4.663757695312500005e+02,-8.398627456842189076e+01
4.663760624999999891e+02,-7.974598308062067531e+01
4.663763554687500346e+02,-7.923233383750279302e+01
4.663766484375000232e+02,-1.008695546155999665e+02
4.663769414062500118e+02,-8.783597190062694438e+01
4.663772343750000005e+02,-8.673715927982897256e+01
4.663775273437499891e+02,-8.767133324817689299e+01
4.663778203125000346e+02,-9.315559906002320645e+01
4.663781132812500232e+02,-8.756537162452605116e+01
4.663784062500000118e+02,-8.074543211520115449e+01
4.663786992187500005e+02,-7.763213417903899938e+01
4.663789921874999891e+02,-8.504104369615049563e+01
4.663792851562500346e+02,-8.425051757061454794e+01
4.663795781250000232e+02,-9.299411567480393614e+01
4.663798710937500118e+02,-8.154856644899456342e+01
4.663801640625000005e+02,-8.426254238281174480e+01
4.663804570312499891e+02,-1.024074153420019542e+02
4.663807500000000346e+02,-8.165503990331971806e+01
4.663810429687500232e+02,-7.798938721290817000e+01
4.663813359375000118e+02,-8.296219663960786761e+01
4.663816289062500005e+02,-8.311748217044336684e+01
4.663819218749999891e+02,-8.633909692627931065e+01
4.663822148437500346e+02,-8.330744270779214844e+01
4.663825078125000232e+02,-8.131502504778480045e+01
4.663828007812500118e+02,-9.294720266609714088e+01
4.663830937500000005e+02,-8.333051125711421037e+01
4.663833867187499891e+02,-7.808124586880643392e+01
4.663836796875000346e+02,-8.370454299609038173e+01
4.663839726562500232e+02,-9.178235598154302011e+01
4.663842656250000118e+02,-8.377022018535930670e+01
4.663845585937500005e+02,-8.621588334746584792e+01
4.663848515624999891e+02,-8.119255073289743052e+01
4.663851445312500346e+02,-8.538636908515465507e+01
4.663854375000000232e+02,-8.954645757570116871e+01
4.663857304687500118e+02,-8.025964431184441139e+01
4.663860234375000005e+02,-8.407070216042639288e+01
4.663863164062499891e+02,-8.623070565669465282e+01
4.663866093750000346e+02,-9.114658679731860502e+01
4.663869023437500232e+02,-8.604632750167300514e+01
4.663871953125000118e+02,-8.085760759776502482e+01
4.663874882812500005e+02,-8.289872135118649510e+01
4.663877812499999891e+02,-9.332577501695659805e+01
4.663880742187500346e+02,-8.566090022915457780e+01
4.663883671875000232e+02,-8.586757946422997634e+01
4.663886601562500118e+02,-8.579673048493474141e+01
4.663889531250000005e+02,-8.842889745991971040e+01
4.663892460937499891e+02,-9.143514770214602549e+01
4.663895390625000346e+02,-8.076724828375108700e+01
4.663898320312500232e+02,-8.108885602653199953e+01
4.663901250000000118e+02,-9.221814533926645652e+01
4.663904179687500005e+02,-8.725808098490105635e+01
4.663907109374999891e+02,-8.210337778627240368e+01
4.663910039062500346e+02,-8.423456175861821293e+01
4.663912968750000232e+02,-8.813765998384118916e+01
4.663915898437500118e+02,-9.927393851865750207e+01
4.663918828125000005e+02,-8.087367451845813093e+01
4.663921757812499891e+02,-8.061267561538929272e+01
4.663924687500000346e+02,-8.755777241652602072e+01
4.663927617187500232e+02,-8.828494014875587936e+01
4.663930546875000118e+02,-8.142618157175526505e+01
4.663933476562500005e+02,-8.129168899734422382e+01
4.663936406249999891e+02,-9.083722170797193485e+01
4.663939335937500346e+02,-9.707498207889219088e+01
4.663942265625000232e+02,-8.400958980484946892e+01
4.663945195312500118e+02,-8.251258277878611125e+01
4.663948125000000005e+02,-8.831772457404296972e+01
4.663951054687499891e+02,-8.594098795634133126e+01
4.663953984375000346e+02,-8.586709609504816854e+01
4.663956914062500232e+02,-8.066889414384718293e+01
4.663959843750000118e+02,-8.572087948861566531e+01
4.663962773437500005e+02,-8.394219199686112631e+01
4.663965703124999891e+02,-8.457976402982362174e+01
4.663968632812500346e+02,-8.404786214108655429e+01
4.663971562500000232e+02,-9.470052830442567426e+01
4.663974492187500118e+02,-8.488263119733349527e+01
4.663977421875000005e+02,-9.197686781624611285e+01
4.663980351562499891e+02,-8.492948817371507175e+01
4.663983281250000346e+02,-8.467659333950521727e+01
4.663986210937500232e+02,-7.994383857161304263e+01
4.663989140625000118e+02,-8.275025360558879584e+01
4.663992070312500005e+02,-9.125710035221088390e+01
4.663994999999999891e+02,-9.035380920908856694e+01
4.663997929687500346e+02,-8.428946400867432942e+01
4.664000859375000232e+02,-8.753771781108333983e+01
4.664003789062500118e+02,-8.974359195199306782e+01
4.664006718750000005e+02,-9.144107969128484115e+01
4.664009648437499891e+02,-8.129973738536466499e+01
4.664012578125000346e+02,-7.872828417357769126e+01
4.664015507812500232e+02,-9.033541175545502711e+01
4.664018437500000118e+02,-8.614073764176561099e+01
4.664021367187500005e+02,-8.367191518352491642e+01
4.664024296874999891e+02,-8.273008555388062746e+01
4.664027226562500346e+02,-8.676254532529810604e+01
4.664030156250000232e+02,-9.651949558118889172e+01
4.664033085937500118e+02,-8.600095981998433103e+01
4.664036015625000005e+02,-7.931380027055310222e+01
4.664038945312499891e+02,-8.580822987878377717e+01
4.664041875000000346e+02,-8.631918143165952984e+01
4.664044804687500232e+02,-8.632996916479898175e+01
4.664047734375000118e+02,-8.471084086103333277e+01
4.664050664062500005e+02,-8.702352151397464297e+01
4.664053593749999891e+02,-8.722690335937062400e+01
4.664056523437500346e+02,-9.491071829226653733e+01
4.664059453125000232e+02,-8.597976463698502414e+01
4.664062382812500118e+02,-8.469175490954975771e+01
4.664065312500000005e+02,-8.956546817449670073e+01
4.664068242187499891e+02,-8.652612214669899515e+01
4.664071171875000346e+02,-8.569932526443999166e+01
4.664074101562500232e+02,-9.070674284492382355e+01
4.664077031250000118e+02,-8.581523682117116891e+01
4.664079960937500005e+02,-8.950030819848963404e+01
4.664082890624999891e+02,-9.475214105912904472e+01
4.664085820312500346e+02,-8.893295194853371299e+01
4.664088750000000232e+02,-9.193742377654282905e+01
4.664091679687500118e+02,-8.442251736319011002e+01
4.664094609375000005e+02,-8.447375174453328839e+01
4.664097539062499891e+02,-8.785023298183875795e+01
4.664100468750000346e+02,-8.528499980191865859e+01
4.664103398437500232e+02,-8.622723667797706071e+01
4.664106328125000118e+02,-1.008598619711798818e+02
4.664109257812500005e+02,-9.151498342857480850e+01
4.664112187499999891e+02,-1.077721973766933843e+02
4.664115117187500346e+02,-8.702082248182449575e+01
4.664118046875000232e+02,-8.631200985084248600e+01
4.664120976562500118e+02,-9.041351351239271139e+01
4.664123906250000005e+02,-8.551377737517533717e+01
4.664126835937499891e+02,-8.172682955302876451e+01
4.664129765625000346e+02,-9.394114440527897614e+01
4.664132695312500232e+02,-1.025958811171605873e+02
4.664135625000000118e+02,-9.939101292538475718e+01
4.664138554687500005e+02,-8.186921252900474144e+01
4.664141484374999891e+02,-8.277915234040575854e+01
4.664144414062500346e+02,-9.589852491050865524e+01
4.664147343750000232e+02,-8.902742049347766340e+01
4.664150273437500118e+02,-8.020947991363117069e+01
4.664153203125000005e+02,-8.328310290698317431e+01
4.664156132812499891e+02,-9.289106244530432832e+01
4.664159062500000346e+02,-9.563774614998081347e+01
4.664161992187500232e+02,-8.322948519058543582e+01
4.664164921875000118e+02,-7.818635394205465161e+01
4.664167851562500005e+02,-8.238477934243215373e+01
4.664170781249999891e+02,-8.173860549149800647e+01
4.664173710937500346e+02,-8.226708541507883865e+01
4.664176640625000232e+02,-8.100826382856580210e+01
4.664179570312500118e+02,-8.727536567383496902e+01
4.664182500000000005e+02,-9.513514166366734059e+01
4.664185429687499891e+02,-8.706508709187249906e+01
4.664188359375000346e+02,-7.739413019830529095e+01
4.664191289062500232e+02,-7.939886172826427924e+01
4.664194218750000118e+02,-7.832891675352664151e+01
4.664197148437500005e+02,-8.094263359835183280e+01
4.664200078124999891e+02,-8.109655142684752605e+01
4.664203007812500346e+02,-8.222430046972451123e+01
4.664205937500000232e+02,-8.619435249618794614e+01
4.664208867187500118e+02,-8.398407329475175231e+01
4.664211796875000005e+02,-7.763793304172685339e+01
4.664214726562499891e+02,-7.738816480505013828e+01
4.664217656250000346e+02,-7.992660502374656062e+01
4.664220585937500232e+02,-8.072133834681682174e+01
4.664223515625000118e+02,-8.188797201384035418e+01
4.664226445312500005e+02,-8.156862366887899896e+01
4.664229374999999891e+02,-8.492484251263078932e+01
4.664232304687500346e+02,-8.581599875384824827e+01
4.664235234375000232e+02,-8.054718970821551238e+01
4.664238164062500118e+02,-7.888693158421600060e+01
4.664241093750000005e+02,-8.533952242821983702e+01
4.664244023437499891e+02,-8.415396266318518315e+01
4.664246953125000346e+02,-8.423757693362637156e+01
4.664249882812500232e+02,-8.216600672215736267e+01
4.664252812500000118e+02,-8.222796725519674510e+01
4.664255742187500005e+02,-9.219348869731467744e+01
4.664258671874999891e+02,-8.479545146735301842e+01
4.664261601562500346e+02,-8.527556613257738150e+01
4.664264531250000232e+02,-9.239837174555306376e+01
4.664267460937500118e+02,-8.263799985832534389e+01
4.664270390625000005e+02,-9.996410640192232222e+01
4.664273320312499891e+02,-8.530398484702587325e+01
4.664276250000000346e+02,-8.137441474888572657e+01
4.664279179687500232e+02,-9.055066935977257003e+01
4.664282109375000118e+02,-8.770603123271393997e+01
4.664285039062500005e+02,-8.603083902380575410e+01
4.664287968749999891e+02,-8.699071180246943413e+01
4.664290898437500346e+02,-7.746616672089115241e+01
4.664293828125000232e+02,-8.144436556808611272e+01
4.664296757812500118e+02,-8.642537407702135965e+01
4.664299687500000005e+02,-8.270743070672114072e+01
4.664302617187499891e+02,-8.489603152643256578e+01
4.664305546875000346e+02,-8.908138370272973816e+01
4.664308476562500232e+02,-8.677785188423528950e+01
4.664311406250000118e+02,-8.399999346699641478e+01
4.664314335937500005e+02,-7.521575082720003991e+01
4.664317265624999891e+02,-7.553849862013765915e+01
4.664320195312500346e+02,-7.888768947264013320e+01
4.664323125000000232e+02,-8.499773926104735722e+01
4.664326054687500118e+02,-8.839449632632332055e+01
4.664328984375000005e+02,-8.866706152789137718e+01
4.664331914062499891e+02,-8.359976216895654488e+01
4.664334843750000346e+02,-8.396719446579731994e+01
4.664337773437500232e+02,-7.901120055285666410e+01
4.664340703125000118e+02,-7.743306834081087686e+01
4.664343632812500005e+02,-7.769335699345973012e+01
4.664346562499999891e+02,-8.107291704620217843e+01
4.664349492187500346e+02,-9.892656188879799117e+01
4.664352421875000232e+02,-8.887767133202656566e+01
4.664355351562500118e+02,-8.384895589083885170e+01
4.664358281250000005e+02,-8.209306499903985355e+01
4.664361210937499891e+02,-8.724691560726675732e+01
4.664364140625000346e+02,-8.874638684074994899e+01
4.664367070312500232e+02,-8.622763188155445846e+01
4.664370000000000118e+02,-8.244159630099231606e+01
4.664372929687500005e+02,-8.444025678572171500e+01
4.664375859374999891e+02,-8.638348444621199462e+01
4.664378789062500346e+02,-8.401028170701738418e+01
4.664381718750000232e+02,-8.169125946394017035e+01
4.664384648437500118e+02,-8.407287379123434334e+01
4.664387578125000005e+02,-8.660198620972369099e+01
4.664390507812499891e+02,-8.764131741018319133e+01
4.664393437500000346e+02,-8.766678268697405940e+01
4.664396367187500232e+02,-8.159658666198262722e+01
4.664399296875000118e+02,-8.298601187761077824e+01
4.664402226562500005e+02,-9.139589435553658348e+01
4.664405156249999891e+02,-8.991460489590684801e+01
4.664408085937500346e+02,-8.482251097319908695e+01
4.664411015625000232e+02,-8.443013052366273996e+01
4.664413945312500118e+02,-8.065403024847832114e+01
4.664416875000000005e+02,-9.263221180333020754e+01
4.664419804687499891e+02,-8.504706180616906863e+01
4.664422734375000346e+02,-8.215487783866626614e+01
4.664425664062500232e+02,-9.283559230360877734e+01
4.664428593750000118e+02,-8.783205899395335337e+01
4.664431523437500005e+02,-8.288848828229563992e+01
4.664434453124999891e+02,-8.154075620995624263e+01
4.664437382812500346e+02,-8.093901691829971412e+01
4.664440312500000232e+02,-8.312204141628414789e+01
4.664443242187500118e+02,-8.590341609308464399e+01
4.664446171875000005e+02,-8.217359019409641974e+01
4.664449101562499891e+02,-9.165575237831515665e+01
4.664452031250000346e+02,-8.396522083970609174e+01
4.664454960937500232e+02,-8.273565079958068225e+01
4.664457890625000118e+02,-7.984690543162732013e+01
4.664460820312500005e+02,-8.672916513914442760e+01
4.664463749999999891e+02,-8.898892125953105392e+01
4.664466679687500346e+02,-8.888959963036732859e+01
4.664469609375000232e+02,-8.809030824687660299e+01
4.664472539062500118e+02,-9.087690239650672197e+01
4.664475468750000005e+02,-8.180959572788368916e+01
4.664478398437499891e+02,-7.930398328725118517e+01
4.664481328125000346e+02,-7.866029151415901310e+01
4.664484257812500232e+02,-8.760933911327586543e+01
4.664487187500000118e+02,-9.120483694423049315e+01
4.664490117187500005e+02,-9.128358968286293873e+01
4.664493046874999891e+02,-9.058401274848959872e+01
4.664495976562500346e+02,-9.118883941458412323e+01
4.664498906250000232e+02,-8.822443561185247063e+01
4.664501835937500118e+02,-8.105699180168488738e+01
4.664504765625000005e+02,-7.909999537182538631e+01
4.664507695312499891e+02,-8.255422199894802304e+01
4.664510625000000346e+02,-8.321687496982855237e+01
4.664513554687500232e+02,-8.327378696803515368e+01
4.664516484375000118e+02,-1.068783738264899057e+02
4.664519414062500005e+02,-9.966830602127656391e+01
4.664522343749999891e+02,-9.123567664840955160e+01
4.664525273437500346e+02,-9.586378269059780166e+01
4.664528203125000232e+02,-8.244814626114147416e+01
4.664531132812500118e+02,-8.116319709291570916e+01
4.664534062500000005e+02,-8.230418395660706210e+01
4.664536992187499891e+02,-8.002374013145173137e+01
4.664539921875000346e+02,-9.556545670180688035e+01
4.664542851562500232e+02,-9.247278522318151772e+01
4.664545781250000118e+02,-8.876353125838798519e+01
4.664548710937500005e+02,-8.625333366161430604e+01
4.664551640624999891e+02,-8.255827564935167118e+01
4.664554570312500346e+02,-7.758248190437794278e+01
4.664557500000000232e+02,-7.769619621618717531e+01
4.664560429687500118e+02,-7.944125065091836291e+01
4.664563359375000005e+02,-8.786779377415055592e+01
4.664566289062499891e+02,-9.087022399291912222e+01
4.664569218750000346e+02,-8.607508945546103973e+01
4.664572148437500232e+02,-8.027215750647334858e+01
4.664575078125000118e+02,-8.044523063314824185e+01
4.664578007812500005e+02,-7.751325668334283137e+01
4.664580937499999891e+02,-7.675360928797522320e+01
4.664583867187500346e+02,-8.114336521142871561e+01
4.664586796875000232e+02,-8.914876368860576861e+01
4.664589726562500118e+02,-8.933888000502086868e+01
4.664592656250000005e+02,-8.648836401700746990e+01
4.664595585937499891e+02,-8.009774557745545565e+01
4.664598515625000346e+02,-7.974068542964471362e+01
4.664601445312500232e+02,-7.893043943109927341e+01
4.664604375000000118e+02,-7.915116328657440192e+01
4.664607304687500005e+02,-7.945733944796045023e+01
4.664610234374999891e+02,-9.493481587728632576e+01
4.664613164062500346e+02,-8.633614750742543720e+01
4.664616093750000232e+02,-8.309025952694872785e+01
4.664619023437500118e+02,-8.037738158785010967e+01
4.664621953125000005e+02,-7.979671044347399800e+01
4.664624882812499891e+02,-7.864007190672380432e+01
4.664627812500000346e+02,-8.287822247107280305e+01
4.664630742187500232e+02,-8.285579629023304449e+01
4.664633671875000118e+02,-8.614402432949785293e+01
4.664636601562500005e+02,-9.190146544835398856e+01
4.664639531249999891e+02,-8.763652439846745779e+01
4.664642460937500346e+02,-7.929371347092138933e+01
4.664645390625000232e+02,-8.250198280717556543e+01
4.664648320312500118e+02,-8.158335673152114964e+01
4.664651250000000005e+02,-8.650977512680073289e+01
4.664654179687499891e+02,-8.163404323446985700e+01
4.664657109375000346e+02,-8.930404067536044010e+01
4.664660039062500232e+02,-9.339988582583389132e+01
4.664662968750000118e+02,-1.025753030343557555e+02
4.664665898437500005e+02,-8.085421843346553317e+01
4.664668828124999891e+02,-7.827553606294097222e+01
4.664671757812500346e+02,-8.593801670549433425e+01
4.664674687500000232e+02,-8.727428725605602722e+01
4.664677617187500118e+02,-7.801289274896312520e+01
4.664680546875000005e+02,-8.257641358573182799e+01
4.664683476562499891e+02,-8.890133977704186918e+01
4.664686406250000346e+02,-8.489863942307282230e+01
4.664689335937500232e+02,-8.480384723958509596e+01
4.664692265625000118e+02,-7.794303876409284726e+01
4.664695195312500005e+02,-8.191868851480035119e+01
4.664698124999999891e+02,-8.538948515542314510e+01
4.664701054687500346e+02,-7.711935064512620386e+01
4.664703984375000232e+02,-8.001988831832710503e+01
4.664706914062500118e+02,-9.658469550459521713e+01
4.664709843750000005e+02,-8.423898398782486652e+01
4.664712773437499891e+02,-8.419477123582615263e+01
4.664715703125000346e+02,-8.174329580242385873e+01
4.664718632812500232e+02,-8.404282914400859283e+01
4.664721562500000118e+02,-8.450064049257305498e+01
4.664724492187500005e+02,-7.619245989467509617e+01
4.664727421874999891e+02,-7.668675310064091377e+01
4.664730351562500346e+02,-8.695939570625387205e+01
4.664733281250000232e+02,-8.610801081404105162e+01
4.664736210937500118e+02,-8.529888584171180810e+01
4.664739140625000005e+02,-9.256596446767127873e+01
4.664742070312499891e+02,-9.114708416572055683e+01
4.664745000000000346e+02,-9.258396327596643971e+01
4.664747929687500232e+02,-7.928364550600204552e+01
4.664750859375000118e+02,-7.731561157202355616e+01
4.664753789062500005e+02,-8.788034045724751309e+01
4.664756718749999891e+02,-9.634562585191387996e+01
4.664759648437500346e+02,-9.282741775720667476e+01
4.664762578125000232e+02,-1.000713631584763732e+02
4.664765507812500118e+02,-7.964433734212036597e+01
4.664768437500000005e+02,-8.059486739011803991e+01
4.664771367187499891e+02,-9.075253610077196242e+01
4.664774296875000346e+02,-8.012912719167718478e+01
4.664777226562500232e+02,-8.501305162797942216e+01
4.664780156250000118e+02,-8.988367003126037957e+01
4.664783085937500005e+02,-8.732608421062798243e+01
4.664786015624999891e+02,-8.360607478206438259e+01
4.664788945312500346e+02,-7.851660872297783555e+01
4.664791875000000232e+02,-7.592603055317793803e+01
4.664794804687500118e+02,-8.507332875280027906e+01
4.664797734375000005e+02,-8.179442805981000220e+01
4.664800664062499891e+02,-8.110874869998988856e+01
4.664803593750000346e+02,-8.566712809285384367e+01
4.664806523437500232e+02,-8.486135573302009050e+01
4.664809453125000118e+02,-8.016169138959865847e+01
4.664812382812500005e+02,-7.896632422259607154e+01
4.664815312499999891e+02,-7.579636156177049600e+01
4.664818242187500346e+02,-7.692457067862461884e+01
4.664821171875000232e+02,-8.618332979847595254e+01
4.664824101562500118e+02,-8.253945619236358766e+01
4.664827031250000005e+02,-8.659573938830418172e+01
4.664829960937499891e+02,-8.637629105849356392e+01
4.664832890625000346e+02,-8.203243955638305351e+01
4.664835820312500232e+02,-8.043296441331575863e+01
4.664838750000000118e+02,-8.578718404995372282e+01
4.664841679687500005e+02,-7.963934701177296915e+01
4.664844609374999891e+02,-7.923850631345999318e+01
4.664847539062500346e+02,-8.210536513390283631e+01
4.664850468750000232e+02,-8.999220711383800619e+01
4.664853398437500118e+02,-9.565786634140083322e+01
4.664856328125000005e+02,-8.666324827448482893e+01
4.664859257812499891e+02,-8.282490125535125003e+01
4.664862187500000346e+02,-9.042719968752720661e+01
4.664865117187500232e+02,-8.983445895098381584e+01
4.664868046875000118e+02,-7.953349261345015009e+01
4.664870976562500005e+02,-7.973398654153780285e+01
4.664873906249999891e+02,-8.685938059711197923e+01
4.664876835937500346e+02,-8.945165155909546684e+01
4.664879765625000232e+02,-9.805539872621947950e+01
4.664882695312500118e+02,-9.919229925738464715e+01
4.664885625000000005e+02,-8.467094261450409931e+01
4.664888554687499891e+02,-7.703191636968159628e+01
4.664891484375000346e+02,-8.268362550009354095e+01
4.664894414062500232e+02,-8.014379623517228879e+01
4.664897343750000118e+02,-8.429428689109967365e+01
4.664900273437500005e+02,-8.275777965877557563e+01
4.664903203124999891e+02,-8.366446690753622306e+01
4.664906132812500346e+02,-9.742744545520397992e+01
4.664909062500000232e+02,-8.511355009479507316e+01
4.664911992187500118e+02,-7.804862625639131579e+01
4.664914921875000005e+02,-7.974557473407278962e+01
4.664917851562499891e+02,-8.210088091774288444e+01
4.664920781250000346e+02,-8.285372026247934230e+01
4.664923710937500232e+02,-8.510985945089801419e+01
4.664926640625000118e+02,-8.173126411978819306e+01
4.664929570312500005e+02,-8.696226223137543343e+01
4.664932499999999891e+02,-8.237961459758355431e+01
4.664935429687500346e+02,-8.116177207031168450e+01
4.664938359375000232e+02,-8.209908339291968105e+01
4.664941289062500118e+02,-8.532563662408874450e+01
4.664944218750000005e+02,-8.045329337802152736e+01
4.664947148437499891e+02,-8.272267213187458879e+01
4.664950078125000346e+02,-8.263690774706924458e+01
4.664953007812500232e+02,-8.135070163245488573e+01
4.664955937500000118e+02,-8.585917621127295263e+01
4.664958867187500005e+02,-8.035538211245122397e+01
4.664961796874999891e+02,-8.687265844738521992e+01
4.664964726562500346e+02,-9.458459765485318371e+01
4.664967656250000232e+02,-8.686246593769419633e+01
4.664970585937500118e+02,-8.559723056073050884e+01
4.664973515625000005e+02,-9.262491436008389201e+01
4.664976445312499891e+02,-8.122111159658180668e+01
4.664979375000000346e+02,-8.992372451566046720e+01
4.664982304687500232e+02,-8.385795086573273238e+01
4.664985234375000118e+02,-8.432889991352703873e+01
4.664988164062500005e+02,-8.010127671647266823e+01
4.664991093749999891e+02,-1.035426947152100894e+02
4.664994023437500346e+02,-8.675289848789898883e+01
4.664996953125000232e+02,-9.115518470692006758e+01
4.664999882812500118e+02,-8.519647967631954089e+01
4.665002812500000005e+02,-8.119535674848363271e+01
4.665005742187499891e+02,-9.129396097702084489e+01
4.665008671875000346e+02,-8.194689950606544926e+01
4.665011601562500232e+02,-7.636387978345672423e+01
4.665014531250000118e+02,-8.829475817660289749e+01
4.665017460937500005e+02,-1.022281103353198830e+02
4.665020390624999891e+02,-9.323862007553512399e+01
4.665023320312500346e+02,-8.630474203053894655e+01
4.665026250000000232e+02,-8.577657185788012839e+01
4.665029179687500118e+02,-8.155471501263777157e+01
4.665032109375000005e+02,-8.002696273446727560e+01
4.665035039062499891e+02,-7.785681907035278471e+01
4.665037968750000346e+02,-7.941856486318656039e+01
4.665040898437500232e+02,-9.022864298370978986e+01
4.665043828125000118e+02,-8.703000621048815333e+01
4.665046757812500005e+02,-8.293128955605308761e+01
4.665049687499999891e+02,-8.881485945579379404e+01
4.665052617187500346e+02,-8.065620928420207747e+01
4.665055546875000232e+02,-7.620929742907267723e+01
4.665058476562500118e+02,-8.073768666113372205e+01
4.665061406250000005e+02,-8.164550648744489081e+01
4.665064335937499891e+02,-8.476770649862015716e+01
4.665067265625000346e+02,-8.441156156779591413e+01
4.665070195312500232e+02,-8.035183422045929547e+01
4.665073125000000118e+02,-8.901032162157419236e+01
4.665076054687500005e+02,-8.367372506446204738e+01
4.665078984374999891e+02,-7.486604762592472184e+01
4.665081914062500346e+02,-8.013208366730907528e+01
4.665084843750000232e+02,-8.536725995949285561e+01
4.665087773437500118e+02,-8.195291068964746728e+01
4.665090703125000005e+02,-8.414426425443400603e+01
4.665093632812499891e+02,-7.799656138989395515e+01
4.665096562500000346e+02,-8.385858356063920382e+01
4.665099492187500232e+02,-8.599485461873193515e+01
4.665102421875000118e+02,-7.579801004219666538e+01
4.665105351562500005e+02,-7.827032656842436609e+01
4.665108281249999891e+02,-8.477002713119665600e+01
4.665111210937500346e+02,-7.967568766949364090e+01
4.665114140625000232e+02,-8.217376312808077898e+01
4.665117070312500118e+02,-7.921665729863347849e+01
4.665120000000000005e+02,-8.643079577763828070e+01
4.665122929687499891e+02,-9.129278466397548186e+01
4.665125859375000346e+02,-8.137109807887307511e+01
4.665128789062500232e+02,-8.260665943281475165e+01
4.665131718750000118e+02,-8.971437279878404070e+01
4.665134648437500005e+02,-7.971423507670951381e+01
4.665137578124999891e+02,-8.357291093359239653e+01
4.665140507812500346e+02,-8.099688576105762650e+01
4.665143437500000232e+02,-8.017918652824172909e+01
4.665146367187500118e+02,-8.357999292253892065e+01
4.665149296875000005e+02,-8.097299752918054594e+01
4.665152226562499891e+02,-8.599686285199007330e+01
4.665155156250000346e+02,-9.118254615227405679e+01
4.665158085937500232e+02,-8.426862985623060354e+01
4.665161015625000118e+02,-8.192987653483127986e+01
4.665163945312500005e+02,-8.384413034783435137e+01
4.665166874999999891e+02,-8.003425531584908015e+01
4.665169804687500346e+02,-8.331897479155129815e+01
4.665172734375000232e+02,-8.157048991148228367e+01
4.665175664062500118e+02,-8.664106657073610052e+01
4.665178593750000005e+02,-8.394874544174668074e+01
4.665181523437499891e+02,-8.967616631217767065e+01
4.665184453125000346e+02,-8.546178459171956376e+01
4.665187382812500232e+02,-8.607565906728267180e+01
4.665190312500000118e+02,-7.919813544843027842e+01
4.665193242187500005e+02,-8.054166333333583339e+01
4.665196171874999891e+02,-8.404900128677226689e+01
4.665199101562500346e+02,-8.394894854767072445e+01
4.665202031250000232e+02,-8.331500052129995026e+01
4.665204960937500118e+02,-8.724772191293881463e+01
4.665207890625000005e+02,-8.672204035623381913e+01
4.665210820312499891e+02,-8.674492644432946520e+01
4.665213750000000346e+02,-8.369647476874590097e+01
4.665216679687500232e+02,-7.838791202349391085e+01
4.665219609375000118e+02,-9.720138139558351043e+01
4.665222539062500005e+02,-8.589652345345982098e+01
4.665225468749999891e+02,-8.554081201472911289e+01
4.665228398437500346e+02,-9.090804983420343888e+01
4.665231328125000232e+02,-9.053978032395434639e+01
4.665234257812500118e+02,-9.173127655273042080e+01
4.665237187500000005e+02,-8.903253366184773654e+01
4.665240117187499891e+02,-8.008293747121932427e+01
4.665243046875000346e+02,-8.687716197184229827e+01
4.665245976562500232e+02,-9.231831168571105195e+01
4.665248906250000118e+02,-9.605724937422994003e+01
4.665251835937500005e+02,-9.350303321387718825e+01
4.665254765624999891e+02,-8.512431181604216590e+01
4.665257695312500346e+02,-8.269857061922152752e+01
4.665260625000000232e+02,-8.500469487883415809e+01
4.665263554687500118e+02,-9.792829234258829274e+01
4.665266484375000005e+02,-8.414880211545147404e+01
4.665269414062499891e+02,-8.271984893760880198e+01
4.665272343750000346e+02,-8.902150037636992863e+01
4.665275273437500232e+02,-8.813711526863636436e+01
4.665278203125000118e+02,-8.625419878952841657e+01
4.665281132812500005e+02,-8.234705838355195340e+01
4.665284062499999891e+02,-8.203434249897060226e+01
4.665286992187500346e+02,-8.350709307266818371e+01
4.665289921875000232e+02,-9.527876810039330735e+01
4.665292851562500118e+02,-7.951284158162739857e+01
4.665295781250000005e+02,-8.047242730223848639e+01
4.665298710937499891e+02,-7.966469469561650385e+01
4.665301640625000346e+02,-8.029005899626412202e+01
4.665304570312500232e+02,-8.164456550596881357e+01
4.665307500000000118e+02,-8.345188719776258779e+01
4.665310429687500005e+02,-8.092554323035352581e+01
4.665313359374999891e+02,-8.479229910811886839e+01
4.665316289062500346e+02,-7.887510149496188205e+01
4.665319218750000232e+02,-7.652041014836508737e+01
4.665322148437500118e+02,-8.069380820413863376e+01
4.665325078125000005e+02,-8.060336786710547585e+01
4.665328007812499891e+02,-8.568343982331748521e+01
4.665330937500000346e+02,-8.607561056973459301e+01
4.665333867187500232e+02,-8.334632144047080260e+01
4.665336796875000118e+02,-7.955604441577040120e+01
4.665339726562500005e+02,-8.683727984162500491e+01
4.665342656249999891e+02,-7.432793103242806865e+01
4.665345585937500346e+02,-7.854090091266382956e+01
4.665348515625000232e+02,-7.887638442485611279e+01
4.665351445312500118e+02,-8.667940801874537726e+01
4.665354375000000005e+02,-9.922064595490826377e+01
4.665357304687499891e+02,-9.348195185002728635e+01
4.665360234375000346e+02,-8.481610662065054385e+01
4.665363164062500232e+02,-1.130927057564976224e+02
4.665366093750000118e+02,-7.548087775486341400e+01
4.665369023437500005e+02,-7.701898411374425280e+01
4.665371953124999891e+02,-7.736666201978630397e+01
4.665374882812500346e+02,-8.137419300681051482e+01
4.665377812500000232e+02,-8.762575184287047136e+01
4.665380742187500118e+02,-8.463680455845008055e+01
4.665383671875000005e+02,-9.117307622073384721e+01
4.665386601562499891e+02,-8.908964917723331212e+01
4.665389531250000346e+02,-8.216023559283425470e+01
4.665392460937500232e+02,-7.807053296033268452e+01
4.665395390625000118e+02,-7.899725760162208132e+01
4.665398320312500005e+02,-7.962081236946082186e+01
4.665401249999999891e+02,-9.074006744752735187e+01
4.665404179687500346e+02,-8.327158668149689902e+01
4.665407109375000232e+02,-8.128905944409559936e+01
4.665410039062500118e+02,-8.618889961704054770e+01
4.665412968750000005e+02,-8.803323048316032384e+01
4.665415898437499891e+02,-7.995340143531218757e+01
4.665418828125000346e+02,-7.989862285173227008e+01
4.665421757812500232e+02,-8.142331724210471577e+01
4.665424687500000118e+02,-9.170238280697304845e+01
4.665427617187500005e+02,-8.468219531054997162e+01
4.665430546874999891e+02,-8.051716583653035286e+01
4.665433476562500346e+02,-8.500223851610014947e+01
4.665436406250000232e+02,-8.293367582634220980e+01
4.665439335937500118e+02,-8.902784956173917408e+01
4.665442265625000005e+02,-8.302756819291536772e+01
4.665445195312499891e+02,-8.155694333927453954e+01
4.665448125000000346e+02,-8.702638193070276884e+01
4.665451054687500232e+02,-1.095889010493759201e+02
4.665453984375000118e+02,-8.950732137702308933e+01
4.665456914062500005e+02,-8.270860591664445849e+01
4.665459843749999891e+02,-8.212057624537563072e+01
4.665462773437500346e+02,-7.864214170839096596e+01
4.665465703125000232e+02,-8.745336825429984628e+01
4.665468632812500118e+02,-8.569101272111568335e+01
4.665471562500000005e+02,-7.917341591295770797e+01
4.665474492187499891e+02,-9.014172497016485863e+01
4.665477421875000346e+02,-8.843359263777800550e+01
4.665480351562500232e+02,-8.558594724181824631e+01
4.665483281250000118e+02,-8.637902963768530640e+01
4.665486210937500005e+02,-7.748417813755887096e+01
4.665489140624999891e+02,-8.079287964736766980e+01
4.665492070312500346e+02,-8.737254572904771521e+01
4.665495000000000232e+02,-7.687604238903854537e+01
4.665497929687500118e+02,-7.918902938892925647e+01
4.665500859375000005e+02,-7.911105245940919417e+01
4.665503789062499891e+02,-8.252375661136252916e+01
4.665506718750000346e+02,-8.777289177236058038e+01
4.665509648437500232e+02,-8.098637621494317784e+01
4.665512578125000118e+02,-7.846735136823785695e+01
4.665515507812500005e+02,-8.398193984656811040e+01
4.665518437499999891e+02,-7.942793235167667376e+01
4.665521367187500346e+02,-7.721491661349305957e+01
4.665524296875000232e+02,-7.838422065224797564e+01
4.665527226562500118e+02,-7.720580200070082810e+01
4.665530156250000005e+02,-7.957413591507135209e+01
4.665533085937499891e+02,-8.369762800935964719e+01
4.665536015625000346e+02,-7.742151491298388066e+01
4.665538945312500232e+02,-7.756426025814724312e+01
4.665541875000000118e+02,-8.677969517881435024e+01
4.665544804687500005e+02,-7.744225037022413005e+01
4.665547734374999891e+02,-7.763207268528680061e+01
4.665550664062500346e+02,-7.837869036660029565e+01
4.665553593750000232e+02,-7.782687569389399584e+01
4.665556523437500118e+02,-9.824159466384142547e+01
4.665559453125000005e+02,-8.215125656333734128e+01
4.665562382812499891e+02,-7.942061131318835976e+01
4.665565312500000346e+02,-8.606522191709328240e+01
4.665568242187500232e+02,-7.880552635040980647e+01
4.665571171875000118e+02,-7.847674688019652933e+01
4.665574101562500005e+02,-8.164857821922910830e+01
4.665577031249999891e+02,-7.941346039834181170e+01
4.665579960937500346e+02,-8.553697995702944468e+01
4.665582890625000232e+02,-8.213492457908323274e+01
4.665585820312500118e+02,-8.299676816290492809e+01
4.665588750000000005e+02,-8.727753917295606811e+01
4.665591679687499891e+02,-7.767090856699059032e+01
4.665594609375000346e+02,-7.723270721245424397e+01
4.665597539062500232e+02,-8.808436933031210003e+01
4.665600468750000118e+02,-8.922693368809530057e+01
4.665603398437500005e+02,-8.322018282449549531e+01
4.665606328124999891e+02,-8.321937976296948136e+01
4.665609257812500346e+02,-8.463641201485414456e+01
4.665612187500000232e+02,-8.625212848595560899e+01
4.665615117187500118e+02,-7.808184447224445535e+01
4.665618046875000005e+02,-7.636594834787749164e+01
4.665620976562499891e+02,-8.673616320650664591e+01
4.665623906250000346e+02,-8.565316937492494276e+01
4.665626835937500232e+02,-8.141546115530474026e+01
4.665629765625000118e+02,-8.401191847861903739e+01
4.665632695312500005e+02,-8.759496179138780292e+01
4.665635624999999891e+02,-8.084672294434886908e+01
4.665638554687500346e+02,-7.889310879918734543e+01
4.665641484375000232e+02,-7.670764780239603908e+01
4.665644414062500118e+02,-8.875056146647820299e+01
4.665647343750000005e+02,-8.094700056288414203e+01
4.665650273437499891e+02,-7.703359148138787305e+01
4.665653203125000346e+02,-7.832947426164756166e+01
4.665656132812500232e+02,-8.398388102723112070e+01
4.665659062500000118e+02,-7.958360204764481693e+01
4.665661992187500005e+02,-8.101711648484342732e+01
4.665664921874999891e+02,-8.035589394016579945e+01
4.665667851562500346e+02,-8.251190169471212243e+01
4.665670781250000232e+02,-8.099938839530921086e+01
4.665673710937500118e+02,-7.727063253162677370e+01
4.665676640625000005e+02,-7.642765484161608924e+01
4.665679570312499891e+02,-8.376175008288547019e+01
4.665682500000000346e+02,-7.791608074354245161e+01
4.665685429687500232e+02,-8.020009337693224438e+01
4.665688359375000118e+02,-9.217912615448028646e+01
4.665691289062500005e+02,-8.532216660847053902e+01
4.665694218749999891e+02,-8.410448105264481455e+01
4.665697148437500346e+02,-7.873622236263013008e+01
4.665700078125000232e+02,-7.655362116927928184e+01
4.665703007812500118e+02,-8.083777871249290570e+01
4.665705937500000005e+02,-7.901083015962194622e+01
4.665708867187499891e+02,-7.905965676269516962e+01
4.665711796875000346e+02,-8.339183018646369305e+01
4.665714726562500232e+02,-8.512950898421409818e+01
4.665717656250000118e+02,-8.621996829534027995e+01
4.665720585937500005e+02,-7.957352248731470468e+01
4.665723515624999891e+02,-7.962974221304386901e+01
4.665726445312500346e+02,-7.913591572813126618e+01
4.665729375000000232e+02,-9.557137267736203512e+01
4.665732304687500118e+02,-8.387424105268821961e+01
4.665735234375000005e+02,-8.647746629575865995e+01
4.665738164062499891e+02,-8.335945789180712495e+01
4.665741093750000346e+02,-8.420245239788846447e+01
4.665744023437500232e+02,-8.322347583185916164e+01
4.665746953125000118e+02,-8.207670448117877982e+01
4.665749882812500005e+02,-8.117781405832319308e+01
4.665752812499999891e+02,-8.171789701752155111e+01
4.665755742187500346e+02,-8.696082176963687971e+01
4.665758671875000232e+02,-8.155846637214189343e+01
4.665761601562500118e+02,-8.211745757948563096e+01
4.665764531250000005e+02,-7.965969441390710415e+01
4.665767460937499891e+02,-8.310139131010086544e+01
4.665770390625000346e+02,-8.983243085543685424e+01
4.665773320312500232e+02,-8.598686158963641901e+01
4.665776250000000118e+02,-7.954572813385613017e+01
4.665779179687500005e+02,-7.715196788498785452e+01
4.665782109374999891e+02,-8.148173482110385635e+01
4.665785039062500346e+02,-8.393039597632639470e+01
4.665787968750000232e+02,-8.378595172772783428e+01
4.665790898437500118e+02,-7.926858267805921798e+01
4.665793828125000005e+02,-9.078592120891033801e+01
4.665796757812499891e+02,-9.133958010764034441e+01
4.665799687500000346e+02,-8.230119454345168606e+01
4.665802617187500232e+02,-7.544190322314348407e+01
4.665805546875000118e+02,-8.125852303115451036e+01
4.665808476562500005e+02,-8.351749339485238011e+01
4.665811406249999891e+02,-9.290672839803832517e+01
4.665814335937500346e+02,-8.111619678818330215e+01
4.665817265625000232e+02,-8.365545184066867535e+01
4.665820195312500118e+02,-8.720109094070301126e+01
4.665823125000000005e+02,-9.839991497843433876e+01
4.665826054687499891e+02,-7.930466381314612079e+01
4.665828984375000346e+02,-7.963316430631047638e+01
4.665831914062500232e+02,-8.420702042350976058e+01
4.665834843750000118e+02,-9.189778777997241832e+01
4.665837773437500005e+02,-9.362222296372877395e+01
4.665840703124999891e+02,-7.810074640033897708e+01
4.665843632812500346e+02,-7.971098320655549685e+01
4.665846562500000232e+02,-8.594775340977909650e+01
4.665849492187500118e+02,-8.318247232476743136e+01
4.665852421875000005e+02,-8.192949771094305333e+01
4.665855351562499891e+02,-8.739902114499393804e+01
4.665858281250000346e+02,-8.420649646533128418e+01
4.665861210937500232e+02,-9.495793859934411785e+01
4.665864140625000118e+02,-8.231519859244747295e+01
4.665867070312500005e+02,-7.822030417436698713e+01
4.665869999999999891e+02,-8.231606306296549747e+01
4.665872929687500346e+02,-8.555810895296539798e+01
4.665875859375000232e+02,-8.168941351938210005e+01
4.665878789062500118e+02,-7.869696874236110773e+01
4.665881718750000005e+02,-8.000396367763782735e+01
4.665884648437499891e+02,-8.184808959787400795e+01
4.665887578125000346e+02,-8.320397688668073499e+01
4.665890507812500232e+02,-7.917086305130223423e+01
4.665893437500000118e+02,-8.206309658824595488e+01
4.665896367187500005e+02,-7.925787246654937235e+01
4.665899296874999891e+02,-9.642925021717476852e+01
4.665902226562500346e+02,-7.874548262103773766e+01
4.665905156250000232e+02,-7.939610128517952603e+01
4.665908085937500118e+02,-7.995524863844981667e+01
4.665911015625000005e+02,-8.272907451496622855e+01
4.665913945312499891e+02,-8.417103027813810456e+01
4.665916875000000346e+02,-8.293733078472831721e+01
4.665919804687500232e+02,-8.285615172132288819e+01
4.665922734375000118e+02,-8.353018045106500722e+01
4.665925664062500005e+02,-8.264960065375994702e+01
4.665928593749999891e+02,-8.115889738908956019e+01
4.665931523437500346e+02,-8.079381268491727042e+01
4.665934453125000232e+02,-7.787446758910914468e+01
4.665937382812500118e+02,-8.078984636720052492e+01
4.665940312500000005e+02,-7.769153617303841486e+01
4.665943242187499891e+02,-8.253243026188255271e+01
4.665946171875000346e+02,-8.433859328434679981e+01
4.665949101562500232e+02,-8.294209096931356839e+01
4.665952031250000118e+02,-8.290674069785202960e+01
4.665954960937500005e+02,-8.336479944807371112e+01
4.665957890624999891e+02,-7.778035338960560807e+01
4.665960820312500346e+02,-7.696943696137472557e+01
4.665963750000000232e+02,-7.768193574159793968e+01
4.665966679687500118e+02,-7.634358320513841534e+01
4.665969609375000005e+02,-8.202976804716796266e+01
4.665972539062499891e+02,-8.849933264011097833e+01
4.665975468750000346e+02,-9.907886815170272143e+01
4.665978398437500232e+02,-8.355676876338732484e+01
4.665981328125000118e+02,-8.685136002967460911e+01
4.665984257812500005e+02,-7.576156882072945109e+01
4.665987187499999891e+02,-7.677322277224749314e+01
4.665990117187500346e+02,-7.547398147734277529e+01
4.665993046875000232e+02,-7.563273773397207833e+01
4.665995976562500118e+02,-8.306781823419396460e+01
4.665998906250000005e+02,-9.762506382607941191e+01
4.666001835937499891e+02,-7.992125703114477631e+01
4.666004765625000346e+02,-9.241445851766242470e+01
4.666007695312500232e+02,-7.568534428910071199e+01
4.666010625000000118e+02,-7.418830358188527896e+01
4.666013554687500005e+02,-7.747537014410943357e+01
4.666016484374999891e+02,-7.679015301513551606e+01
4.666019414062500346e+02,-8.036097609459957880e+01
4.666022343750000232e+02,-8.710603855537002005e+01
4.666025273437500118e+02,-7.811603828009347694e+01
4.666028203125000005e+02,-7.757661802845677812e+01
4.666031132812499891e+02,-8.130012829985801659e+01
4.666034062500000346e+02,-7.418243266428216032e+01
4.666036992187500232e+02,-7.648370831233685863e+01
4.666039921875000118e+02,-8.095576401057567750e+01
4.666042851562500005e+02,-8.268947213412239705e+01
4.666045781249999891e+02,-8.463559535405730117e+01
4.666048710937500346e+02,-7.928240541491581439e+01
4.666051640625000232e+02,-7.468600036206501613e+01
4.666054570312500118e+02,-8.073954347250767682e+01
4.666057500000000005e+02,-7.890270507715690940e+01
4.666060429687499891e+02,-8.045489969782468620e+01
4.666063359375000346e+02,-9.194393061232182163e+01
4.666066289062500232e+02,-8.485528830985202831e+01
4.666069218750000118e+02,-8.692175204839671210e+01
4.666072148437500005e+02,-8.235513522998878955e+01
4.666075078124999891e+02,-7.637090211316946409e+01
4.666078007812500346e+02,-7.931621499208024773e+01
4.666080937500000232e+02,-8.190417861888050766e+01
4.666083867187500118e+02,-8.075344529888846523e+01
4.666086796875000005e+02,-8.472238507155205411e+01
4.666089726562499891e+02,-7.971087130286556999e+01
4.666092656250000346e+02,-7.903765183631531954e+01
4.666095585937500232e+02,-9.383731339688351625e+01
4.666098515625000118e+02,-8.333505521347765921e+01
4.666101445312500005e+02,-8.081023199491923492e+01
4.666104374999999891e+02,-8.007187690714974337e+01
4.666107304687500346e+02,-8.264281012635223078e+01
4.666110234375000232e+02,-8.982704465396551541e+01
4.666113164062500118e+02,-8.116363189313359783e+01
4.666116093750000005e+02,-7.548327834147180226e+01
4.666119023437499891e+02,-8.253964490754235328e+01
4.666121953125000346e+02,-9.095099744793247964e+01
4.666124882812500232e+02,-8.303783114026485634e+01
4.666127812500000118e+02,-7.894936328186149410e+01
4.666130742187500005e+02,-8.751472814347249596e+01
4.666133671874999891e+02,-8.935999275913145823e+01
4.666136601562500346e+02,-8.888505078382280544e+01
4.666139531250000232e+02,-7.841792098606042316e+01
4.666142460937500118e+02,-8.009912790785551806e+01
4.666145390625000005e+02,-8.238929938790788299e+01
4.666148320312499891e+02,-7.665585491134886809e+01
4.666151250000000346e+02,-7.611423073743657142e+01
4.666154179687500232e+02,-7.964810951885344537e+01
4.666157109375000118e+02,-9.851974574062109014e+01
4.666160039062500005e+02,-9.414488247930344755e+01
4.666162968749999891e+02,-8.303377448605225197e+01
4.666165898437500346e+02,-8.567513304279864883e+01
4.666168828125000232e+02,-8.690887560406332568e+01
4.666171757812500118e+02,-7.642893096756479565e+01
4.666174687500000005e+02,-7.465529960011787125e+01
4.666177617187499891e+02,-7.860343777080458949e+01
4.666180546875000346e+02,-8.809425598108848021e+01
4.666183476562500232e+02,-1.048174662280654559e+02
4.666186406250000118e+02,-8.469520386811385038e+01
4.666189335937500005e+02,-7.937214935220710288e+01
4.666192265624999891e+02,-9.120001374316896658e+01
4.666195195312500346e+02,-7.605390922264932385e+01
4.666198125000000232e+02,-7.300931826000051217e+01
4.666201054687500118e+02,-7.545855883640820139e+01
4.666203984375000005e+02,-8.431353499940934171e+01
4.666206914062499891e+02,-8.683780582220592237e+01
4.666209843750000346e+02,-9.026688138602629863e+01
4.666212773437500232e+02,-7.720206142921843195e+01
4.666215703125000118e+02,-7.776810338797494637e+01
4.666218632812500005e+02,-7.986243653730505798e+01
4.666221562499999891e+02,-7.561880310345560474e+01
4.666224492187500346e+02,-7.596229437857309108e+01
4.666227421875000232e+02,-8.220818575224743086e+01
4.666230351562500118e+02,-8.684421095586799311e+01
4.666233281250000005e+02,-1.098176560242448119e+02
4.666236210937499891e+02,-8.068365282432942820e+01
4.666239140625000346e+02,-7.840780333976900351e+01
4.666242070312500232e+02,-8.816640156381545523e+01
4.666245000000000118e+02,-8.045110286657548215e+01
4.666247929687500005e+02,-8.012659850971020603e+01
4.666250859374999891e+02,-8.114324974360583553e+01
4.666253789062500346e+02,-9.242138171935492608e+01
4.666256718750000232e+02,-8.279110663625237976e+01
4.666259648437500118e+02,-9.829379216209603953e+01
4.666262578125000005e+02,-8.733330170625477251e+01
4.666265507812499891e+02,-8.889692573512246554e+01
4.666268437500000346e+02,-8.726654482416304859e+01
4.666271367187500232e+02,-8.760040948339121769e+01
4.666274296875000118e+02,-8.449260970112152336e+01
4.666277226562500005e+02,-8.629733538844280361e+01
4.666280156249999891e+02,-8.685428310210932068e+01
4.666283085937500346e+02,-8.392024766472073338e+01
4.666286015625000232e+02,-8.870647797209748830e+01
4.666288945312500118e+02,-8.563245515470326552e+01
4.666291875000000005e+02,-8.561480771934755296e+01
4.666294804687499891e+02,-8.873361274612868499e+01
4.666297734375000346e+02,-9.625507113397370063e+01
4.666300664062500232e+02,-8.926701005227222652e+01
4.666303593750000118e+02,-1.010330323703475131e+02
4.666306523437500005e+02,-8.293860337626318824e+01
4.666309453124999891e+02,-8.255157155368416966e+01
4.666312382812500346e+02,-7.869345603471428774e+01
4.666315312500000232e+02,-7.949783896620306223e+01
4.666318242187500118e+02,-8.583097291397969286e+01
4.666321171875000005e+02,-9.142685768612972197e+01
4.666324101562499891e+02,-9.434990140541712833e+01
4.666327031250000346e+02,-8.509509770645026094e+01
4.666329960937500232e+02,-1.075773633968257457e+02
4.666332890625000118e+02,-8.272336752493934853e+01
4.666335820312500005e+02,-7.876160921205357113e+01
4.666338749999999891e+02,-7.718036089271664935e+01
4.666341679687500346e+02,-8.175905546568452564e+01
4.666344609375000232e+02,-9.007301202980823973e+01
4.666347539062500118e+02,-8.504331907993532980e+01
4.666350468750000005e+02,-8.152236098350581983e+01
4.666353398437499891e+02,-8.946707966461745798e+01
4.666356328125000346e+02,-8.463501137124595175e+01
4.666359257812500232e+02,-8.184652414772190809e+01
4.666362187500000118e+02,-8.422787756182381713e+01
4.666365117187500005e+02,-8.309189591086681048e+01
4.666368046874999891e+02,-8.361081040908803175e+01
4.666370976562500346e+02,-8.402622602836191845e+01
4.666373906250000232e+02,-8.117516415740395530e+01
4.666376835937500118e+02,-8.158548574120112562e+01
4.666379765625000005e+02,-8.566923100763838761e+01
4.666382695312499891e+02,-8.201801494774102252e+01
4.666385625000000346e+02,-8.661777803850482371e+01
4.666388554687500232e+02,-8.960216765499546909e+01
4.666391484375000118e+02,-7.811920409147839450e+01
4.666394414062500005e+02,-7.975792157352731238e+01
4.666397343749999891e+02,-8.016453548775575655e+01
4.666400273437500346e+02,-7.817457233539280992e+01
4.666403203125000232e+02,-8.075092061280503231e+01
4.666406132812500118e+02,-8.934962766542113854e+01
4.666409062500000005e+02,-7.925482531143173048e+01
4.666411992187499891e+02,-7.756162707374478771e+01
4.666414921875000346e+02,-7.764508065250561231e+01
4.666417851562500232e+02,-8.114399195767701656e+01
4.666420781250000118e+02,-8.244058614946095531e+01
4.666423710937500005e+02,-8.190750399951636496e+01
4.666426640624999891e+02,-7.552396295621548461e+01
4.666429570312500346e+02,-8.134170168880844187e+01
4.666432500000000232e+02,-7.740284911074523677e+01
4.666435429687500118e+02,-7.639638746482410170e+01
4.666438359375000005e+02,-7.495557852636329699e+01
4.666441289062499891e+02,-7.718707186229261197e+01
4.666444218750000346e+02,-8.440716729374872784e+01
4.666447148437500232e+02,-9.190571052957375286e+01
4.666450078125000118e+02,-7.388371701106187572e+01
4.666453007812500005e+02,-7.580762995110195845e+01
4.666455937499999891e+02,-7.676377249589955909e+01
4.666458867187500346e+02,-7.588910580613246282e+01
4.666461796875000232e+02,-7.518743927007649575e+01
4.666464726562500118e+02,-7.530250416511101719e+01
4.666467656250000005e+02,-8.247255281764645929e+01
4.666470585937499891e+02,-8.135750360993893082e+01
4.666473515625000346e+02,-7.926600239721692276e+01
4.666476445312500232e+02,-7.344077625248269214e+01
4.666479375000000118e+02,-7.751029781346670688e+01
4.666482304687500005e+02,-7.641839949796683129e+01
4.666485234374999891e+02,-8.032936997115898237e+01
4.666488164062500346e+02,-7.576032361918107938e+01
4.666491093750000232e+02,-8.468439507823852352e+01
4.666494023437500118e+02,-7.871077665629898945e+01
4.666496953125000005e+02,-8.284522544448277870e+01
4.666499882812499891e+02,-7.585572601174176555e+01
4.666502812500000346e+02,-7.620669747164826902e+01
4.666505742187500232e+02,-7.758791927498482721e+01
4.666508671875000118e+02,-8.977510608541116710e+01
4.666511601562500005e+02,-8.174817553627110556e+01
4.666514531249999891e+02,-8.706324477367846271e+01
4.666517460937500346e+02,-7.711286757546096737e+01
4.666520390625000232e+02,-7.987909471600379163e+01
4.666523320312500118e+02,-8.676940060689106815e+01
4.666526250000000005e+02,-7.873177715436771962e+01
4.666529179687499891e+02,-8.064876827998725162e+01
4.666532109375000346e+02,-9.328685399894922625e+01
4.666535039062500232e+02,-9.197347488328523468e+01
4.666537968750000118e+02,-9.458472746654717866e+01
4.666540898437500005e+02,-7.904565166914615304e+01
4.666543828124999891e+02,-7.733128378712984841e+01
4.666546757812500346e+02,-8.259666509228404152e+01
4.666549687500000232e+02,-8.645338571613960710e+01
4.666552617187500118e+02,-8.606305526815994256e+01
4.666555546875000005e+02,-8.593127412596595605e+01
4.666558476562499891e+02,-8.074525827731704908e+01
4.666561406250000346e+02,-8.365439939660753055e+01
4.666564335937500232e+02,-8.094246474288183890e+01
4.666567265625000118e+02,-7.566479564037476280e+01
4.666570195312500005e+02,-7.771624514721190735e+01
4.666573124999999891e+02,-8.143254402049221596e+01
4.666576054687500346e+02,-8.488195157373347399e+01
4.666578984375000232e+02,-8.128046628584529287e+01
4.666581914062500118e+02,-7.960244707672642051e+01
4.666584843750000005e+02,-8.066649859573570325e+01
4.666587773437499891e+02,-8.778539840898892521e+01
4.666590703125000346e+02,-8.250177583916115509e+01
4.666593632812500232e+02,-7.990668280215615482e+01
4.666596562500000118e+02,-8.159032968209855596e+01
4.666599492187500005e+02,-8.108046034737643026e+01
4.666602421874999891e+02,-7.862078530710621749e+01
4.666605351562500346e+02,-7.993176739436796652e+01
4.666608281250000232e+02,-8.195908588661953331e+01
4.666611210937500118e+02,-8.545912096375907652e+01
4.666614140625000005e+02,-9.345904881897388350e+01
4.666617070312499891e+02,-8.535477448862457095e+01
4.666620000000000346e+02,-8.269830136624845807e+01
4.666622929687500232e+02,-8.122496179374140013e+01
4.666625859375000118e+02,-7.848643673037923918e+01
4.666628789062500005e+02,-8.740101170525635155e+01
4.666631718749999891e+02,-9.040598083294003118e+01
4.666634648437500346e+02,-9.267058332799992115e+01
4.666637578125000232e+02,-9.170233287692882129e+01
4.666640507812500118e+02,-9.131006114592793210e+01
4.666643437500000005e+02,-8.180579321006653970e+01
4.666646367187499891e+02,-7.742200352771359917e+01
4.666649296875000346e+02,-7.550401097020329644e+01
4.666652226562500232e+02,-8.071373579618359884e+01
4.666655156250000118e+02,-8.495263244439252048e+01
4.666658085937500005e+02,-8.256031103200967891e+01
4.666661015624999891e+02,-8.668944896133814382e+01
4.666663945312500346e+02,-8.576712759295298838e+01
4.666666875000000232e+02,-8.128352312225371179e+01
4.666669804687500118e+02,-7.671789023632915416e+01
4.666672734375000005e+02,-7.640990994133609604e+01
4.666675664062499891e+02,-8.146528088122616396e+01
4.666678593750000346e+02,-8.096270857105824348e+01
4.666681523437500232e+02,-7.675758161428967696e+01
4.666684453125000118e+02,-8.138135696107873684e+01
4.666687382812500005e+02,-8.593238086037892742e+01
4.666690312499999891e+02,-7.968441138788121236e+01
4.666693242187500346e+02,-7.633872482218932021e+01
4.666696171875000232e+02,-7.333614106521741860e+01
4.666699101562500118e+02,-7.751930614397205943e+01
4.666702031250000005e+02,-8.119793331702831551e+01
4.666704960937499891e+02,-7.592943609809208283e+01
4.666707890625000346e+02,-7.890578761821737430e+01
4.666710820312500232e+02,-9.010955108420924375e+01
4.666713750000000118e+02,-8.417648520779728472e+01
4.666716679687500005e+02,-7.956045554469773151e+01
4.666719609374999891e+02,-7.259527422037723454e+01
4.666722539062500346e+02,-7.551494442997882572e+01
4.666725468750000232e+02,-7.846485093681781109e+01
4.666728398437500118e+02,-8.064387475783030368e+01
4.666731328125000005e+02,-7.992630543024419865e+01
4.666734257812499891e+02,-8.767896716378930932e+01
4.666737187500000346e+02,-8.549306577241708283e+01
4.666740117187500232e+02,-8.042265003676446611e+01
4.666743046875000118e+02,-7.306241892874599841e+01
4.666745976562500005e+02,-7.315551378984739017e+01
4.666748906249999891e+02,-7.597290870568022569e+01
4.666751835937500346e+02,-8.136624646269245886e+01
4.666754765625000232e+02,-8.797186817094802791e+01
4.666757695312500118e+02,-9.014827671269489429e+01
4.666760625000000005e+02,-8.779638789136487276e+01
4.666763554687499891e+02,-8.272326239942688630e+01
4.666766484375000346e+02,-7.773671466215949977e+01
4.666769414062500232e+02,-7.741842719180327492e+01
4.666772343750000118e+02,-7.753930290223061661e+01
4.666775273437500005e+02,-7.902747145783622784e+01
4.666778203124999891e+02,-7.746769965827998305e+01
4.666781132812500346e+02,-7.991340187997083433e+01
4.666784062500000232e+02,-7.990432463829540666e+01
4.666786992187500118e+02,-8.320281458184558687e+01
4.666789921875000005e+02,-7.832332820395640738e+01
4.666792851562499891e+02,-8.369354533122233875e+01
4.666795781250000346e+02,-8.395001632508966338e+01
4.666798710937500232e+02,-8.016854872876221805e+01
4.666801640625000118e+02,-7.654123476363777456e+01
4.666804570312500005e+02,-7.767761792488113315e+01
4.666807499999999891e+02,-7.789330991904783730e+01
4.666810429687500346e+02,-8.055228209812477758e+01
4.666813359375000232e+02,-7.785984725613252522e+01
4.666816289062500118e+02,-8.505673720616540834e+01
4.666819218750000005e+02,-9.924386229674901472e+01
4.666822148437499891e+02,-7.899594114612825990e+01
4.666825078125000346e+02,-7.631345459560768063e+01
4.666828007812500232e+02,-7.656319688107893739e+01
4.666830937500000118e+02,-8.054159960147499930e+01
4.666833867187500005e+02,-7.968179779465616264e+01
4.666836796874999891e+02,-8.310630490899976053e+01
4.666839726562500346e+02,-8.640427118744709389e+01
4.666842656250000232e+02,-8.406835671204937910e+01
4.666845585937500118e+02,-8.375400612743563045e+01
4.666848515625000005e+02,-7.749355950919139957e+01
4.666851445312499891e+02,-8.500724170043029915e+01
4.666854375000000346e+02,-9.182311647816086975e+01
4.666857304687500232e+02,-7.776577836781191877e+01
4.666860234375000118e+02,-8.802025829167591553e+01
4.666863164062500005e+02,-8.902644908473286023e+01
4.666866093749999891e+02,-9.333800663129851216e+01
4.666869023437500346e+02,-9.599942536077645627e+01
4.666871953125000232e+02,-7.899570961200602426e+01
4.666874882812500118e+02,-8.684795959559738776e+01
4.666877812500000005e+02,-8.055322462825535013e+01
4.666880742187499891e+02,-7.579531572368021841e+01
4.666883671875000346e+02,-8.097643177109355861e+01
4.666886601562500232e+02,-9.016816573286916991e+01
4.666889531250000118e+02,-8.394656324111159051e+01
4.666892460937500005e+02,-8.870350942849495368e+01
4.666895390624999891e+02,-8.336670037793223287e+01
4.666898320312500346e+02,-8.376635117351946747e+01
4.666901250000000232e+02,-7.476720146620058927e+01
4.666904179687500118e+02,-7.353005179894294940e+01
4.666907109375000005e+02,-7.836606588866800394e+01
4.666910039062499891e+02,-8.557054600593923510e+01
4.666912968750000346e+02,-8.513840236654515081e+01
4.666915898437500232e+02,-7.928116040806690989e+01
4.666918828125000118e+02,-8.205825944452128340e+01
4.666921757812500005e+02,-1.029878519812758100e+02
4.666924687499999891e+02,-7.452109149418507172e+01
4.666927617187500346e+02,-7.273070027780929081e+01
4.666930546875000232e+02,-7.595127622580913851e+01
4.666933476562500118e+02,-8.568879582730860989e+01
4.666936406250000005e+02,-9.656787961756320726e+01
4.666939335937499891e+02,-7.473947880710585423e+01
4.666942265625000346e+02,-7.750122045121672443e+01
4.666945195312500232e+02,-8.962634809775593681e+01
4.666948125000000118e+02,-7.703444837922559429e+01
4.666951054687500005e+02,-7.477762869083231578e+01
4.666953984374999891e+02,-7.611104689869011963e+01
4.666956914062500346e+02,-8.350897960217270111e+01
4.666959843750000232e+02,-8.029831172397847183e+01
4.666962773437500118e+02,-8.013755225384757352e+01
4.666965703125000005e+02,-7.722235638908099986e+01
4.666968632812499891e+02,-8.233650162049441690e+01
4.666971562500000346e+02,-8.052578268264150552e+01
4.666974492187500232e+02,-8.030595410040740489e+01
4.666977421875000118e+02,-8.154400858339647584e+01
4.666980351562500005e+02,-9.949302716850473871e+01
4.666983281249999891e+02,-7.908562335519570752e+01
4.666986210937500346e+02,-1.007770280853340523e+02
4.666989140625000232e+02,-8.382092909294577510e+01
4.666992070312500118e+02,-8.268158591553616077e+01
4.666995000000000005e+02,-8.664100116495998805e+01
4.666997929687499891e+02,-9.903603550440467984e+01
4.667000859375000346e+02,-8.846374424779894241e+01
4.667003789062500232e+02,-9.147132623743935653e+01
4.667006718750000118e+02,-8.046077671354892402e+01
4.667009648437500005e+02,-8.009195450970167940e+01
4.667012578124999891e+02,-8.471483704681800475e+01
4.667015507812500346e+02,-9.000980585465376294e+01
4.667018437500000232e+02,-8.227352371996536817e+01
4.667021367187500118e+02,-8.647764876002375445e+01
4.667024296875000005e+02,-7.940424160401016707e+01
4.667027226562499891e+02,-8.857369104998838338e+01
4.667030156250000346e+02,-9.521719683698692904e+01
4.667033085937500232e+02,-8.059042593780785069e+01
4.667036015625000118e+02,-7.718824094023896976e+01
4.667038945312500005e+02,-7.676204851556477138e+01
4.667041874999999891e+02,-8.530324787698066302e+01
4.667044804687500346e+02,-8.731017604025907985e+01
4.667047734375000232e+02,-7.757375892084290570e+01
4.667050664062500118e+02,-7.948868645514542663e+01
4.667053593750000005e+02,-8.043234342245831670e+01
4.667056523437499891e+02,-9.248331020396057056e+01
4.667059453125000346e+02,-7.674238925919372889e+01
4.667062382812500232e+02,-7.577750219470176773e+01
4.667065312500000118e+02,-8.501482971620340834e+01
4.667068242187500005e+02,-8.153159006977547563e+01
4.667071171874999891e+02,-7.696583123275858895e+01
4.667074101562500346e+02,-7.693704182605473818e+01
4.667077031250000232e+02,-7.843287925873441679e+01
4.667079960937500118e+02,-7.807819750763823663e+01
4.667082890625000005e+02,-8.748423252692874996e+01
4.667085820312499891e+02,-7.711262015387427482e+01
4.667088750000000346e+02,-7.883154413174399622e+01
4.667091679687500232e+02,-8.358855483294449584e+01
4.667094609375000118e+02,-7.718769191939026086e+01
4.667097539062500005e+02,-7.612617229279297248e+01
4.667100468749999891e+02,-7.650719457872438056e+01
4.667103398437500346e+02,-7.565098900235697954e+01
4.667106328125000232e+02,-7.931761553730109426e+01
4.667109257812500118e+02,-8.814859629694421983e+01
4.667112187500000005e+02,-8.039053148852849517e+01
4.667115117187499891e+02,-7.958387203766005769e+01
4.667118046875000346e+02,-7.773589248392107720e+01
4.667120976562500232e+02,-7.857431455219143857e+01
4.667123906250000118e+02,-7.727762419094804613e+01
4.667126835937500005e+02,-7.694836256061766733e+01
4.667129765624999891e+02,-7.511614000954966741e+01
4.667132695312500346e+02,-8.024566482787237476e+01
4.667135625000000232e+02,-8.054225263103066368e+01
4.667138554687500118e+02,-7.751808930680775234e+01
4.667141484375000005e+02,-8.003986500693511630e+01
4.667144414062499891e+02,-8.005997640920290337e+01
4.667147343750000346e+02,-8.293196547820910780e+01
4.667150273437500232e+02,-7.941733577513103626e+01
4.667153203125000118e+02,-7.945406256515640564e+01
4.667156132812500005e+02,-7.715585013782866497e+01
4.667159062499999891e+02,-7.804441616823865502e+01
4.667161992187500346e+02,-7.403768677819033428e+01
4.667164921875000232e+02,-7.670099622685155794e+01
4.667167851562500118e+02,-8.122550720952094139e+01
4.667170781250000005e+02,-8.713456326812213604e+01
4.667173710937499891e+02,-8.218579290776695245e+01
4.667176640625000346e+02,-7.801557641672030741e+01
4.667179570312500232e+02,-7.630983023234308860e+01
4.667182500000000118e+02,-8.011772579467890409e+01
4.667185429687500005e+02,-7.558849552670923799e+01
4.667188359374999891e+02,-7.612134315580902921e+01
4.667191289062500346e+02,-7.914889607389788750e+01
4.667194218750000232e+02,-8.101347123451654397e+01
4.667197148437500118e+02,-8.361959426190112765e+01
4.667200078125000005e+02,-7.890110429525334723e+01
4.667203007812499891e+02,-8.087378838818250415e+01
4.667205937500000346e+02,-8.063936598523977750e+01
4.667208867187500232e+02,-8.069264369086315014e+01
4.667211796875000118e+02,-7.998250195560025588e+01
4.667214726562500005e+02,-8.006243642184323051e+01
4.667217656249999891e+02,-8.030905026780337153e+01
4.667220585937500346e+02,-8.499872811373754189e+01
4.667223515625000232e+02,-8.280580677993285121e+01
4.667226445312500118e+02,-8.332846358481140214e+01
4.667229375000000005e+02,-8.161999703361647107e+01
4.667232304687499891e+02,-8.063208878123829493e+01
4.667235234375000346e+02,-8.454524640798459245e+01
4.667238164062500232e+02,-8.036322958867810939e+01
4.667241093750000118e+02,-7.572173473933980858e+01
4.667244023437500005e+02,-7.603311280111877579e+01
4.667246953124999891e+02,-7.722960809937531224e+01
4.667249882812500346e+02,-7.850385510128857902e+01
4.667252812500000232e+02,-8.425586965130200667e+01
4.667255742187500118e+02,-7.725638874617845886e+01
4.667258671875000005e+02,-8.978007332897470860e+01
4.667261601562499891e+02,-9.525127117257957821e+01
4.667264531250000346e+02,-7.747996589871772244e+01
4.667267460937500232e+02,-7.453153928100797998e+01
4.667270390625000118e+02,-7.234317588796767495e+01
4.667273320312500005e+02,-7.442292213593138683e+01
4.667276249999999891e+02,-9.202199615599418792e+01
4.667279179687500346e+02,-7.595865194970123468e+01
4.667282109375000232e+02,-8.399933831477072488e+01
4.667285039062500118e+02,-8.731991572798793300e+01
4.667287968750000005e+02,-7.714892385096531768e+01
4.667290898437499891e+02,-7.527610455126455236e+01
4.667293828125000346e+02,-7.238471312942306213e+01
4.667296757812500232e+02,-7.237196192348183388e+01
4.667299687500000118e+02,-8.259720242804432644e+01
4.667302617187500005e+02,-8.017100755015704294e+01
4.667305546874999891e+02,-8.157864179196123189e+01
4.667308476562500346e+02,-8.291947609006052744e+01
4.667311406250000232e+02,-8.231206274041375082e+01
4.667314335937500118e+02,-7.730303399134699305e+01
4.667317265625000005e+02,-7.976815915783834043e+01
4.667320195312499891e+02,-7.283403934278761938e+01
4.667323125000000346e+02,-7.832227690825115474e+01
4.667326054687500232e+02,-8.331982598954751040e+01
4.667328984375000118e+02,-8.114233137035184029e+01
4.667331914062500005e+02,-8.976611121147975325e+01
4.667334843749999891e+02,-8.735172236933334489e+01
4.667337773437500346e+02,-7.928824842723386723e+01
4.667340703125000232e+02,-8.285726877004863411e+01
4.667343632812500118e+02,-8.084533376308678498e+01
4.667346562500000005e+02,-7.998961212006246058e+01
4.667349492187499891e+02,-8.328497363730720338e+01
4.667352421875000346e+02,-8.542597355018187955e+01
4.667355351562500232e+02,-7.863961333593638869e+01
4.667358281250000118e+02,-8.234781555989748369e+01
4.667361210937500005e+02,-8.540645850294646380e+01
4.667364140624999891e+02,-7.900253766842146774e+01
4.667367070312500346e+02,-7.676603811222831553e+01
4.667370000000000232e+02,-8.054063955577669276e+01
4.667372929687500118e+02,-8.008832286637033349e+01
4.667375859375000005e+02,-8.922111051228725387e+01
4.667378789062499891e+02,-8.024234175996853935e+01
4.667381718750000346e+02,-7.806412476411082935e+01
4.667384648437500232e+02,-8.719281378464339127e+01
4.667387578125000118e+02,-8.331013765831328044e+01
4.667390507812500005e+02,-7.134988575601228433e+01
4.667393437499999891e+02,-7.327173827131390738e+01
4.667396367187500346e+02,-7.634600026319384369e+01
4.667399296875000232e+02,-8.474381032846432049e+01
4.667402226562500118e+02,-7.849195066402253929e+01
4.667405156250000005e+02,-7.803157480304241744e+01
4.667408085937499891e+02,-8.307867816040436537e+01
4.667411015625000346e+02,-8.459142621245058535e+01
4.667413945312500232e+02,-7.559415656977482456e+01
4.667416875000000118e+02,-7.190945826070691282e+01
4.667419804687500005e+02,-7.575030983301392951e+01
4.667422734374999891e+02,-7.962912220442564148e+01
4.667425664062500346e+02,-7.730685863733371832e+01
4.667428593750000232e+02,-7.933268073027950607e+01
4.667431523437500118e+02,-9.807447117455421903e+01
4.667434453125000005e+02,-8.061325717955121206e+01
4.667437382812499891e+02,-7.972318491983449462e+01
4.667440312500000346e+02,-7.582226149002298143e+01
4.667443242187500232e+02,-7.609973653908751601e+01
4.667446171875000118e+02,-7.911693986216549490e+01
4.667449101562500005e+02,-7.637739616854734948e+01
4.667452031249999891e+02,-7.654693286708626943e+01
4.667454960937500346e+02,-7.839833857530641126e+01
4.667457890625000232e+02,-9.006528320464357762e+01
4.667460820312500118e+02,-7.711259490374297343e+01
4.667463750000000005e+02,-8.108458378194467286e+01
4.667466679687499891e+02,-8.665967848020692088e+01
4.667469609375000346e+02,-8.239492321560240384e+01
4.667472539062500232e+02,-7.684623623339265919e+01
4.667475468750000118e+02,-7.578085054863809944e+01
4.667478398437500005e+02,-7.377176107165453800e+01
4.667481328124999891e+02,-7.820756624484727126e+01
4.667484257812500346e+02,-7.893390641094771354e+01
4.667487187500000232e+02,-7.676313910417151476e+01
4.667490117187500118e+02,-7.549410564242660371e+01
4.667493046875000005e+02,-7.799102641334050645e+01
4.667495976562499891e+02,-7.851830386186162514e+01
4.667498906250000346e+02,-7.480800498791992936e+01
4.667501835937500232e+02,-7.205845188267775825e+01
4.667504765625000118e+02,-7.348044909708050909e+01
4.667507695312500005e+02,-8.534196031644154345e+01
4.667510624999999891e+02,-7.902050554370865143e+01
4.667513554687500346e+02,-7.280283167770075181e+01
4.667516484375000232e+02,-7.272587641463567820e+01
4.667519414062500118e+02,-8.133593409583664879e+01
4.667522343750000005e+02,-7.712089193850157187e+01
4.667525273437499891e+02,-7.401190327283346448e+01
4.667528203125000346e+02,-7.544747820935319282e+01
4.667531132812500232e+02,-7.740236540319794756e+01
4.667534062500000118e+02,-8.689029500001038286e+01
4.667536992187500005e+02,-7.681192211907665524e+01
4.667539921874999891e+02,-7.267822443504647367e+01
4.667542851562500346e+02,-8.095681504882344370e+01
4.667545781250000232e+02,-8.344205495093419245e+01
4.667548710937500118e+02,-7.714743207143257564e+01
4.667551640625000005e+02,-8.069933800277807734e+01
4.667554570312499891e+02,-7.827323175416505308e+01
4.667557500000000346e+02,-8.137519958151318633e+01
4.667560429687500232e+02,-8.707523674189845053e+01
4.667563359375000118e+02,-7.813342603719861756e+01
4.667566289062500005e+02,-8.459951179921819175e+01
4.667569218749999891e+02,-8.743107815863911014e+01
4.667572148437500346e+02,-8.876241795034390236e+01
4.667575078125000232e+02,-9.546181719324985693e+01
4.667578007812500118e+02,-8.165588463236250050e+01
4.667580937500000005e+02,-8.559505380302340427e+01
4.667583867187499891e+02,-8.097423355852640725e+01
4.667586796875000346e+02,-8.719843926469756923e+01
4.667589726562500232e+02,-8.778448332385497110e+01
4.667592656250000118e+02,-8.617513160831623509e+01
4.667595585937500005e+02,-7.988143921238894052e+01
4.667598515624999891e+02,-8.113109122183379895e+01
4.667601445312500346e+02,-7.849437190076069726e+01
4.667604375000000232e+02,-8.549056678839959034e+01
4.667607304687500118e+02,-8.148017191397528336e+01
4.667610234375000005e+02,-9.147065087817266260e+01
4.667613164062499891e+02,-7.884262883959078749e+01
4.667616093750000346e+02,-8.574286337529369462e+01
4.667619023437500232e+02,-7.654123970954329081e+01
4.667621953125000118e+02,-7.797690485863354581e+01
4.667624882812500005e+02,-7.978855400474910198e+01
4.667627812499999891e+02,-8.273532949988359064e+01
4.667630742187500346e+02,-7.926361329766984909e+01
4.667633671875000232e+02,-8.437917174468928749e+01
4.667636601562500118e+02,-7.921798414457113324e+01
4.667639531250000005e+02,-8.748399578139955679e+01
4.667642460937499891e+02,-7.417678621986487997e+01
4.667645390625000346e+02,-7.706829530691784669e+01
4.667648320312500232e+02,-7.978641894494859343e+01
4.667651250000000118e+02,-8.983458605615146553e+01
4.667654179687500005e+02,-7.730513891538586790e+01
4.667657109374999891e+02,-7.634963779897668701e+01
4.667660039062500346e+02,-7.836960217508830340e+01
4.667662968750000232e+02,-9.637394979156135832e+01
4.667665898437500118e+02,-7.436503994932701289e+01
4.667668828125000005e+02,-7.578022710158690245e+01
4.667671757812499891e+02,-8.067646022144286633e+01
4.667674687500000346e+02,-7.482106325368421551e+01
4.667677617187500232e+02,-8.879426347564687205e+01
4.667680546875000118e+02,-7.690327401456615064e+01
4.667683476562500005e+02,-7.845164767735171552e+01
4.667686406249999891e+02,-7.845853415561312261e+01
4.667689335937500346e+02,-7.358207490579745524e+01
4.667692265625000232e+02,-7.372619471948286218e+01
4.667695195312500118e+02,-7.842347538504976967e+01
4.667698125000000005e+02,-7.373068884560532865e+01
4.667701054687499891e+02,-7.844876066348503230e+01
4.667703984375000346e+02,-7.631924160548287261e+01
4.667706914062500232e+02,-7.476075625700465821e+01
4.667709843750000118e+02,-7.574652183418591278e+01
4.667712773437500005e+02,-7.130857396706542772e+01
4.667715703124999891e+02,-7.395224885054179254e+01
4.667718632812500346e+02,-7.501702342342056795e+01
4.667721562500000232e+02,-7.356278427505250761e+01
4.667724492187500118e+02,-7.505239436522950314e+01
4.667727421875000005e+02,-8.109396797922066469e+01
4.667730351562499891e+02,-7.411727522314448890e+01
4.667733281250000346e+02,-8.040481257546693428e+01
4.667736210937500232e+02,-7.120490936827189898e+01
4.667739140625000118e+02,-7.468056853648990057e+01
4.667742070312500005e+02,-7.668199070769772163e+01
4.667744999999999891e+02,-7.370733136602945024e+01
4.667747929687500346e+02,-7.668834752560827894e+01
4.667750859375000232e+02,-8.708731365800775848e+01
4.667753789062500118e+02,-7.773266428940712558e+01
4.667756718750000005e+02,-8.145080291160731178e+01
4.667759648437499891e+02,-7.439698704270537633e+01
4.667762578125000346e+02,-7.265909279012569755e+01
4.667765507812500232e+02,-8.781150857742716198e+01
4.667768437500000118e+02,-7.887793399297434860e+01
4.667771367187500005e+02,-8.475077694683014329e+01
4.667774296874999891e+02,-9.122944963539352159e+01
4.667777226562500346e+02,-8.752612353850018678e+01
4.667780156250000232e+02,-8.126813638056633238e+01
4.667783085937500118e+02,-8.791923543056992685e+01
4.667786015625000005e+02,-7.437163044627938291e+01
4.667788945312499891e+02,-9.125340680546649708e+01
4.667791875000000346e+02,-8.083608799740954964e+01
4.667794804687500232e+02,-8.989111757171956185e+01
4.667797734375000118e+02,-8.050240335772700462e+01
4.667800664062500005e+02,-8.841031619418296827e+01
4.667803593749999891e+02,-8.602573276552669768e+01
4.667806523437500346e+02,-8.133114128081601280e+01
4.667809453125000232e+02,-8.688064371863049473e+01
4.667812382812500118e+02,-8.278923472816673268e+01
4.667815312500000005e+02,-8.034968139941419452e+01
4.667818242187499891e+02,-7.947099560138981644e+01
4.667821171875000346e+02,-7.703499830845504448e+01
4.667824101562500232e+02,-8.338183206807011061e+01
4.667827031250000118e+02,-8.409119603594739090e+01
4.667829960937500005e+02,-8.004325898766683167e+01
4.667832890624999891e+02,-7.850793917007746359e+01
4.667835820312500346e+02,-1.008182414659827231e+02
4.667838750000000232e+02,-8.227323220180009855e+01
4.667841679687500118e+02,-8.020355161338650873e+01
4.667844609375000005e+02,-7.555814511472951267e+01
4.667847539062499891e+02,-8.961074680424177075e+01
4.667850468750000346e+02,-8.612441845000232377e+01
4.667853398437500232e+02,-8.343747033293371373e+01
4.667856328125000118e+02,-7.423884436515743346e+01
4.667859257812500005e+02,-7.821871674869639435e+01
4.667862187499999891e+02,-7.740029611803778664e+01
4.667865117187500346e+02,-8.815498111053355501e+01
4.667868046875000232e+02,-7.492374515475250973e+01
4.667870976562500118e+02,-8.496414742107913298e+01
4.667873906250000005e+02,-9.626304881392422885e+01
4.667876835937499891e+02,-8.700381139238371020e+01
4.667879765625000346e+02,-7.565703128626955731e+01
4.667882695312500232e+02,-7.470763144128095234e+01
4.667885625000000118e+02,-7.408288995008757638e+01
4.667888554687500005e+02,-7.851728532332715815e+01
4.667891484374999891e+02,-7.780817755968617178e+01
4.667894414062500346e+02,-7.855536278012280604e+01
4.667897343750000232e+02,-8.103574233285273465e+01
4.667900273437500118e+02,-7.694677116556424323e+01
4.667903203125000005e+02,-7.937573036815982164e+01
4.667906132812499891e+02,-7.716879128049249914e+01
4.667909062500000346e+02,-7.439578204164752151e+01
4.667911992187500232e+02,-7.355497457295201968e+01
4.667914921875000118e+02,-8.274519623904581067e+01
4.667917851562500005e+02,-7.771182798218605114e+01
4.667920781249999891e+02,-7.752162883629767975e+01
4.667923710937500346e+02,-7.344190321569917046e+01
4.667926640625000232e+02,-7.738859218354795644e+01
4.667929570312500118e+02,-8.623430983057509991e+01
4.667932500000000005e+02,-8.130051649483274900e+01
4.667935429687499891e+02,-7.742802643665656603e+01
4.667938359375000346e+02,-8.318221425886704878e+01
4.667941289062500232e+02,-7.979545175652285138e+01
4.667944218750000118e+02,-7.926279519007397312e+01
4.667947148437500005e+02,-7.171322440399902121e+01
4.667950078124999891e+02,-7.353977722110371928e+01
4.667953007812500346e+02,-8.973803613526648348e+01
4.667955937500000232e+02,-8.313575917210313548e+01
4.667958867187500118e+02,-8.309209904179468253e+01
4.667961796875000005e+02,-8.472673345792621546e+01
4.667964726562499891e+02,-7.900799747306615473e+01
4.667967656250000346e+02,-7.779874792368883618e+01
4.667970585937500232e+02,-7.145270811100283481e+01
4.667973515625000118e+02,-7.171870377390540341e+01
4.667976445312500005e+02,-8.149672089328237234e+01
4.667979374999999891e+02,-8.622814164968980322e+01
4.667982304687500346e+02,-7.779887260763743484e+01
4.667985234375000232e+02,-7.945213027305281628e+01
4.667988164062500118e+02,-7.931829078346554240e+01
4.667991093750000005e+02,-7.723432006611864153e+01
4.667994023437499891e+02,-7.297123100636792969e+01
4.667996953125000346e+02,-7.230821495308664737e+01
4.667999882812500232e+02,-8.004520325372016032e+01
4.668002812500000118e+02,-8.703607859626812626e+01
4.668005742187500005e+02,-7.906831292946459655e+01
4.668008671874999891e+02,-7.522859432693103088e+01
4.668011601562500346e+02,-7.639658434238216955e+01
4.668014531250000232e+02,-7.464552632248722830e+01
4.668017460937500118e+02,-7.386504532577393434e+01
4.668020390625000005e+02,-7.373017871495279962e+01
4.668023320312499891e+02,-7.897883407920727450e+01
4.668026250000000346e+02,-8.650980676101281119e+01
4.668029179687500232e+02,-9.607198366585100757e+01
4.668032109375000118e+02,-7.961905707658527831e+01
4.668035039062500005e+02,-7.683013117745343834e+01
4.668037968749999891e+02,-7.506932884016825369e+01
4.668040898437500346e+02,-7.565122997506971103e+01
4.668043828125000232e+02,-7.727651634950998982e+01
4.668046757812500118e+02,-8.315867606377676680e+01
4.668049687500000005e+02,-8.596430670465778690e+01
4.668052617187499891e+02,-8.332410838104715367e+01
4.668055546875000346e+02,-8.315811180713808426e+01
4.668058476562500232e+02,-8.433578627542806316e+01
4.668061406250000118e+02,-7.820332800565901721e+01
4.668064335937500005e+02,-7.963536681992454191e+01
4.668067265624999891e+02,-8.125611881200529751e+01
4.668070195312500346e+02,-9.920230922928621453e+01
4.668073125000000232e+02,-8.849822506322539084e+01
4.668076054687500118e+02,-7.797216670225336088e+01
4.668078984375000005e+02,-7.492720431798346681e+01
4.668081914062499891e+02,-7.804517233735029436e+01
4.668084843750000346e+02,-8.619194906376777965e+01
4.668087773437500232e+02,-9.144355714106517041e+01
4.668090703125000118e+02,-9.232564208120379590e+01
4.668093632812500005e+02,-8.836211873694111318e+01
4.668096562499999891e+02,-8.088425715688943285e+01
4.668099492187500346e+02,-8.186712375550349918e+01
4.668102421875000232e+02,-7.729075430460392226e+01
4.668105351562500118e+02,-7.497533381838101718e+01
4.668108281250000005e+02,-7.786972949486118978e+01
4.668111210937499891e+02,-8.215615798711166917e+01
4.668114140625000346e+02,-8.593622039225090248e+01
4.668117070312500232e+02,-8.858956938085432853e+01
4.668120000000000118e+02,-7.957468504638252682e+01
4.668122929687500005e+02,-8.530038519300246946e+01
4.668125859374999891e+02,-7.964958532634081223e+01
4.668128789062500346e+02,-8.195981152269978054e+01
4.668131718750000232e+02,-7.604844820538750128e+01
4.668134648437500118e+02,-7.759032977218228666e+01
4.668137578125000005e+02,-8.187866909860210285e+01
4.668140507812499891e+02,-8.114575462506918768e+01
4.668143437500000346e+02,-7.867419554699077366e+01
4.668146367187500232e+02,-9.586055463645189434e+01
4.668149296875000118e+02,-8.218783633150833623e+01
4.668152226562500005e+02,-8.389528324817109706e+01
4.668155156249999891e+02,-8.029045450301791220e+01
4.668158085937500346e+02,-7.804061489986941069e+01
4.668161015625000232e+02,-7.877017570084507270e+01
4.668163945312500118e+02,-7.745610595758816430e+01
4.668166875000000005e+02,-7.527651831351336398e+01
4.668169804687499891e+02,-8.531249852238674691e+01
4.668172734375000346e+02,-8.644692826749414394e+01
4.668175664062500232e+02,-7.924042281081088390e+01
4.668178593750000118e+02,-7.578127560558193920e+01
4.668181523437500005e+02,-8.614966708674144513e+01
4.668184453124999891e+02,-7.891344769784653579e+01
4.668187382812500346e+02,-7.237521422848961095e+01
4.668190312500000232e+02,-7.148634113718138394e+01
4.668193242187500118e+02,-8.540124335240807341e+01
4.668196171875000005e+02,-8.145265425151279715e+01
4.668199101562499891e+02,-8.533616993497656722e+01
4.668202031250000346e+02,-7.396530724723119476e+01
4.668204960937500232e+02,-7.926465757139690993e+01
4.668207890625000118e+02,-8.034083955249417386e+01
4.668210820312500005e+02,-7.171217084107853168e+01
4.668213749999999891e+02,-6.913045914421344662e+01
4.668216679687500346e+02,-8.054017564760317782e+01
4.668219609375000232e+02,-7.879189861834812802e+01
4.668222539062500118e+02,-8.985092401166228626e+01
4.668225468750000005e+02,-7.735616368925815323e+01
4.668228398437499891e+02,-7.604117761459973224e+01
4.668231328125000346e+02,-7.789306607320324360e+01
4.668234257812500232e+02,-7.424447714263249054e+01
4.668237187500000118e+02,-6.990712127600586712e+01
4.668240117187500005e+02,-7.829080862185192302e+01
4.668243046874999891e+02,-7.898062892351619269e+01
4.668245976562500346e+02,-8.046733260446436020e+01
4.668248906250000232e+02,-9.039794615177875414e+01
4.668251835937500118e+02,-7.985738029675619032e+01
4.668254765625000005e+02,-7.604330877382318477e+01
4.668257695312499891e+02,-7.834298721711911639e+01
4.668260625000000346e+02,-7.317787509319087746e+01
4.668263554687500232e+02,-7.880224802733023637e+01
4.668266484375000118e+02,-8.102616005373157293e+01
4.668269414062500005e+02,-7.753902713032105964e+01
4.668272343749999891e+02,-8.345294427020021999e+01
4.668275273437500346e+02,-8.669588125930516753e+01
4.668278203125000232e+02,-7.936753845272387764e+01
4.668281132812500118e+02,-8.088574723522259546e+01
4.668284062500000005e+02,-8.196870878536613247e+01
4.668286992187499891e+02,-8.406839938854753314e+01
4.668289921875000346e+02,-8.158621164883626875e+01
4.668292851562500232e+02,-7.544077898204874089e+01
4.668295781250000118e+02,-7.794651305411449016e+01
4.668298710937500005e+02,-7.906563880438307024e+01
4.668301640624999891e+02,-7.708204346840980747e+01
4.668304570312500346e+02,-7.838801799146101246e+01
4.668307500000000232e+02,-9.269667368544860153e+01
4.668310429687500118e+02,-7.743114651982109820e+01
4.668313359375000005e+02,-8.059842577049222712e+01
4.668316289062499891e+02,-7.600440813693651876e+01
4.668319218750000346e+02,-7.549246240955780252e+01
4.668322148437500232e+02,-7.739026183928453406e+01
4.668325078125000118e+02,-7.525196981735803092e+01
4.668328007812500005e+02,-7.417115398837150053e+01
4.668330937499999891e+02,-7.818230587203412085e+01
4.668333867187500346e+02,-7.406564485742244131e+01
4.668336796875000232e+02,-7.782748301297887394e+01
4.668339726562500118e+02,-7.843758894446530405e+01
4.668342656250000005e+02,-7.334429622788350400e+01
4.668345585937499891e+02,-7.925286396285360979e+01
4.668348515625000346e+02,-8.077718686248944380e+01
4.668351445312500232e+02,-7.590474826009555898e+01
4.668354375000000118e+02,-7.582594608827120908e+01
4.668357304687500005e+02,-7.549242325211994853e+01
4.668360234374999891e+02,-7.865097655873489657e+01
4.668363164062500346e+02,-7.754261742241541810e+01
4.668366093750000232e+02,-7.131838271463246315e+01
4.668369023437500118e+02,-7.357342040361831437e+01
4.668371953125000005e+02,-8.656905953310942436e+01
4.668374882812499891e+02,-8.988124833828301519e+01
4.668377812500000346e+02,-7.975534874660682760e+01
4.668380742187500232e+02,-8.091041751023499273e+01
4.668383671875000118e+02,-9.359415418340761050e+01
4.668386601562500005e+02,-7.730462385302114114e+01
4.668389531249999891e+02,-7.228177517355140935e+01
4.668392460937500346e+02,-7.168440902331313680e+01
4.668395390625000232e+02,-7.929799867247682243e+01
4.668398320312500118e+02,-9.074357551261600463e+01
4.668401250000000005e+02,-9.395807924064283156e+01
4.668404179687499891e+02,-8.601400994217003415e+01
4.668407109375000346e+02,-8.255212515263905004e+01
4.668410039062500232e+02,-7.456952882874108468e+01
4.668412968750000118e+02,-7.385399858126919526e+01
4.668415898437500005e+02,-7.326105240811803299e+01
4.668418828124999891e+02,-7.727085354950239093e+01
4.668421757812500346e+02,-1.066822935360609108e+02
4.668424687500000232e+02,-8.325774976330890809e+01
4.668427617187500118e+02,-8.919812894114942026e+01
4.668430546875000005e+02,-7.841240192114744900e+01
4.668433476562499891e+02,-7.220934010280559789e+01
4.668436406250000346e+02,-7.426747905702367802e+01
4.668439335937500232e+02,-7.403440908862991421e+01
4.668442265625000118e+02,-8.046375067891922583e+01
4.668445195312500005e+02,-8.858767630521889203e+01
4.668448124999999891e+02,-8.615062955117123522e+01
4.668451054687500346e+02,-8.230563668862252769e+01
4.668453984375000232e+02,-8.325878020717783556e+01
4.668456914062500118e+02,-7.582063595770560482e+01
4.668459843750000005e+02,-7.785946456231796731e+01
4.668462773437499891e+02,-7.429247699784747283e+01
4.668465703125000346e+02,-8.631946650183586200e+01
4.668468632812500232e+02,-8.534910607521887016e+01
4.668471562500000118e+02,-8.490863621349575396e+01
4.668474492187500005e+02,-8.022202692651525524e+01
4.668477421874999891e+02,-8.241057762949425580e+01
4.668480351562500346e+02,-8.333423280513008535e+01
4.668483281250000232e+02,-8.140181213462346932e+01
4.668486210937500118e+02,-7.186940051557151321e+01
4.668489140625000005e+02,-7.570080785296779879e+01
4.668492070312499891e+02,-7.726398505238877590e+01
4.668495000000000346e+02,-7.701988567043940748e+01
4.668497929687500232e+02,-8.249779857650628401e+01
4.668500859375000118e+02,-8.101751164477789757e+01
4.668503789062500005e+02,-7.889941057860650631e+01
4.668506718749999891e+02,-7.801297582325786095e+01
4.668509648437500346e+02,-7.199984418208009629e+01
4.668512578125000232e+02,-7.514883702388422648e+01
4.668515507812500118e+02,-7.604992664299251715e+01
4.668518437500000005e+02,-7.839703543412737474e+01
4.668521367187499891e+02,-7.619646108555529906e+01
4.668524296875000346e+02,-8.378569981673997802e+01
4.668527226562500232e+02,-8.031869733850970761e+01
4.668530156250000118e+02,-7.408012193802150591e+01
4.668533085937500005e+02,-7.188894322330669695e+01
4.668536015624999891e+02,-7.598432031114980134e+01
4.668538945312500346e+02,-7.898127133897568797e+01
4.668541875000000232e+02,-7.972447345512448180e+01
4.668544804687500118e+02,-7.749660433905255275e+01
4.668547734375000005e+02,-9.016672396904253617e+01
4.668550664062499891e+02,-8.015146291712993332e+01
4.668553593750000346e+02,-7.455100571212611271e+01
4.668556523437500232e+02,-7.253417186819827123e+01
4.668559453125000118e+02,-7.757971886266749095e+01
4.668562382812500005e+02,-8.429614967671429326e+01
4.668565312499999891e+02,-8.500598587848315901e+01
4.668568242187500346e+02,-7.791300767311979314e+01
4.668571171875000232e+02,-8.122863943691666577e+01
4.668574101562500118e+02,-8.015777543213812351e+01
4.668577031250000005e+02,-7.766114088844142316e+01
4.668579960937499891e+02,-7.676385025181950539e+01
4.668582890625000346e+02,-8.468057624378474202e+01
4.668585820312500232e+02,-7.825656928744791685e+01
4.668588750000000118e+02,-7.859996552247196178e+01
4.668591679687500005e+02,-7.741041880938654174e+01
4.668594609374999891e+02,-7.911852945097288625e+01
4.668597539062500346e+02,-7.888492516194551740e+01
4.668600468750000232e+02,-8.137737505690867579e+01
4.668603398437500118e+02,-8.629304299229926301e+01
4.668606328125000005e+02,-8.517425078209492995e+01
4.668609257812499891e+02,-7.656583867388239639e+01
4.668612187500000346e+02,-7.315805018907006740e+01
4.668615117187500232e+02,-7.619139459757504085e+01
4.668618046875000118e+02,-8.066866493850736219e+01
4.668620976562500005e+02,-8.148490909939263815e+01
4.668623906249999891e+02,-8.020222869421490941e+01
4.668626835937500346e+02,-9.310290271212913638e+01
4.668629765625000232e+02,-7.791722094563054668e+01
4.668632695312500118e+02,-7.542111083605841770e+01
4.668635625000000005e+02,-7.145979444336259689e+01
4.668638554687499891e+02,-7.345605331879950484e+01
4.668641484375000346e+02,-8.423275363895946555e+01
4.668644414062500232e+02,-8.161110488157368081e+01
4.668647343750000118e+02,-7.798659143780687941e+01
4.668650273437500005e+02,-8.586184624187977477e+01
4.668653203124999891e+02,-7.436686555782043229e+01
4.668656132812500346e+02,-7.576333380750787683e+01
4.668659062500000232e+02,-7.386914692415808759e+01
4.668661992187500118e+02,-7.245021732290923921e+01
4.668664921875000005e+02,-9.100442154039095044e+01
4.668667851562499891e+02,-7.767600779438495806e+01
4.668670781250000346e+02,-7.628254247875042893e+01
4.668673710937500232e+02,-8.143760211152942929e+01
4.668676640625000118e+02,-7.479716503579111020e+01
4.668679570312500005e+02,-7.410557731467625331e+01
4.668682499999999891e+02,-8.071429024346102210e+01
4.668685429687500346e+02,-7.536718287285692952e+01
4.668688359375000232e+02,-9.061215513172116687e+01
4.668691289062500118e+02,-7.669034485861945427e+01
4.668694218750000005e+02,-7.675575610277972771e+01
4.668697148437499891e+02,-7.835874886661100902e+01
4.668700078125000346e+02,-8.133514747158359626e+01
4.668703007812500232e+02,-7.207277702639309780e+01
4.668705937500000118e+02,-8.288978513807711579e+01
4.668708867187500005e+02,-7.723845193138961918e+01
4.668711796874999891e+02,-8.285060962035366572e+01
4.668714726562500346e+02,-7.834840319249879315e+01
4.668717656250000232e+02,-7.859510210238470052e+01
4.668720585937500118e+02,-7.804569465917833782e+01
4.668723515625000005e+02,-8.314659466644624786e+01
4.668726445312499891e+02,-7.405586365043382102e+01
4.668729375000000346e+02,-7.509122415061648326e+01
4.668732304687500232e+02,-7.501437930079504213e+01
4.668735234375000118e+02,-7.372659653852475969e+01
4.668738164062500005e+02,-7.696760895756453635e+01
4.668741093749999891e+02,-7.854385702722419182e+01
4.668744023437500346e+02,-7.795755549411600782e+01
4.668746953125000232e+02,-8.124288716648061381e+01
4.668749882812500118e+02,-8.242649527073243121e+01
4.668752812500000005e+02,-7.713695864627628396e+01
4.668755742187499891e+02,-7.593355484795802113e+01
4.668758671875000346e+02,-7.147978490650217509e+01
4.668761601562500232e+02,-7.631582792738561238e+01
4.668764531250000118e+02,-8.273164564294775403e+01
4.668767460937500005e+02,-7.927829883935676492e+01
4.668770390624999891e+02,-8.083088209207105024e+01
4.668773320312500346e+02,-8.789699039354458421e+01
4.668776250000000232e+02,-8.406322091790408990e+01
4.668779179687500118e+02,-7.976540373223626545e+01
4.668782109375000005e+02,-7.109582211678805663e+01
4.668785039062499891e+02,-7.599283403342221277e+01
4.668787968750000346e+02,-8.515025816056623853e+01
4.668790898437500232e+02,-8.353561582513557937e+01
4.668793828125000118e+02,-8.135605179303952639e+01
4.668796757812500005e+02,-8.184692789250181022e+01
4.668799687499999891e+02,-7.527024554032840342e+01
4.668802617187500346e+02,-8.065146092983573567e+01
4.668805546875000232e+02,-7.555646195226724160e+01
4.668808476562500118e+02,-7.889053123896897546e+01
4.668811406250000005e+02,-8.611681788617131872e+01
4.668814335937499891e+02,-8.531372189090515690e+01
4.668817265625000346e+02,-8.069638565749569636e+01
4.668820195312500232e+02,-7.806066503515212673e+01
4.668823125000000118e+02,-7.479727592091334998e+01
4.668826054687500005e+02,-7.348194560441717726e+01
4.668828984374999891e+02,-8.275957762476295443e+01
4.668831914062500346e+02,-7.788356706099364146e+01
4.668834843750000232e+02,-8.473795911275723824e+01
4.668837773437500118e+02,-8.584630414274757015e+01
4.668840703125000005e+02,-8.534378955147701618e+01
4.668843632812499891e+02,-8.099161686127145288e+01
4.668846562500000346e+02,-7.849521534482489926e+01
4.668849492187500232e+02,-7.633002199641526886e+01
4.668852421875000118e+02,-8.197375571208297629e+01
4.668855351562500005e+02,-8.328465974055923482e+01
4.668858281249999891e+02,-7.827517912970377267e+01
4.668861210937500346e+02,-8.367344773242817269e+01
4.668864140625000232e+02,-8.124147265929003936e+01
4.668867070312500118e+02,-8.065012770481249049e+01
4.668870000000000005e+02,-7.811951846519234266e+01
4.668872929687499891e+02,-8.401208561966481625e+01
4.668875859375000346e+02,-9.010497590213255137e+01
4.668878789062500232e+02,-8.418056420630378511e+01
4.668881718750000118e+02,-7.682906674698230631e+01
4.668884648437500005e+02,-7.857490674477477910e+01
4.668887578124999891e+02,-7.895298651516554855e+01
4.668890507812500346e+02,-8.125002731086868835e+01
4.668893437500000232e+02,-7.955493613940647890e+01
4.668896367187500118e+02,-9.064667327845444333e+01
4.668899296875000005e+02,-7.749222146075807416e+01
4.668902226562499891e+02,-8.518269004663406463e+01
4.668905156250000346e+02,-7.849378418282941539e+01
4.668908085937500232e+02,-7.674079061920068057e+01
4.668911015625000118e+02,-7.480304535814998701e+01
4.668913945312500005e+02,-7.742454538436007283e+01
4.668916874999999891e+02,-8.392339967917131105e+01
4.668919804687500346e+02,-8.250213650912320418e+01
4.668922734375000232e+02,-7.546022777763818112e+01
4.668925664062500118e+02,-7.581890802792047168e+01
4.668928593750000005e+02,-8.695853210139785006e+01
4.668931523437499891e+02,-7.962139713663238183e+01
4.668934453125000346e+02,-7.496025679539988573e+01
4.668937382812500232e+02,-7.433625466817122174e+01
4.668940312500000118e+02,-9.466360678197719380e+01
4.668943242187500005e+02,-7.938963192164409577e+01
4.668946171874999891e+02,-8.151494136185151262e+01
4.668949101562500346e+02,-7.542855616955903031e+01
4.668952031250000232e+02,-8.948894708262849917e+01
4.668954960937500118e+02,-8.559933969981996427e+01
4.668957890625000005e+02,-7.605227437868242646e+01
4.668960820312499891e+02,-7.339453609444726112e+01
4.668963750000000346e+02,-8.034136658926087193e+01
4.668966679687500232e+02,-8.425503802012811150e+01
4.668969609375000118e+02,-8.276294273732425211e+01
4.668972539062500005e+02,-8.026111064793332162e+01
4.668975468749999891e+02,-8.210426059144758426e+01
4.668978398437500346e+02,-8.642937122851770937e+01
4.668981328125000232e+02,-8.478771668191085098e+01
4.668984257812500118e+02,-7.570055965469860837e+01
4.668987187500000005e+02,-7.817539014443164547e+01
4.668990117187499891e+02,-8.309067442487875610e+01
4.668993046875000346e+02,-8.437772112795749990e+01
4.668995976562500232e+02,-8.569955724109169637e+01
4.668998906250000118e+02,-9.926613606572674087e+01
4.669001835937500005e+02,-8.123631011763018250e+01
4.669004765624999891e+02,-7.752325597613135244e+01
4.669007695312500346e+02,-8.443205922071635428e+01
4.669010625000000232e+02,-8.135187109075324940e+01
4.669013554687500118e+02,-8.878440676205842408e+01
4.669016484375000005e+02,-8.318981669603800810e+01
4.669019414062499891e+02,-7.902111866282379538e+01
4.669022343750000346e+02,-7.815439067701461795e+01
4.669025273437500232e+02,-8.639401693547765149e+01
4.669028203125000118e+02,-7.415829396263319495e+01
4.669031132812500005e+02,-8.110002720020759170e+01
4.669034062499999891e+02,-8.011116388274862743e+01
4.669036992187500346e+02,-9.463200542852312935e+01
4.669039921875000232e+02,-8.321178611251163204e+01
4.669042851562500118e+02,-7.951779758562538802e+01
4.669045781250000005e+02,-7.338459970794998810e+01
4.669048710937499891e+02,-8.182971311686554827e+01
4.669051640625000346e+02,-7.617760049022975011e+01
4.669054570312500232e+02,-7.672502948328013872e+01
4.669057500000000118e+02,-8.312327772707858742e+01
4.669060429687500005e+02,-8.938624771118965384e+01
4.669063359374999891e+02,-8.194098369799547754e+01
4.669066289062500346e+02,-8.657145937356560239e+01
4.669069218750000232e+02,-7.413578877578473225e+01
4.669072148437500118e+02,-7.906671855331462950e+01
4.669075078125000005e+02,-8.015884895931003484e+01
4.669078007812499891e+02,-7.637655073534050132e+01
4.669080937500000346e+02,-8.501356992675104607e+01
4.669083867187500232e+02,-8.048396170229567304e+01
4.669086796875000118e+02,-7.644448140723420693e+01
4.669089726562500005e+02,-8.156909921073804526e+01
4.669092656249999891e+02,-7.746170242817143503e+01
4.669095585937500346e+02,-7.732347151022881349e+01
4.669098515625000232e+02,-9.317318925634842230e+01
4.669101445312500118e+02,-8.026933251489948873e+01
4.669104375000000005e+02,-8.114948759181191917e+01
4.669107304687499891e+02,-8.879725605171734060e+01
4.669110234375000346e+02,-7.724823110206784804e+01
4.669113164062500232e+02,-7.561903228113028774e+01
4.669116093750000118e+02,-8.668207196722548247e+01
4.669119023437500005e+02,-7.631643675241508618e+01
4.669121953124999891e+02,-8.433031250162500214e+01
4.669124882812500346e+02,-8.197556146020201595e+01
4.669127812500000232e+02,-7.333376604120293507e+01
4.669130742187500118e+02,-7.909285302642827276e+01
4.669133671875000005e+02,-7.819687617521127265e+01
4.669136601562499891e+02,-7.280527668519577844e+01
4.669139531250000346e+02,-7.579984556140902896e+01
4.669142460937500232e+02,-7.967923318868821525e+01
4.669145390625000118e+02,-8.555078748351370166e+01
4.669148320312500005e+02,-9.590266886928984036e+01
4.669151249999999891e+02,-7.334769170862000465e+01
4.669154179687500346e+02,-7.300648297117756158e+01
4.669157109375000232e+02,-8.153218640986951016e+01
4.669160039062500118e+02,-7.489725940815185368e+01
4.669162968750000005e+02,-7.290064384240167783e+01
4.669165898437499891e+02,-7.474616626647028284e+01
4.669168828125000346e+02,-8.108648368030424081e+01
4.669171757812500232e+02,-8.391847626103512425e+01
4.669174687500000118e+02,-8.282895751310277888e+01
4.669177617187500005e+02,-7.383998833761535252e+01
4.669180546874999891e+02,-8.520713373828945691e+01
4.669183476562500346e+02,-7.933036213598731479e+01
4.669186406250000232e+02,-7.568786438952975004e+01
4.669189335937500118e+02,-7.375338529952901467e+01
4.669192265625000005e+02,-7.727810826967737512e+01
4.669195195312499891e+02,-8.513057584311427206e+01
4.669198125000000346e+02,-9.209333942367732107e+01
4.669201054687500232e+02,-7.921805258716860010e+01
4.669203984375000118e+02,-8.330741631030778649e+01
4.669206914062500005e+02,-7.830114036332902572e+01
4.669209843749999891e+02,-7.781770926514796827e+01
4.669212773437500346e+02,-7.614289607056419129e+01
4.669215703125000232e+02,-7.635924685112725285e+01
4.669218632812500118e+02,-8.364259481747134828e+01
4.669221562500000005e+02,-7.989913698241109330e+01
4.669224492187499891e+02,-8.177047651417126417e+01
4.669227421875000346e+02,-8.560983762001009723e+01
4.669230351562500232e+02,-7.440324170290551820e+01
4.669233281250000118e+02,-7.579160736388368491e+01
4.669236210937500005e+02,-8.067008413954573598e+01
4.669239140624999891e+02,-8.201148093169081221e+01
4.669242070312500346e+02,-8.867492909890285091e+01
4.669245000000000232e+02,-7.914698816513917734e+01
4.669247929687500118e+02,-7.665788876073033009e+01
4.669250859375000005e+02,-7.792454166326899667e+01
4.669253789062499891e+02,-7.455226270510844699e+01
4.669256718750000346e+02,-7.540210343111893110e+01
4.669259648437500232e+02,-8.082846736268599841e+01
4.669262578125000118e+02,-8.605825825720896205e+01
4.669265507812500005e+02,-8.576559472654409433e+01
4.669268437499999891e+02,-8.727425994245774632e+01
4.669271367187500346e+02,-7.686008036933586141e+01
4.669274296875000232e+02,-7.511634489543641280e+01
4.669277226562500118e+02,-7.603107576859275696e+01
4.669280156250000005e+02,-7.427316032960078473e+01
4.669283085937499891e+02,-7.877079050034798513e+01
4.669286015625000346e+02,-8.659698765043782487e+01
4.669288945312500232e+02,-8.221334408726985998e+01
4.669291875000000118e+02,-8.333198376598190293e+01
4.669294804687500005e+02,-7.977811371560930809e+01
4.669297734374999891e+02,-7.464114966349197289e+01
4.669300664062500346e+02,-7.664462777037373087e+01
4.669303593750000232e+02,-7.847507561550411026e+01
4.669306523437500118e+02,-8.033279558597685366e+01
4.669309453125000005e+02,-8.191777572741914071e+01
4.669312382812499891e+02,-8.724968806420352507e+01
4.669315312500000346e+02,-8.006603885002475351e+01
4.669318242187500232e+02,-9.564434349064141827e+01
4.669321171875000118e+02,-7.838752106297624778e+01
4.669324101562500005e+02,-7.908240173554494845e+01
4.669327031249999891e+02,-8.956478195982563761e+01
4.669329960937500346e+02,-1.009032564029778598e+02
4.669332890625000232e+02,-8.524501958786734690e+01
4.669335820312500118e+02,-8.580398606651851878e+01
4.669338750000000005e+02,-8.452019517222166201e+01
4.669341679687499891e+02,-8.445239737047725725e+01
4.669344609375000346e+02,-9.197810760217458892e+01
4.669347539062500232e+02,-8.200140206140302723e+01
4.669350468750000118e+02,-7.846713753672401026e+01
4.669353398437500005e+02,-7.886196914811017677e+01
4.669356328124999891e+02,-8.316331101484094290e+01
4.669359257812500346e+02,-8.047622163473904777e+01
4.669362187500000232e+02,-7.950966494610040058e+01
4.669365117187500118e+02,-8.772605165144054240e+01
4.669368046875000005e+02,-9.068146572450928034e+01
4.669370976562499891e+02,-8.855343245049367340e+01
4.669373906250000346e+02,-8.621918483214599860e+01
4.669376835937500232e+02,-7.777815779741665381e+01
4.669379765625000118e+02,-7.607337038946081975e+01
4.669382695312500005e+02,-8.319028970518756694e+01
4.669385624999999891e+02,-7.633391181403675319e+01
4.669388554687500346e+02,-7.919441428506860348e+01
4.669391484375000232e+02,-9.319059274008682792e+01
4.669394414062500118e+02,-8.301150362909291403e+01
4.669397343750000005e+02,-9.423548345824758599e+01
4.669400273437499891e+02,-8.611418544355139204e+01
4.669403203125000346e+02,-7.498241158838405340e+01
4.669406132812500232e+02,-7.522181675418229929e+01
4.669409062500000118e+02,-8.113708967278456896e+01
4.669411992187500005e+02,-7.398482027759548885e+01
4.669414921874999891e+02,-8.361875171370277826e+01
4.669417851562500346e+02,-8.008529236017592723e+01
4.669420781250000232e+02,-8.644394703002186020e+01
4.669423710937500118e+02,-8.267541647378999414e+01
4.669426640625000005e+02,-8.668172590420161328e+01
4.669429570312499891e+02,-7.457547577746250056e+01
4.669432500000000346e+02,-9.405766540709954882e+01
4.669435429687500232e+02,-7.491701392931916814e+01
4.669438359375000118e+02,-7.638177753976736994e+01
4.669441289062500005e+02,-8.910652128767493707e+01
4.669444218749999891e+02,-7.842942674431641592e+01
4.669447148437500346e+02,-8.086937267713665278e+01
4.669450078125000232e+02,-7.819096192140345636e+01
4.669453007812500118e+02,-8.292691182345200218e+01
4.669455937500000005e+02,-8.673311392379775953e+01
4.669458867187499891e+02,-7.716362307769826145e+01
4.669461796875000346e+02,-7.440193000368147125e+01
4.669464726562500232e+02,-8.193233646384678082e+01
4.669467656250000118e+02,-7.701096318034970523e+01
4.669470585937500005e+02,-7.621297016467445928e+01
4.669473515624999891e+02,-7.640578194958503389e+01
4.669476445312500346e+02,-9.843881306937247189e+01
4.669479375000000232e+02,-7.970780161178466017e+01
4.669482304687500118e+02,-9.022164231361023212e+01
4.669485234375000005e+02,-7.898403433907623139e+01
4.669488164062499891e+02,-8.219307963858454968e+01
4.669491093750000346e+02,-8.233332149852601844e+01
4.669494023437500232e+02,-7.451641240500124752e+01
4.669496953125000118e+02,-7.634087638728765057e+01
4.669499882812500005e+02,-7.943837022907985101e+01
4.669502812499999891e+02,-8.446674869764365212e+01
4.669505742187500346e+02,-8.242672406774900651e+01
4.669508671875000232e+02,-8.531544909017608802e+01
4.669511601562500118e+02,-8.659028357102592111e+01
4.669514531250000005e+02,-8.713840402822491171e+01
4.669517460937499891e+02,-7.466014532939060189e+01
4.669520390625000346e+02,-7.453982211576514771e+01
4.669523320312500232e+02,-8.026427738366899689e+01
4.669526250000000118e+02,-9.421704594916153042e+01
4.669529179687500005e+02,-7.923780158822106046e+01
4.669532109374999891e+02,-7.529125732235389989e+01
4.669535039062500346e+02,-8.042104845359268950e+01
4.669537968750000232e+02,-8.292675967503211609e+01
4.669540898437500118e+02,-7.964424027750180812e+01
4.669543828125000005e+02,-7.561875494191694713e+01
4.669546757812499891e+02,-8.351480146638311908e+01
4.669549687500000346e+02,-9.484771084853687739e+01
4.669552617187500232e+02,-7.992146177201814794e+01
4.669555546875000118e+02,-7.224290225341101745e+01
4.669558476562500005e+02,-7.338506334413244758e+01
4.669561406249999891e+02,-7.590786638070427728e+01
4.669564335937500346e+02,-8.868155187411657892e+01
4.669567265625000232e+02,-7.789632437732856829e+01
4.669570195312500118e+02,-8.605463170962225661e+01
4.669573125000000005e+02,-8.688734120036480135e+01
4.669576054687499891e+02,-8.447502204454613661e+01
4.669578984375000346e+02,-7.188335015518526916e+01
4.669581914062500232e+02,-7.117126590756585358e+01
4.669584843750000118e+02,-7.245228257203382327e+01
4.669587773437500005e+02,-7.636012855526705323e+01
4.669590703124999891e+02,-8.301340749113097672e+01
4.669593632812500346e+02,-7.812813369201043656e+01
4.669596562500000232e+02,-9.735790842376731291e+01
4.669599492187500118e+02,-8.556234829320078461e+01
4.669602421875000005e+02,-7.555294356777507403e+01
4.669605351562499891e+02,-7.313334504184163620e+01
4.669608281250000346e+02,-7.430968335796299584e+01
4.669611210937500232e+02,-7.380365199382106312e+01
4.669614140625000118e+02,-8.426981422188035253e+01
4.669617070312500005e+02,-7.849900267379896945e+01
4.669619999999999891e+02,-8.225955683357666715e+01
4.669622929687500346e+02,-8.452796672417832724e+01
4.669625859375000232e+02,-8.009741289115611096e+01
4.669628789062500118e+02,-7.616385591653359199e+01
4.669631718750000005e+02,-7.935401434830710343e+01
4.669634648437499891e+02,-7.415115979983393402e+01
4.669637578125000346e+02,-7.459248070036348111e+01
4.669640507812500232e+02,-9.125765830495609521e+01
4.669643437500000118e+02,-7.724710830542002782e+01
4.669646367187500005e+02,-8.837573545846915124e+01
4.669649296874999891e+02,-8.164506019274197968e+01
4.669652226562500346e+02,-8.371754028521969815e+01
4.669655156250000232e+02,-8.178165020579592692e+01
4.669658085937500118e+02,-8.679879125410677432e+01
4.669661015625000005e+02,-7.501613383239347854e+01
4.669663945312499891e+02,-7.834287777148254861e+01
4.669666875000000346e+02,-8.195894720343196127e+01
4.669669804687500232e+02,-8.964069132038680721e+01
4.669672734375000118e+02,-7.780128740065423187e+01
4.669675664062500005e+02,-8.003715339555236596e+01
4.669678593749999891e+02,-8.144624348616346765e+01
4.669681523437500346e+02,-8.209114509185189945e+01
4.669684453125000232e+02,-8.131109541101137950e+01
4.669687382812500118e+02,-7.598363423511437986e+01
4.669690312500000005e+02,-7.858197752123743385e+01
4.669693242187499891e+02,-8.592057651542251051e+01
4.669696171875000346e+02,-7.864668767306572761e+01
4.669699101562500232e+02,-7.773660053290375060e+01
4.669702031250000118e+02,-8.582747021264887621e+01
4.669704960937500005e+02,-8.153420416300454576e+01
4.669707890624999891e+02,-9.032296549087092785e+01
4.669710820312500346e+02,-8.042296859279298360e+01
4.669713750000000232e+02,-7.740898050048507173e+01
4.669716679687500118e+02,-8.130606746253224060e+01
4.669719609375000005e+02,-8.403239190062642194e+01
4.669722539062499891e+02,-7.625695081959692345e+01
4.669725468750000346e+02,-8.040947181061447679e+01
4.669728398437500232e+02,-8.506922498500779284e+01
4.669731328125000118e+02,-8.407374882701662955e+01
4.669734257812500005e+02,-8.678795227906574894e+01
4.669737187499999891e+02,-8.283289032702248278e+01
4.669740117187500346e+02,-8.164087847845598844e+01
4.669743046875000232e+02,-8.510675231383638106e+01
4.669745976562500118e+02,-8.352816039331300146e+01
4.669748906250000005e+02,-7.860598050663428182e+01
4.669751835937499891e+02,-7.670703876340802196e+01
4.669754765625000346e+02,-8.664232671375641814e+01
4.669757695312500232e+02,-8.224797220311737078e+01
4.669760625000000118e+02,-8.743083819234171017e+01
4.669763554687500005e+02,-7.790811561703525001e+01
4.669766484374999891e+02,-7.655044877213674681e+01
4.669769414062500346e+02,-8.497443844201339402e+01
4.669772343750000232e+02,-8.181330057189609306e+01
4.669775273437500118e+02,-7.450400733036950385e+01
4.669778203125000005e+02,-7.872781770523889122e+01
4.669781132812499891e+02,-8.444830741289565879e+01
4.669784062500000346e+02,-7.933175272480811202e+01
4.669786992187500232e+02,-7.645133359214422342e+01
4.669789921875000118e+02,-7.538781511169696614e+01
4.669792851562500005e+02,-8.743308631534495134e+01
4.669795781249999891e+02,-7.917235060485145937e+01
4.669798710937500346e+02,-7.955366528073032839e+01
4.669801640625000232e+02,-7.727175388446950421e+01
4.669804570312500118e+02,-9.993865207865326283e+01
4.669807500000000005e+02,-7.777781512048873935e+01
4.669810429687499891e+02,-7.837775211628625982e+01
4.669813359375000346e+02,-7.302911447721187699e+01
4.669816289062500232e+02,-9.180430019634914629e+01
4.669819218750000118e+02,-7.453221754351274342e+01
4.669822148437500005e+02,-7.756616315144344753e+01
4.669825078124999891e+02,-8.219112011157537268e+01
4.669828007812500346e+02,-9.499542103859153030e+01
4.669830937500000232e+02,-7.888932127140365935e+01
4.669833867187500118e+02,-8.202840681405417911e+01
4.669836796875000005e+02,-7.238431461345221862e+01
4.669839726562499891e+02,-7.869436576933222227e+01
4.669842656250000346e+02,-7.828840507819484174e+01
4.669845585937500232e+02,-7.216038632886490234e+01
4.669848515625000118e+02,-7.901935389995210812e+01
4.669851445312500005e+02,-8.463017281462241215e+01
4.669854374999999891e+02,-7.731635958748385917e+01
4.669857304687500346e+02,-8.452978900693294406e+01
4.669860234375000232e+02,-7.699235739819863511e+01
4.669863164062500118e+02,-7.731394540306361307e+01
4.669866093750000005e+02,-8.901675476390215636e+01
4.669869023437499891e+02,-7.344810927653988131e+01
4.669871953125000346e+02,-7.079385962626689377e+01
4.669874882812500232e+02,-7.412709558778983876e+01
4.669877812500000118e+02,-7.351095506911423172e+01
4.669880742187500005e+02,-7.847963420968194725e+01
4.669883671874999891e+02,-8.941783269456807659e+01
4.669886601562500346e+02,-9.026929344767637531e+01
4.669889531250000232e+02,-8.806326047085892128e+01
4.669892460937500118e+02,-7.950145372086470275e+01
4.669895390625000005e+02,-7.146111419690733157e+01
4.669898320312499891e+02,-7.218607759889678732e+01
4.669901250000000346e+02,-7.523082436268724393e+01
4.669904179687500232e+02,-8.038850499745420564e+01
4.669907109375000118e+02,-8.882322214118784132e+01
4.669910039062500005e+02,-8.935298299214521478e+01
4.669912968749999891e+02,-8.552660285432411058e+01
4.669915898437500346e+02,-8.614460655102004694e+01
4.669918828125000232e+02,-7.816312782949340487e+01
4.669921757812500118e+02,-7.305492750371706734e+01
4.669924687500000005e+02,-7.595014196418769359e+01
4.669927617187499891e+02,-8.235758261276863834e+01
4.669930546875000346e+02,-9.702169158984995079e+01
4.669933476562500232e+02,-7.970576530794282633e+01
4.669936406250000118e+02,-8.307900681626011874e+01
4.669939335937500005e+02,-8.145452671426086511e+01
4.669942265624999891e+02,-7.905667644858230858e+01
4.669945195312500346e+02,-7.717947116169179367e+01
4.669948125000000232e+02,-7.491153362539557747e+01
4.669951054687500118e+02,-8.283150370234150728e+01
4.669953984375000005e+02,-8.145191227665536360e+01
4.669956914062499891e+02,-8.050368566050602226e+01
4.669959843750000346e+02,-7.806802796132438971e+01
4.669962773437500232e+02,-7.711060859041563731e+01
4.669965703125000118e+02,-7.334718843573391212e+01
4.669968632812500005e+02,-8.090668017221652519e+01
4.669971562499999891e+02,-7.613012406207106153e+01
4.669974492187500346e+02,-7.688791366408592864e+01
4.669977421875000232e+02,-7.604977261623292861e+01
4.669980351562500118e+02,-7.777804966366339556e+01
4.669983281250000005e+02,-7.760266753068889045e+01
4.669986210937499891e+02,-7.641661322263411193e+01
4.669989140625000346e+02,-7.345230162485452752e+01
4.669992070312500232e+02,-7.344942612625060008e+01
4.669995000000000118e+02,-8.033213320674163072e+01
4.669997929687500005e+02,-7.471984796486626124e+01
4.670000859374999891e+02,-7.392187123059873954e+01
4.670003789062500346e+02,-7.436667321970834621e+01
4.670006718750000232e+02,-7.786187744575468628e+01
4.670009648437500118e+02,-7.347451526349934170e+01
4.670012578125000005e+02,-7.463503761090304067e+01
4.670015507812499891e+02,-7.320358696290074363e+01
4.670018437500000346e+02,-7.894743341045709428e+01
4.670021367187500232e+02,-7.532868782090764626e+01
4.670024296875000118e+02,-7.461398862609166827e+01
4.670027226562500005e+02,-7.148496843258305944e+01
4.670030156249999891e+02,-7.633559345674497365e+01
4.670033085937500346e+02,-7.553864612052717575e+01
4.670036015625000232e+02,-7.728536549601327010e+01
4.670038945312500118e+02,-7.794079996784620334e+01
4.670041875000000005e+02,-7.789042961193106862e+01
4.670044804687499891e+02,-7.923521024663784829e+01
4.670047734375000346e+02,-7.667027189979620516e+01
4.670050664062500232e+02,-7.153801534488408720e+01
4.670053593750000118e+02,-7.370669257309040745e+01
4.670056523437500005e+02,-8.124025335041808660e+01
4.670059453124999891e+02,-7.907180464565811917e+01
4.670062382812500346e+02,-8.257713982306495382e+01
4.670065312500000232e+02,-8.252396641836632796e+01
4.670068242187500118e+02,-8.899537526232865048e+01
4.670071171875000005e+02,-8.719849410346712659e+01
4.670074101562499891e+02,-7.607599892380309825e+01
4.670077031250000346e+02,-7.266330440264287915e+01
4.670079960937500232e+02,-7.992815356546914529e+01
4.670082890625000118e+02,-8.026921038150288723e+01
4.670085820312500005e+02,-8.506774323808079430e+01
4.670088749999999891e+02,-8.545906108783933064e+01
4.670091679687500346e+02,-8.713716512807367565e+01
4.670094609375000232e+02,-8.050021029219452373e+01
4.670097539062500118e+02,-8.114724244677731235e+01
4.670100468750000005e+02,-7.299897343667994676e+01
4.670103398437499891e+02,-7.588749613888802514e+01
4.670106328125000346e+02,-7.952583089253448634e+01
4.670109257812500232e+02,-7.793371432206645011e+01
4.670112187500000118e+02,-7.785929948884987084e+01
4.670115117187500005e+02,-7.608135472987642345e+01
4.670118046874999891e+02,-7.691679553833489535e+01
4.670120976562500346e+02,-7.910479572599679443e+01
4.670123906250000232e+02,-7.590869986679643944e+01
4.670126835937500118e+02,-7.435025293603555951e+01
4.670129765625000005e+02,-8.398754466208939107e+01
4.670132695312499891e+02,-7.907465354979470362e+01
4.670135625000000346e+02,-7.975903462988956960e+01
4.670138554687500232e+02,-7.533167498609272172e+01
4.670141484375000118e+02,-7.607377963839537927e+01
4.670144414062500005e+02,-7.909213169766911733e+01
4.670147343749999891e+02,-8.144039114851430838e+01
4.670150273437500346e+02,-7.341789227049359567e+01
4.670153203125000232e+02,-7.719707830703907803e+01
4.670156132812500118e+02,-8.494660219164387627e+01
4.670159062500000005e+02,-9.257745685146893777e+01
4.670161992187499891e+02,-7.916553856004433953e+01
4.670164921875000346e+02,-7.406706932671264099e+01
4.670167851562500232e+02,-7.658068973093944010e+01
4.670170781250000118e+02,-8.405083880826948928e+01
4.670173710937500005e+02,-7.860540479286656534e+01
4.670176640624999891e+02,-7.803732633314682232e+01
4.670179570312500346e+02,-8.630354106712178464e+01
4.670182500000000232e+02,-8.774757648918986774e+01
4.670185429687500118e+02,-8.309436122648138223e+01
4.670188359375000005e+02,-8.219808258742534690e+01
4.670191289062499891e+02,-7.912704152970603388e+01
4.670194218750000346e+02,-8.858052330725122658e+01
4.670197148437500232e+02,-8.813904886190326238e+01
4.670200078125000118e+02,-7.774035366293763616e+01
4.670203007812500005e+02,-8.259253580231460035e+01
4.670205937499999891e+02,-8.127632925744592285e+01
4.670208867187500346e+02,-7.719104083598536192e+01
4.670211796875000232e+02,-7.860554504928116160e+01
4.670214726562500118e+02,-8.901287904626066450e+01
4.670217656250000005e+02,-8.750045929908048947e+01
4.670220585937499891e+02,-9.498589491256535666e+01
4.670223515625000346e+02,-8.262980942812846763e+01
4.670226445312500232e+02,-8.399709161340848596e+01
4.670229375000000118e+02,-7.935582572915643595e+01
4.670232304687500005e+02,-8.418726936124542704e+01
4.670235234374999891e+02,-7.573301850020033044e+01
4.670238164062500346e+02,-8.668687456214435372e+01
4.670241093750000232e+02,-9.802136071148427732e+01
4.670244023437500118e+02,-8.501146708794755114e+01
4.670246953125000005e+02,-7.431918514024816602e+01
4.670249882812499891e+02,-7.720003066951532844e+01
4.670252812500000346e+02,-7.843940115606886820e+01
4.670255742187500232e+02,-8.540317813118761592e+01
4.670258671875000118e+02,-8.108861916728028518e+01
4.670261601562500005e+02,-8.319567832763880233e+01
4.670264531249999891e+02,-8.557582655885184408e+01
4.670267460937500346e+02,-8.823970087327262490e+01
4.670270390625000232e+02,-7.220609149785074976e+01
4.670273320312500118e+02,-7.248554489756810426e+01
4.670276250000000005e+02,-8.022819532782234830e+01
4.670279179687499891e+02,-8.013383445417642292e+01
4.670282109375000346e+02,-8.531204391851315449e+01
4.670285039062500232e+02,-8.433097934671714313e+01
4.670287968750000118e+02,-8.027052396425033010e+01
4.670290898437500005e+02,-7.925537291459446010e+01
4.670293828124999891e+02,-7.086412027859122986e+01
4.670296757812500346e+02,-6.867680710301034708e+01
4.670299687500000232e+02,-7.963032769362280305e+01
4.670302617187500118e+02,-7.970291322292850111e+01
4.670305546875000005e+02,-7.900524734371100521e+01
4.670308476562499891e+02,-7.862023777977523764e+01
4.670311406250000346e+02,-9.183803187212005525e+01
4.670314335937500232e+02,-8.047680408819694264e+01
4.670317265625000118e+02,-7.334182597823269134e+01
4.670320195312500005e+02,-6.866301653469554367e+01
4.670323124999999891e+02,-7.348519366750767290e+01
4.670326054687500346e+02,-8.943862860108417578e+01
4.670328984375000232e+02,-7.870792449789442458e+01
4.670331914062500118e+02,-7.506648035127936680e+01
4.670334843750000005e+02,-7.917093656428355075e+01
4.670337773437499891e+02,-8.805857081356398908e+01
4.670340703125000346e+02,-7.537637956442792131e+01
4.670343632812500232e+02,-7.006488837842837825e+01
4.670346562500000118e+02,-7.077069085427767448e+01
4.670349492187500005e+02,-7.443492641448730751e+01
4.670352421874999891e+02,-8.592342337729746760e+01
4.670355351562500346e+02,-8.058951834320157559e+01
4.670358281250000232e+02,-7.534108636169098361e+01
4.670361210937500118e+02,-8.458102581389778152e+01
4.670364140625000005e+02,-7.842319181223125213e+01
4.670367070312499891e+02,-7.681512648464533299e+01
4.670370000000000346e+02,-7.567932803409638609e+01
4.670372929687500232e+02,-7.371127305418241349e+01
4.670375859375000118e+02,-7.674847330923630295e+01
4.670378789062500005e+02,-8.327448078821004174e+01
4.670381718749999891e+02,-7.892244833961872530e+01
4.670384648437500346e+02,-7.792204002151802911e+01
4.670387578125000232e+02,-8.386260876322397451e+01
4.670390507812500118e+02,-8.122855462848271202e+01
4.670393437500000005e+02,-8.443921398091521269e+01
4.670396367187499891e+02,-7.659172789937714754e+01
4.670399296875000346e+02,-7.501986862888934127e+01
4.670402226562500232e+02,-8.095226928397813992e+01
4.670405156250000118e+02,-8.512999716191744426e+01
4.670408085937500005e+02,-7.454386539415881430e+01
4.670411015624999891e+02,-7.896489196980169822e+01
4.670413945312500346e+02,-8.179469504406561953e+01
4.670416875000000232e+02,-7.842255554521415206e+01
4.670419804687500118e+02,-7.713330840171100533e+01
4.670422734375000005e+02,-7.489316994694337382e+01
4.670425664062499891e+02,-7.589782468562657414e+01
4.670428593750000346e+02,-8.856615379148320244e+01
4.670431523437500232e+02,-7.886214235742981771e+01
4.670434453125000118e+02,-7.678432808182296299e+01
4.670437382812500005e+02,-8.097627303216702899e+01
4.670440312499999891e+02,-8.092930182409303086e+01
4.670443242187500346e+02,-7.400791125443498686e+01
4.670446171875000232e+02,-7.684768703095892306e+01
4.670449101562500118e+02,-7.736506301918933559e+01
4.670452031250000005e+02,-8.926403087704360928e+01
4.670454960937499891e+02,-8.038806842516903828e+01
4.670457890625000346e+02,-7.379567089233988497e+01
4.670460820312500232e+02,-7.921809689114087405e+01
4.670463750000000118e+02,-8.206606614294355495e+01
4.670466679687500005e+02,-7.652050868732432320e+01
4.670469609374999891e+02,-8.177236200464422211e+01
4.670472539062500346e+02,-7.996645489013877750e+01
4.670475468750000232e+02,-8.113598931241268986e+01
4.670478398437500118e+02,-8.275288130003049503e+01
4.670481328125000005e+02,-7.598995349652025766e+01
4.670484257812499891e+02,-7.871196472696131252e+01
4.670487187500000346e+02,-8.428855317178930306e+01
4.670490117187500232e+02,-8.229121308835176762e+01
4.670493046875000118e+02,-7.890756852532308585e+01
4.670495976562500005e+02,-8.174731901847110294e+01
4.670498906249999891e+02,-8.249553608393662785e+01
4.670501835937500346e+02,-8.165082998935221781e+01
4.670504765625000232e+02,-7.721676513828997201e+01
4.670507695312500118e+02,-7.901268871370106694e+01
4.670510625000000005e+02,-8.504649672886671397e+01
4.670513554687499891e+02,-9.597922661674834899e+01
4.670516484375000346e+02,-7.900991780235771955e+01
4.670519414062500232e+02,-7.718925756452546239e+01
4.670522343750000118e+02,-8.130508512546236943e+01
4.670525273437500005e+02,-8.092026290792901477e+01
4.670528203124999891e+02,-7.775246887099294213e+01
4.670531132812500346e+02,-8.138382179158105600e+01
4.670534062500000232e+02,-8.374572297399413401e+01
4.670536992187500118e+02,-8.691262336906332564e+01
4.670539921875000005e+02,-7.879657238297886579e+01
4.670542851562499891e+02,-7.519480697926354651e+01
4.670545781250000346e+02,-8.102494955077146699e+01
4.670548710937500232e+02,-8.091626775036414188e+01
4.670551640625000118e+02,-7.807780709555336784e+01
4.670554570312500005e+02,-8.394815701455874546e+01
4.670557499999999891e+02,-8.670198515147609442e+01
4.670560429687500346e+02,-8.479457378382646482e+01
4.670563359375000232e+02,-7.896937230646149430e+01
4.670566289062500118e+02,-7.348139009912301844e+01
4.670569218750000005e+02,-7.630338043199938625e+01
4.670572148437499891e+02,-7.783234057849183785e+01
4.670575078125000346e+02,-7.568967022978861792e+01
4.670578007812500232e+02,-8.285188199886746929e+01
4.670580937500000118e+02,-8.198394091877969458e+01
4.670583867187500005e+02,-8.860182228598047516e+01
4.670586796874999891e+02,-8.000457543469622124e+01
4.670589726562500346e+02,-7.511852856894765296e+01
4.670592656250000232e+02,-8.042079589368954373e+01
4.670595585937500118e+02,-8.487996318148992714e+01
4.670598515625000005e+02,-7.809209788435421729e+01
4.670601445312499891e+02,-7.892541039289174876e+01
4.670604375000000346e+02,-8.141955447458374806e+01
4.670607304687500232e+02,-8.154791522647754221e+01
4.670610234375000118e+02,-8.200086262527952385e+01
4.670613164062500005e+02,-7.550414552584044259e+01
4.670616093749999891e+02,-7.654844547255447651e+01
4.670619023437500346e+02,-8.495030614869725127e+01
4.670621953125000232e+02,-8.097806102906500314e+01
4.670624882812500118e+02,-7.965304583763727919e+01
4.670627812500000005e+02,-8.448862530860786535e+01
4.670630742187499891e+02,-7.874973858065318666e+01
4.670633671875000346e+02,-7.937610462643777964e+01
4.670636601562500232e+02,-7.849977754821361486e+01
4.670639531250000118e+02,-7.763568466956581915e+01
4.670642460937500005e+02,-8.014103097599820558e+01
4.670645390624999891e+02,-9.462543501159478865e+01
4.670648320312500346e+02,-8.525680016562526475e+01
4.670651250000000232e+02,-8.221822428369499391e+01
4.670654179687500118e+02,-8.303382188434949285e+01
4.670657109375000005e+02,-7.811917824939988009e+01
4.670660039062499891e+02,-8.966513273826186037e+01
4.670662968750000346e+02,-7.963188905485307600e+01
4.670665898437500232e+02,-7.484615253285249992e+01
4.670668828125000118e+02,-7.950639464345000818e+01
4.670671757812500005e+02,-8.455965426521274253e+01
4.670674687499999891e+02,-7.435455754696504016e+01
4.670677617187500346e+02,-8.414638883221715560e+01
4.670680546875000232e+02,-7.808132016934763442e+01
4.670683476562500118e+02,-8.648618627998956754e+01
4.670686406250000005e+02,-7.854311322455387767e+01
4.670689335937499891e+02,-7.282314096713905371e+01
4.670692265625000346e+02,-7.576622614347525086e+01
4.670695195312500232e+02,-7.926807722977608250e+01
4.670698125000000118e+02,-7.262248182637601701e+01
4.670701054687500005e+02,-7.549510167667439475e+01
4.670703984374999891e+02,-8.383411402496554388e+01
4.670706914062500346e+02,-8.859082269329076098e+01
4.670709843750000232e+02,-7.786096690265981124e+01
4.670712773437500118e+02,-7.300596797891491008e+01
4.670715703125000005e+02,-7.634731281728781482e+01
4.670718632812499891e+02,-7.793426979740254978e+01
4.670721562500000346e+02,-7.319487147961591234e+01
4.670724492187500232e+02,-7.283765966469317732e+01
4.670727421875000118e+02,-8.140393618297170519e+01
4.670730351562500005e+02,-8.832152884726693287e+01
4.670733281249999891e+02,-7.700448598730031335e+01
4.670736210937500346e+02,-7.303588450205951688e+01
4.670739140625000232e+02,-7.565075940489690254e+01
4.670742070312500118e+02,-7.771731904756323672e+01
4.670745000000000005e+02,-7.234027270787143493e+01
4.670747929687499891e+02,-7.301666012415796558e+01
4.670750859375000346e+02,-7.937810978651279470e+01
4.670753789062500232e+02,-9.830379876436526843e+01
4.670756718750000118e+02,-8.012503611284977012e+01
4.670759648437500005e+02,-7.508011482649899904e+01
4.670762578124999891e+02,-7.438347890831528275e+01
4.670765507812500346e+02,-7.588222622085937985e+01
4.670768437500000232e+02,-7.500501645357503833e+01
4.670771367187500118e+02,-7.612028740055342269e+01
4.670774296875000005e+02,-8.831704001645104540e+01
4.670777226562499891e+02,-8.671902621556021984e+01
4.670780156250000346e+02,-8.470691663988411335e+01
4.670783085937500232e+02,-7.912709335867451443e+01
4.670786015625000118e+02,-7.698555693593885962e+01
4.670788945312500005e+02,-7.352041626124895402e+01
4.670791874999999891e+02,-7.200973074780614525e+01
4.670794804687500346e+02,-7.733519524476619722e+01
4.670797734375000232e+02,-8.264322410767184124e+01
4.670800664062500118e+02,-8.924346873745442110e+01
4.670803593750000005e+02,-9.006293873868443711e+01
4.670806523437499891e+02,-8.868032517920759972e+01
4.670809453125000346e+02,-1.024500512404110708e+02
4.670812382812500232e+02,-7.687907763193679500e+01
4.670815312500000118e+02,-7.132836566210696105e+01
4.670818242187500005e+02,-7.768859543038681181e+01
4.670821171874999891e+02,-8.157352560336050828e+01
4.670824101562500346e+02,-8.782056461155804072e+01
4.670827031250000232e+02,-8.108355259552450889e+01
4.670829960937500118e+02,-8.737947919408355801e+01
4.670832890625000005e+02,-8.283238161032380731e+01
4.670835820312499891e+02,-7.913810839958580345e+01
4.670838750000000346e+02,-7.058499914974105138e+01
4.670841679687500232e+02,-7.455041745483171667e+01
4.670844609375000118e+02,-8.835412975774822542e+01
4.670847539062500005e+02,-8.184112989240071556e+01
4.670850468749999891e+02,-8.515845404287111364e+01
4.670853398437500346e+02,-8.785496171844910407e+01
4.670856328125000232e+02,-7.773760324251168186e+01
4.670859257812500118e+02,-7.546905611171345640e+01
4.670862187500000005e+02,-7.266257233686475558e+01
4.670865117187499891e+02,-7.477079669561359765e+01
4.670868046875000346e+02,-8.276745212233420546e+01
4.670870976562500232e+02,-7.783142515959319496e+01
4.670873906250000118e+02,-7.586097757912733641e+01
4.670876835937500005e+02,-7.571324741034656824e+01
4.670879765624999891e+02,-7.702447413551556110e+01
4.670882695312500346e+02,-7.669888261889235537e+01
4.670885625000000232e+02,-7.597802295120487770e+01
4.670888554687500118e+02,-7.335668501853041334e+01
4.670891484375000005e+02,-7.505437773261752454e+01
4.670894414062499891e+02,-8.454716086568267031e+01
4.670897343750000346e+02,-7.513964443182194941e+01
4.670900273437500232e+02,-7.550215232456116610e+01
4.670903203125000118e+02,-7.669036915504125318e+01
4.670906132812500005e+02,-7.975278790489181802e+01
4.670909062499999891e+02,-7.902203229667847495e+01
4.670911992187500346e+02,-7.544704397419641850e+01
4.670914921875000232e+02,-7.665428938484113530e+01
4.670917851562500118e+02,-7.885597135146538506e+01
4.670920781250000005e+02,-7.431924933460001625e+01
4.670923710937499891e+02,-7.352132705941571089e+01
4.670926640625000346e+02,-7.625047561507069815e+01
4.670929570312500232e+02,-7.958480904971200687e+01
4.670932500000000118e+02,-8.155158095160594200e+01
4.670935429687500005e+02,-7.520921086591025073e+01
4.670938359374999891e+02,-7.940570884455173939e+01
4.670941289062500346e+02,-7.871674545597973349e+01
4.670944218750000232e+02,-7.676662893755680273e+01
4.670947148437500118e+02,-7.359522500710239967e+01
4.670950078125000005e+02,-7.513435537904780404e+01
4.670953007812499891e+02,-7.631289956463025703e+01
4.670955937500000346e+02,-8.202263335790888732e+01
4.670958867187500232e+02,-8.090720060300837702e+01
4.670961796875000118e+02,-8.195317512217719980e+01
4.670964726562500005e+02,-7.508301526380256519e+01
4.670967656249999891e+02,-7.508258430737265599e+01
4.670970585937500346e+02,-7.421380972542921484e+01
4.670973515625000232e+02,-7.404308703493202870e+01
4.670976445312500118e+02,-7.813957939586779844e+01
4.670979375000000005e+02,-7.690393231194589418e+01
4.670982304687499891e+02,-8.095424089320300709e+01
4.670985234375000346e+02,-8.100650954525275438e+01
4.670988164062500232e+02,-7.810701311287144222e+01
4.670991093750000118e+02,-7.638406036456274251e+01
4.670994023437500005e+02,-8.133369042309308838e+01
4.670996953124999891e+02,-7.736719516669766961e+01
4.670999882812500346e+02,-7.884106844194529629e+01
4.671002812500000232e+02,-8.052563050177519699e+01
4.671005742187500118e+02,-8.383167297428207121e+01
4.671008671875000005e+02,-8.415162681405446676e+01
4.671011601562499891e+02,-8.260313169730785887e+01
4.671014531250000346e+02,-7.585822020943184896e+01
4.671017460937500232e+02,-8.390496627391587481e+01
4.671020390625000118e+02,-8.008748249486160375e+01
4.671023320312500005e+02,-7.664064106492259043e+01
4.671026249999999891e+02,-8.031533441461505163e+01
4.671029179687500346e+02,-7.956295596408985205e+01
4.671032109375000232e+02,-7.833114686120805459e+01
4.671035039062500118e+02,-8.121367229424561174e+01
4.671037968750000005e+02,-7.819341571650411993e+01
4.671040898437499891e+02,-8.038111538147509805e+01
4.671043828125000346e+02,-8.390651288723680068e+01
4.671046757812500232e+02,-7.854468580617088946e+01
4.671049687500000118e+02,-8.379882123513581860e+01
4.671052617187500005e+02,-8.559099089659699189e+01
4.671055546874999891e+02,-7.931007388973021932e+01
4.671058476562500346e+02,-8.158251432122750657e+01
4.671061406250000232e+02,-8.811558853277085746e+01
4.671064335937500118e+02,-8.230561095272820182e+01
4.671067265625000005e+02,-8.459709384239957330e+01
4.671070195312499891e+02,-8.010038948584310958e+01
4.671073125000000346e+02,-7.894019144911408148e+01
4.671076054687500232e+02,-8.476515125562801245e+01
4.671078984375000118e+02,-7.958879242247567731e+01
4.671081914062500005e+02,-8.023608272044123169e+01
4.671084843749999891e+02,-8.512557857076998857e+01
4.671087773437500346e+02,-9.946765176464936076e+01
4.671090703125000232e+02,-8.274926850909183429e+01
4.671093632812500118e+02,-9.000589164596165404e+01
4.671096562500000005e+02,-8.326906635136728596e+01
4.671099492187499891e+02,-9.020508035754581044e+01
4.671102421875000346e+02,-8.613588557078472263e+01
4.671105351562500232e+02,-7.798306149356272954e+01
4.671108281250000118e+02,-8.028439437972173209e+01
4.671111210937500005e+02,-8.459287100688415251e+01
4.671114140624999891e+02,-8.236436958482094894e+01
4.671117070312500346e+02,-7.996491466585933949e+01
4.671120000000000232e+02,-9.545426665124821852e+01
4.671122929687500118e+02,-8.799892600743056903e+01
4.671125859375000005e+02,-7.785507824534741417e+01
4.671128789062499891e+02,-8.955318980582873678e+01
4.671131718750000346e+02,-8.356610183768582090e+01
4.671134648437500232e+02,-8.241148887762139452e+01
4.671137578125000118e+02,-8.149883689428810385e+01
4.671140507812500005e+02,-7.432218456719978406e+01
4.671143437499999891e+02,-7.746575576466634061e+01
4.671146367187500346e+02,-7.722052717356977780e+01
4.671149296875000232e+02,-7.493718698195466743e+01
4.671152226562500118e+02,-7.994025025818433505e+01
4.671155156250000005e+02,-8.825513500105651588e+01
4.671158085937499891e+02,-9.221442655235273378e+01
4.671161015625000346e+02,-7.932192106468450277e+01
4.671163945312500232e+02,-7.448737654647067075e+01
4.671166875000000118e+02,-7.736042261948188070e+01
4.671169804687500005e+02,-7.697413763820540566e+01
4.671172734374999891e+02,-7.320528756425004246e+01
4.671175664062500346e+02,-7.776481382915052620e+01
4.671178593750000232e+02,-8.593942493456340515e+01
4.671181523437500118e+02,-9.167029886458576016e+01
4.671184453125000005e+02,-7.916427679538114148e+01
4.671187382812499891e+02,-7.509809429556445082e+01
4.671190312500000346e+02,-7.765937985570936064e+01
4.671193242187500232e+02,-7.757168140385535082e+01
4.671196171875000118e+02,-7.368871457320196328e+01
4.671199101562500005e+02,-7.774469211792877843e+01
4.671202031249999891e+02,-8.069252230401775705e+01
4.671204960937500346e+02,-8.305689679931546721e+01
4.671207890625000232e+02,-7.665241596077949282e+01
4.671210820312500118e+02,-7.636871991225953593e+01
4.671213750000000005e+02,-8.267747476404079521e+01
4.671216679687499891e+02,-7.885559902815326438e+01
4.671219609375000346e+02,-7.341556474054230819e+01
4.671222539062500232e+02,-7.526371864793919997e+01
4.671225468750000118e+02,-8.562541366556814637e+01
4.671228398437500005e+02,-7.805679301822357274e+01
4.671231328124999891e+02,-7.344734063384524347e+01
4.671234257812500346e+02,-7.569701649078272965e+01
4.671237187500000232e+02,-9.228697149415484091e+01
4.671240117187500118e+02,-7.868443422903453666e+01
4.671243046875000005e+02,-7.658522282937943260e+01
4.671245976562499891e+02,-7.597012388457481791e+01
4.671248906250000346e+02,-8.078626088697374996e+01
4.671251835937500232e+02,-8.068276237706123766e+01
4.671254765625000118e+02,-7.244625064367025402e+01
4.671257695312500005e+02,-7.488493174200192470e+01
4.671260624999999891e+02,-8.241987271596003950e+01
4.671263554687500346e+02,-7.706209020528842757e+01
4.671266484375000232e+02,-8.185528118047010082e+01
4.671269414062500118e+02,-8.088707388786316699e+01
4.671272343750000005e+02,-7.405763500600218663e+01
4.671275273437499891e+02,-8.520026085717506703e+01
4.671278203125000346e+02,-7.262190419911260619e+01
4.671281132812500232e+02,-7.190371898432174191e+01
4.671284062500000118e+02,-8.492452095264538059e+01
4.671286992187500005e+02,-7.634380431753788798e+01
4.671289921874999891e+02,-7.795982037312266755e+01
4.671292851562500346e+02,-8.747238239467728249e+01
4.671295781250000232e+02,-7.506696182151276275e+01
4.671298710937500118e+02,-7.653852432563689945e+01
4.671301640625000005e+02,-7.677034482107055169e+01
4.671304570312499891e+02,-7.284129929959065919e+01
4.671307500000000346e+02,-7.902545453044635337e+01
4.671310429687500232e+02,-7.448794781414390798e+01
4.671313359375000118e+02,-8.291056888073568132e+01
4.671316289062500005e+02,-8.454903218401463505e+01
4.671319218749999891e+02,-7.440576246477252198e+01
4.671322148437500346e+02,-7.327470030392080957e+01
4.671325078125000232e+02,-8.650255834887312290e+01
4.671328007812500118e+02,-7.707670393334285563e+01
4.671330937500000005e+02,-7.742272830503266334e+01
4.671333867187499891e+02,-7.566626895085926208e+01
4.671336796875000346e+02,-8.677410847308372865e+01
4.671339726562500232e+02,-7.901489712783718744e+01
4.671342656250000118e+02,-7.445199166260667312e+01
4.671345585937500005e+02,-7.281681149820929022e+01
4.671348515624999891e+02,-7.816087883191532626e+01
4.671351445312500346e+02,-8.022174266728582381e+01
4.671354375000000232e+02,-7.713740496164703586e+01
4.671357304687500118e+02,-7.398671072640780721e+01
4.671360234375000005e+02,-7.676257915523275699e+01
4.671363164062499891e+02,-7.630631209268167936e+01
4.671366093750000346e+02,-7.387944838366429678e+01
4.671369023437500232e+02,-7.189880559627935952e+01
4.671371953125000118e+02,-7.551022814379777515e+01
4.671374882812500005e+02,-8.085099131976299702e+01
4.671377812499999891e+02,-7.614895212566824512e+01
4.671380742187500346e+02,-7.338805668924950965e+01
4.671383671875000232e+02,-7.182752772579961231e+01
4.671386601562500118e+02,-7.395862326225179118e+01
4.671389531250000005e+02,-7.265274917687968070e+01
4.671392460937499891e+02,-7.293864371133136615e+01
4.671395390625000346e+02,-7.631186556904847862e+01
4.671398320312500232e+02,-7.926472754886937366e+01
4.671401250000000118e+02,-7.529006826356743431e+01
4.671404179687500005e+02,-7.686158650815160343e+01
4.671407109374999891e+02,-7.318162980559934283e+01
4.671410039062500346e+02,-7.460836889310257902e+01
4.671412968750000232e+02,-7.170100289616222256e+01
4.671415898437500118e+02,-7.076700498473381629e+01
4.671418828125000005e+02,-7.425971793620338701e+01
4.671421757812499891e+02,-8.137078745823146164e+01
4.671424687500000346e+02,-8.637948164305926468e+01
4.671427617187500232e+02,-8.320393214379282654e+01
4.671430546875000118e+02,-7.603882395452950504e+01
4.671433476562500005e+02,-7.357057566288854389e+01
4.671436406249999891e+02,-7.316380379202242068e+01
4.671439335937500346e+02,-7.083651164903886865e+01
4.671442265625000232e+02,-7.513969559732393577e+01
4.671445195312500118e+02,-9.437053952224728448e+01
4.671448125000000005e+02,-8.039194173002371713e+01
4.671451054687499891e+02,-8.499123290881999537e+01
4.671453984375000346e+02,-8.423084121632680876e+01
4.671456914062500232e+02,-7.719654365379379612e+01
4.671459843750000118e+02,-7.677050538352710873e+01
4.671462773437500005e+02,-7.155528896441123266e+01
4.671465703124999891e+02,-7.261380116462849799e+01
4.671468632812500346e+02,-8.492998932939471501e+01
4.671471562500000232e+02,-7.726949671383829354e+01
4.671474492187500118e+02,-7.262023896389655420e+01
4.671477421875000005e+02,-8.067766554597122308e+01
4.671480351562499891e+02,-8.620672457159184887e+01
4.671483281250000346e+02,-8.285871882910278430e+01
4.671486210937500232e+02,-7.613482057633777345e+01
4.671489140625000118e+02,-7.373402996650015950e+01
4.671492070312500005e+02,-8.088184615834902047e+01
4.671494999999999891e+02,-8.159581051753342251e+01
4.671497929687500346e+02,-7.178605431907305956e+01
4.671500859375000232e+02,-7.707382187976436683e+01
4.671503789062500118e+02,-8.131886564580072729e+01
4.671506718750000005e+02,-9.235006386622833929e+01
4.671509648437499891e+02,-8.160239360857417523e+01
4.671512578125000346e+02,-7.816522580677107612e+01
4.671515507812500232e+02,-8.227805494661706120e+01
4.671518437500000118e+02,-8.912991917510967710e+01
4.671521367187500005e+02,-7.318040012454255816e+01
4.671524296874999891e+02,-7.283113226056941869e+01
4.671527226562500346e+02,-8.874519840547165472e+01
4.671530156250000232e+02,-7.902930933161171367e+01
4.671533085937500118e+02,-7.903480180442738856e+01
4.671536015625000005e+02,-8.268239922933604191e+01
4.671538945312499891e+02,-8.380135304836605314e+01
4.671541875000000346e+02,-8.437735733881530109e+01
4.671544804687500232e+02,-8.358055334724650720e+01
4.671547734375000118e+02,-7.510026592066600415e+01
4.671550664062500005e+02,-8.983373545511835800e+01
4.671553593749999891e+02,-7.867646249315689033e+01
4.671556523437500346e+02,-8.105396373560145662e+01
4.671559453125000232e+02,-8.658979453478364974e+01
4.671562382812500118e+02,-7.924691701913567954e+01
4.671565312500000005e+02,-7.540752414836900641e+01
4.671568242187499891e+02,-8.288721104500039871e+01
4.671571171875000346e+02,-8.502791500691124327e+01
4.671574101562500232e+02,-8.217640994398149701e+01
4.671577031250000118e+02,-8.084876627049882813e+01
4.671579960937500005e+02,-7.946053244164920670e+01
4.671582890624999891e+02,-8.140119996729450236e+01
4.671585820312500346e+02,-8.770575320536008235e+01
4.671588750000000232e+02,-7.403828096157836569e+01
4.671591679687500118e+02,-7.497448419286462240e+01
4.671594609375000005e+02,-7.418317025683225552e+01
4.671597539062499891e+02,-7.634760185030245339e+01
4.671600468750000346e+02,-8.104987224484703745e+01
4.671603398437500232e+02,-9.227204921512436897e+01
4.671606328125000118e+02,-9.099728143409409142e+01
4.671609257812500005e+02,-9.527677598679845516e+01
4.671612187499999891e+02,-8.165746852715315640e+01
4.671615117187500346e+02,-7.916541373698007078e+01
4.671618046875000232e+02,-7.539110394596310982e+01
4.671620976562500118e+02,-7.247368380089368145e+01
4.671623906250000005e+02,-7.571185571886596222e+01
4.671626835937499891e+02,-8.881542335808921962e+01
4.671629765625000346e+02,-8.687334501185952718e+01
4.671632695312500232e+02,-8.164519007692872776e+01
4.671635625000000118e+02,-7.809791166606595425e+01
4.671638554687500005e+02,-7.728122959226547550e+01
4.671641484374999891e+02,-7.736550905338047812e+01
4.671644414062500346e+02,-7.172042217988841628e+01
4.671647343750000232e+02,-7.180294179780807440e+01
4.671650273437500118e+02,-8.076168179328399788e+01
4.671653203125000005e+02,-8.175306039383123391e+01
4.671656132812499891e+02,-7.491850220722656672e+01
4.671659062500000346e+02,-7.633414505005988815e+01
4.671661992187500232e+02,-9.300582078794684548e+01
4.671664921875000118e+02,-7.842231321627161833e+01
4.671667851562500005e+02,-7.530647889959890051e+01
4.671670781249999891e+02,-7.091748782997260037e+01
4.671673710937500346e+02,-7.314515655127358684e+01
4.671676640625000232e+02,-9.406915187950069424e+01
4.671679570312500118e+02,-7.656286355703278446e+01
4.671682500000000005e+02,-7.364079326563440020e+01
4.671685429687499891e+02,-8.859230939231994739e+01
4.671688359375000346e+02,-7.496826803187792621e+01
4.671691289062500232e+02,-8.358481900843582935e+01
4.671694218750000118e+02,-7.510296192545720828e+01
4.671697148437500005e+02,-7.394445846062265559e+01
4.671700078124999891e+02,-8.497020612994882072e+01
4.671703007812500346e+02,-7.480852869010925588e+01
4.671705937500000232e+02,-7.180167351888803751e+01
4.671708867187500118e+02,-7.827792992916452874e+01
4.671711796875000005e+02,-7.200051973556165308e+01
4.671714726562499891e+02,-7.690325819676699837e+01
4.671717656250000346e+02,-8.534856142591630146e+01
4.671720585937500232e+02,-7.700727626352447430e+01
4.671723515625000118e+02,-7.856593435413773818e+01
4.671726445312500005e+02,-7.730897486566564680e+01
4.671729374999999891e+02,-7.282702433394676689e+01
4.671732304687500346e+02,-8.049619858450941479e+01
4.671735234375000232e+02,-7.354517893938472639e+01
4.671738164062500118e+02,-7.592153508763699676e+01
4.671741093750000005e+02,-9.340003670550802894e+01
4.671744023437499891e+02,-7.963134333364523343e+01
4.671746953125000346e+02,-7.890486896870180544e+01
4.671749882812500232e+02,-8.559992359282074403e+01
4.671752812500000118e+02,-7.623660994639213584e+01
4.671755742187500005e+02,-7.831551748029988858e+01
4.671758671874999891e+02,-7.926381888589034475e+01
4.671761601562500346e+02,-7.796177461833633515e+01
4.671764531250000232e+02,-9.191711248511239774e+01
4.671767460937500118e+02,-7.946119292616502605e+01
4.671770390625000005e+02,-9.718622255857262360e+01
4.671773320312499891e+02,-8.170286572398383385e+01
4.671776250000000346e+02,-7.812958470246098841e+01
4.671779179687500232e+02,-7.875938903731014307e+01
4.671782109375000118e+02,-7.980093700344703223e+01
4.671785039062500005e+02,-7.681589552518117614e+01
4.671787968749999891e+02,-9.335945158517213827e+01
4.671790898437500346e+02,-8.347622560740119013e+01
4.671793828125000232e+02,-8.258508359072159521e+01
4.671796757812500118e+02,-7.492546499562068618e+01
4.671799687500000005e+02,-7.665679917351697270e+01
4.671802617187499891e+02,-8.005066378096759649e+01
4.671805546875000346e+02,-7.731737551282500931e+01
4.671808476562500232e+02,-7.464347011765737250e+01
4.671811406250000118e+02,-7.772826682898764261e+01
4.671814335937500005e+02,-7.692974249306035972e+01
4.671817265624999891e+02,-7.543333580004309624e+01
4.671820195312500346e+02,-7.152927674591056473e+01
4.671823125000000232e+02,-7.455321709496277549e+01
4.671826054687500118e+02,-7.450869088246710703e+01
4.671828984375000005e+02,-8.199823701390928932e+01
4.671831914062499891e+02,-7.347409623230748821e+01
4.671834843750000346e+02,-7.538327626002667614e+01
4.671837773437500232e+02,-7.376903915184216487e+01
4.671840703125000118e+02,-7.436925785661398436e+01
4.671843632812500005e+02,-7.131287474187193709e+01
4.671846562499999891e+02,-7.299461539529821152e+01
4.671849492187500346e+02,-7.503481035293683021e+01
4.671852421875000232e+02,-7.646820837703396023e+01
4.671855351562500118e+02,-7.789937583247233022e+01
4.671858281250000005e+02,-7.635772803181893664e+01
4.671861210937499891e+02,-7.696268353239041460e+01
4.671864140625000346e+02,-7.616406554607765145e+01
4.671867070312500232e+02,-7.365579398671292211e+01
4.671870000000000118e+02,-7.132908149689613708e+01
4.671872929687500005e+02,-7.476827292952675919e+01
4.671875859374999891e+02,-7.366317361357172899e+01
4.671878789062500346e+02,-7.348125062588368905e+01
4.671881718750000232e+02,-7.051030346817950090e+01
4.671884648437500118e+02,-7.560509045097676051e+01
4.671887578125000005e+02,-8.049219109661544280e+01
4.671890507812499891e+02,-8.267985768279807246e+01
4.671893437500000346e+02,-7.439660377095150068e+01
4.671896367187500232e+02,-7.509075510282087862e+01
4.671899296875000118e+02,-7.357435666192345991e+01
4.671902226562500005e+02,-7.486166338281267940e+01
4.671905156249999891e+02,-7.134283125401660186e+01
4.671908085937500346e+02,-7.461047819901570222e+01
4.671911015625000232e+02,-7.966623047647783551e+01
4.671913945312500118e+02,-7.790526364975141860e+01
4.671916875000000005e+02,-8.189696010605088361e+01
4.671919804687499891e+02,-8.155860109387887746e+01
4.671922734375000346e+02,-7.597562632676813621e+01
4.671925664062500232e+02,-7.370973255760270604e+01
4.671928593750000118e+02,-7.345097795480624825e+01
4.671931523437500005e+02,-7.909087881593850966e+01
4.671934453124999891e+02,-8.843585066823523277e+01
4.671937382812500346e+02,-7.706446511955694234e+01
4.671940312500000232e+02,-7.792543005413322987e+01
4.671943242187500118e+02,-8.702455555369093076e+01
4.671946171875000005e+02,-7.786508205081086942e+01
4.671949101562499891e+02,-7.740725528093062735e+01
4.671952031250000346e+02,-7.771750297693142784e+01
4.671954960937500232e+02,-8.890138611311144246e+01
4.671957890625000118e+02,-9.700585113781207269e+01
4.671960820312500005e+02,-7.629849614513128131e+01
4.671963749999999891e+02,-7.223879500169833534e+01
4.671966679687500346e+02,-7.826062729282995178e+01
4.671969609375000232e+02,-8.053753213720797532e+01
4.671972539062500118e+02,-7.692187649768069946e+01
4.671975468750000005e+02,-7.589309970847767772e+01
4.671978398437499891e+02,-8.283807776421055280e+01
4.671981328125000346e+02,-8.068827066670607451e+01
4.671984257812500232e+02,-8.107477186113951007e+01
4.671987187500000118e+02,-7.388091982628792209e+01
4.671990117187500005e+02,-7.627542813812067379e+01
4.671993046874999891e+02,-8.139393794586507624e+01
4.671995976562500346e+02,-7.709333891225900004e+01
4.671998906250000232e+02,-7.549928964660576014e+01
4.672001835937500118e+02,-7.994607887654788669e+01
4.672004765625000005e+02,-7.375753033331194786e+01
4.672007695312499891e+02,-8.461358755919150099e+01
4.672010625000000346e+02,-7.959048379840160692e+01
4.672013554687500232e+02,-7.656042897969631156e+01
4.672016484375000118e+02,-9.342246265446016196e+01
4.672019414062500005e+02,-8.006830864264759384e+01
4.672022343749999891e+02,-7.858603579927923022e+01
4.672025273437500346e+02,-1.008891834289687637e+02
4.672028203125000232e+02,-7.406221372354664823e+01
4.672031132812500118e+02,-7.742555525754853818e+01
4.672034062500000005e+02,-9.676730438834043468e+01
4.672036992187499891e+02,-7.915451195229054804e+01
4.672039921875000346e+02,-7.847292313030280297e+01
4.672042851562500232e+02,-7.838163528982050821e+01
4.672045781250000118e+02,-7.924691894260885761e+01
4.672048710937500005e+02,-8.528313144269321810e+01
4.672051640624999891e+02,-7.646902081331272427e+01
4.672054570312500346e+02,-7.647459259160392264e+01
4.672057500000000232e+02,-8.215928049250504728e+01
4.672060429687500118e+02,-7.600375989038425928e+01
4.672063359375000005e+02,-7.411453476142912677e+01
4.672066289062499891e+02,-7.316516626999076323e+01
4.672069218750000346e+02,-7.743980325021011879e+01
4.672072148437500232e+02,-8.967565301536318145e+01
4.672075078125000118e+02,-8.631139578510598653e+01
4.672078007812500005e+02,-9.004490254403268068e+01
4.672080937499999891e+02,-8.894868644308627381e+01
4.672083867187500346e+02,-7.714922799983921209e+01
4.672086796875000232e+02,-7.119558510491668812e+01
4.672089726562500118e+02,-6.982905423670401035e+01
4.672092656250000005e+02,-6.925152944525899557e+01
4.672095585937499891e+02,-7.235653105297149068e+01
4.672098515625000346e+02,-8.056769781333650826e+01
4.672101445312500232e+02,-8.265017284869898617e+01
4.672104375000000118e+02,-7.613374402394998697e+01
4.672107304687500005e+02,-9.687740773786632076e+01
4.672110234374999891e+02,-7.376474094945184845e+01
4.672113164062500346e+02,-7.473696256006181216e+01
4.672116093750000232e+02,-7.258927786635116775e+01
4.672119023437500118e+02,-6.990599911998187110e+01
4.672121953125000005e+02,-7.354196926039806215e+01
4.672124882812499891e+02,-8.274453457943502599e+01
4.672127812500000346e+02,-7.170397580129899495e+01
4.672130742187500232e+02,-7.623133016230147518e+01
4.672133671875000118e+02,-8.376684645159966180e+01
4.672136601562500005e+02,-7.909192874039918308e+01
4.672139531249999891e+02,-8.094508456863374590e+01
4.672142460937500346e+02,-7.104976432673464615e+01
4.672145390625000232e+02,-7.063884333997087595e+01
4.672148320312500118e+02,-8.109277091135547266e+01
4.672151250000000005e+02,-7.232910318192730870e+01
4.672154179687499891e+02,-7.050880287231638022e+01
4.672157109375000346e+02,-7.942130706284464736e+01
4.672160039062500232e+02,-8.396099414476043421e+01
4.672162968750000118e+02,-7.596339177589354108e+01
4.672165898437500005e+02,-8.512102674480688336e+01
4.672168828124999891e+02,-7.122445415807995062e+01
4.672171757812500346e+02,-7.543184939577662362e+01
4.672174687500000232e+02,-7.748839019846900555e+01
4.672177617187500118e+02,-7.158183460125779618e+01
4.672180546875000005e+02,-7.683675096747353450e+01
4.672183476562499891e+02,-9.696469609878988649e+01
4.672186406250000346e+02,-7.493070574428840303e+01
4.672189335937500232e+02,-7.616960837032962672e+01
4.672192265625000118e+02,-7.620670960349622192e+01
4.672195195312500005e+02,-7.407545526055245944e+01
4.672198124999999891e+02,-9.003443537525723173e+01
4.672201054687500346e+02,-7.372238666188357570e+01
4.672203984375000232e+02,-7.460995245084043859e+01
4.672206914062500118e+02,-8.711927184578208028e+01
4.672209843750000005e+02,-7.540427576441145163e+01
4.672212773437499891e+02,-7.223567692431034004e+01
4.672215703125000346e+02,-7.410958156208739922e+01
4.672218632812500232e+02,-7.417215443698138699e+01
4.672221562500000118e+02,-7.986780693523614616e+01
4.672224492187500005e+02,-7.882374659441676101e+01
4.672227421874999891e+02,-7.897699017176337577e+01
4.672230351562500346e+02,-7.477456623761301557e+01
4.672233281250000232e+02,-7.988943345375194838e+01
4.672236210937500118e+02,-7.459513708321435388e+01
4.672239140625000005e+02,-7.338132435659625230e+01
4.672242070312499891e+02,-7.175692464311782715e+01
4.672245000000000346e+02,-8.773676136658113478e+01
4.672247929687500232e+02,-7.796689284354160066e+01
4.672250859375000118e+02,-8.737804644498326923e+01
4.672253789062500005e+02,-7.684962639524269434e+01
4.672256718749999891e+02,-7.779153638980673691e+01
4.672259648437500346e+02,-8.254301590395643018e+01
4.672262578125000232e+02,-8.376605937602894869e+01
4.672265507812500118e+02,-7.350413354780873476e+01
4.672268437500000005e+02,-7.468120055315796435e+01
4.672271367187499891e+02,-7.440684031038571788e+01
4.672274296875000346e+02,-8.077767269945552187e+01
4.672277226562500232e+02,-8.201601502286496270e+01
4.672280156250000118e+02,-7.577586516802261940e+01
4.672283085937500005e+02,-7.942215885518780283e+01
4.672286015624999891e+02,-8.684431385500971601e+01
4.672288945312500346e+02,-7.546652060308730370e+01
4.672291875000000232e+02,-7.059080950383349773e+01
4.672294804687500118e+02,-7.544431945078814294e+01
4.672297734375000005e+02,-8.188018919709371346e+01
4.672300664062499891e+02,-8.793055239187113159e+01
4.672303593750000346e+02,-8.376998604591315711e+01
4.672306523437500232e+02,-7.917204943433850417e+01
4.672309453125000118e+02,-8.116357781180167308e+01
4.672312382812500005e+02,-8.744811327948974622e+01
4.672315312499999891e+02,-7.443479026898631901e+01
4.672318242187500346e+02,-7.369811346286543596e+01
4.672321171875000232e+02,-8.183455835337356632e+01
4.672324101562500118e+02,-8.606729867174198034e+01
4.672327031250000005e+02,-8.423791668282767375e+01
4.672329960937499891e+02,-7.698708935451638524e+01
4.672332890625000346e+02,-8.277753423395361665e+01
4.672335820312500232e+02,-8.165411912971707409e+01
4.672338750000000118e+02,-8.507580298123188811e+01
4.672341679687500005e+02,-7.533373674944076015e+01
4.672344609374999891e+02,-7.422458835390369813e+01
4.672347539062500346e+02,-8.210176155767277351e+01
4.672350468750000232e+02,-7.954905968208731792e+01
4.672353398437500118e+02,-7.793944397744822083e+01
4.672356328125000005e+02,-7.913909964563072208e+01
4.672359257812499891e+02,-7.955780912515318448e+01
4.672362187500000346e+02,-8.024671100842239468e+01
4.672365117187500232e+02,-8.227578380066884733e+01
4.672368046875000118e+02,-7.197678311086684744e+01
4.672370976562500005e+02,-7.700607854639387995e+01
4.672373906249999891e+02,-7.555692171150674596e+01
4.672376835937500346e+02,-7.234666425508027032e+01
4.672379765625000232e+02,-7.857770582374341473e+01
4.672382695312500118e+02,-8.003664741881529210e+01
4.672385625000000005e+02,-7.444953913161249659e+01
4.672388554687499891e+02,-7.761339643250562403e+01
4.672391484375000346e+02,-7.896117551766393206e+01
4.672394414062500232e+02,-8.006853852536229965e+01
4.672397343750000118e+02,-8.057466460087803739e+01
4.672400273437500005e+02,-7.064961907580948264e+01
4.672403203124999891e+02,-7.255966026819830006e+01
4.672406132812500346e+02,-8.525187492860911220e+01
4.672409062500000232e+02,-7.774601968631243665e+01
4.672411992187500118e+02,-7.719185372422332136e+01
4.672414921875000005e+02,-7.510423920182972779e+01
4.672417851562499891e+02,-7.998700661045134552e+01
4.672420781250000346e+02,-7.777322466404855561e+01
4.672423710937500232e+02,-7.075993692814667213e+01
4.672426640625000118e+02,-6.940215503235886274e+01
4.672429570312500005e+02,-7.512565974541490732e+01
4.672432499999999891e+02,-7.658630287687684302e+01
4.672435429687500346e+02,-9.317080369513222138e+01
4.672438359375000232e+02,-7.990332572624241436e+01
4.672441289062500118e+02,-9.390575674226414549e+01
4.672444218750000005e+02,-8.748122384961257580e+01
4.672447148437499891e+02,-7.699077335726686044e+01
4.672450078125000346e+02,-7.324259222384870327e+01
4.672453007812500232e+02,-7.509264745263669738e+01
4.672455937500000118e+02,-7.971333153057889831e+01
4.672458867187500005e+02,-8.141943739635129873e+01
4.672461796874999891e+02,-7.925267355587429563e+01
4.672464726562500346e+02,-7.963400283428305215e+01
4.672467656250000232e+02,-8.716902000316515853e+01
4.672470585937500118e+02,-8.682503532016797010e+01
4.672473515625000005e+02,-8.837737031365995222e+01
4.672476445312499891e+02,-8.991970255223193931e+01
4.672479375000000346e+02,-8.325655689439541618e+01
4.672482304687500232e+02,-7.512975553929130967e+01
4.672485234375000118e+02,-8.632081566159875763e+01
4.672488164062500005e+02,-8.042840534685615239e+01
4.672491093749999891e+02,-7.932007672352044381e+01
4.672494023437500346e+02,-8.007585041802953185e+01
4.672496953125000232e+02,-8.038098978339975531e+01
4.672499882812500118e+02,-7.722690751171933243e+01
4.672502812500000005e+02,-8.525748599019321716e+01
4.672505742187499891e+02,-7.532226751792234154e+01
4.672508671875000346e+02,-8.021864573762947259e+01
4.672511601562500232e+02,-9.185649256241396188e+01
4.672514531250000118e+02,-7.418539564076878889e+01
4.672517460937500005e+02,-7.398454370302255256e+01
4.672520390624999891e+02,-7.439298665984219383e+01
4.672523320312500346e+02,-7.057684193408601914e+01
4.672526250000000232e+02,-7.029137828868778115e+01
4.672529179687500118e+02,-7.888848611359557594e+01
4.672532109375000005e+02,-8.009626781735029510e+01
4.672535039062499891e+02,-7.407197492100419822e+01
4.672537968750000346e+02,-8.077008914553130126e+01
4.672540898437500232e+02,-7.630410389988136899e+01
4.672543828125000118e+02,-7.537199798063006995e+01
4.672546757812500005e+02,-7.388729897671298374e+01
4.672549687499999891e+02,-7.130669091006070914e+01
4.672552617187500346e+02,-7.765900621276821880e+01
4.672555546875000232e+02,-9.485885120447701979e+01
4.672558476562500118e+02,-7.554454605691145730e+01
4.672561406250000005e+02,-7.209116214298849457e+01
4.672564335937499891e+02,-7.470999146432660609e+01
4.672567265625000346e+02,-7.416292509614282835e+01
4.672570195312500232e+02,-7.585178331997477130e+01
4.672573125000000118e+02,-7.519604520224783073e+01
4.672576054687500005e+02,-7.608970301121479451e+01
4.672578984374999891e+02,-7.745349850100660660e+01
4.672581914062500346e+02,-7.959239579033908285e+01
4.672584843750000232e+02,-7.280172886036071134e+01
4.672587773437500118e+02,-7.354645703209374119e+01
4.672590703125000005e+02,-7.651926865934986211e+01
4.672593632812499891e+02,-7.762949978911746030e+01
4.672596562500000346e+02,-7.930700874519439481e+01
4.672599492187500232e+02,-7.729300271707623438e+01
4.672602421875000118e+02,-8.676086203890119464e+01
4.672605351562500005e+02,-7.953968258865194230e+01
4.672608281249999891e+02,-7.739362843530150826e+01
4.672611210937500346e+02,-7.127968784038826300e+01
4.672614140625000232e+02,-7.247127694707506862e+01
4.672617070312500118e+02,-7.977872478934916955e+01
4.672620000000000005e+02,-7.806349857966866068e+01
4.672622929687499891e+02,-7.587650483614466168e+01
4.672625859375000346e+02,-7.614571255370628933e+01
4.672628789062500232e+02,-7.328188343035211005e+01
4.672631718750000118e+02,-7.870802331733855794e+01
4.672634648437500005e+02,-7.444234331324126686e+01
4.672637578124999891e+02,-7.304670070783247127e+01
4.672640507812500346e+02,-7.717369232297545523e+01
4.672643437500000232e+02,-7.658174353642107235e+01
4.672646367187500118e+02,-7.280447039417038013e+01
4.672649296875000005e+02,-7.077969071731060069e+01
4.672652226562499891e+02,-6.976814083931215293e+01
4.672655156250000346e+02,-7.254185795270777248e+01
4.672658085937500232e+02,-7.417510302060806282e+01
4.672661015625000118e+02,-7.559887474160663601e+01
4.672663945312500005e+02,-7.838405768784815564e+01
4.672666874999999891e+02,-7.660770979247990908e+01
4.672669804687500346e+02,-7.618984188143397773e+01
4.672672734375000232e+02,-7.297585196438625132e+01
4.672675664062500118e+02,-7.164193095465959971e+01
4.672678593750000005e+02,-7.148557191839630320e+01
4.672681523437499891e+02,-7.057799193367254986e+01
4.672684453125000346e+02,-8.039793437215274707e+01
4.672687382812500232e+02,-8.176628159345202107e+01
4.672690312500000118e+02,-8.025157537613240777e+01
4.672693242187500005e+02,-8.527122232105520538e+01
4.672696171874999891e+02,-8.062896256046246890e+01
4.672699101562500346e+02,-7.465826683266263331e+01
4.672702031250000232e+02,-7.959163899539211684e+01
4.672704960937500118e+02,-7.282017531859814596e+01
4.672707890625000005e+02,-7.540350019165610718e+01
4.672710820312499891e+02,-7.496407097818958221e+01
4.672713750000000346e+02,-7.333467149186218137e+01
4.672716679687500232e+02,-8.292766193518485807e+01
4.672719609375000118e+02,-7.445211240606401759e+01
4.672722539062500005e+02,-6.947869656829756480e+01
4.672725468749999891e+02,-8.096525944594100110e+01
4.672728398437500346e+02,-7.762809103925705756e+01
4.672731328125000232e+02,-7.647572540050455814e+01
4.672734257812500118e+02,-7.466157217651741007e+01
4.672737187500000005e+02,-7.058491171326623714e+01
4.672740117187499891e+02,-7.549638585351583231e+01
4.672743046875000346e+02,-8.680512751613669309e+01
4.672745976562500232e+02,-7.148935615758935569e+01
4.672748906250000118e+02,-7.299196574087531530e+01
4.672751835937500005e+02,-7.697478857484277626e+01
4.672754765624999891e+02,-8.183303365999211110e+01
4.672757695312500346e+02,-7.783895055694712539e+01
4.672760625000000232e+02,-7.129270456638907660e+01
4.672763554687500118e+02,-7.275324759087079940e+01
4.672766484375000005e+02,-8.106536967637589441e+01
4.672769414062499891e+02,-7.737243282383329301e+01
4.672772343750000346e+02,-7.089155923171446716e+01
4.672775273437500232e+02,-7.317171446178336680e+01
4.672778203125000118e+02,-7.924741011994119333e+01
4.672781132812500005e+02,-7.681634502378275897e+01
4.672784062499999891e+02,-7.146556490241601978e+01
4.672786992187500346e+02,-7.033327121651527136e+01
4.672789921875000232e+02,-7.723141122983200546e+01
4.672792851562500118e+02,-8.500150770701486636e+01
4.672795781250000005e+02,-7.892673892386488887e+01
4.672798710937499891e+02,-7.595431961296404211e+01
4.672801640625000346e+02,-8.080980940224318942e+01
4.672804570312500232e+02,-9.114450361239731535e+01
4.672807500000000118e+02,-8.075651959779779077e+01
4.672810429687500005e+02,-7.507323872222487182e+01
4.672813359374999891e+02,-7.635990443356155311e+01
4.672816289062500346e+02,-7.621525776326345181e+01
4.672819218750000232e+02,-7.938644385892382616e+01
4.672822148437500118e+02,-7.638408071335287275e+01
4.672825078125000005e+02,-7.403625010324464029e+01
4.672828007812499891e+02,-7.542087108782935445e+01
4.672830937500000346e+02,-8.336978514777270277e+01
4.672833867187500232e+02,-8.207318530473365570e+01
4.672836796875000118e+02,-8.186405538414305738e+01
4.672839726562500005e+02,-8.284904439674862431e+01
4.672842656249999891e+02,-7.864968919035266026e+01
4.672845585937500346e+02,-7.507532845693683043e+01
4.672848515625000232e+02,-7.496045516280558729e+01
4.672851445312500118e+02,-7.366471117609299313e+01
4.672854375000000005e+02,-7.611945163523688507e+01
4.672857304687499891e+02,-8.466946467470137350e+01
4.672860234375000346e+02,-8.038844276142498302e+01
4.672863164062500232e+02,-9.511351957607443808e+01
4.672866093750000118e+02,-8.638422692037036654e+01
4.672869023437500005e+02,-7.639507463744328675e+01
4.672871953124999891e+02,-7.481036248506904940e+01
4.672874882812500346e+02,-7.762567114562037318e+01
4.672877812500000232e+02,-7.898874084152681974e+01
4.672880742187500118e+02,-8.788250824619854029e+01
4.672883671875000005e+02,-8.715728276169843980e+01
4.672886601562499891e+02,-7.806774643695517568e+01
4.672889531250000346e+02,-7.582286902365086689e+01
4.672892460937500232e+02,-8.291447571100148650e+01
4.672895390625000118e+02,-7.339879985578758692e+01
4.672898320312500005e+02,-8.152243848682172711e+01
4.672901249999999891e+02,-7.986046809886229880e+01
4.672904179687500346e+02,-8.196769139788601422e+01
4.672907109375000232e+02,-8.986716371551929683e+01
4.672910039062500118e+02,-7.808156081386576375e+01
4.672912968750000005e+02,-7.496265356567117522e+01
4.672915898437499891e+02,-7.609560832774296557e+01
4.672918828125000346e+02,-7.585857450047564043e+01
4.672921757812500232e+02,-8.769941811032829548e+01
4.672924687500000118e+02,-8.697896609348008212e+01
4.672927617187500005e+02,-7.656287004466202006e+01
4.672930546874999891e+02,-8.231672978192310097e+01
4.672933476562500346e+02,-7.744261701635471695e+01
4.672936406250000232e+02,-7.377264464013224199e+01
4.672939335937500118e+02,-7.213498295338757771e+01
4.672942265625000005e+02,-7.145460300916886354e+01
4.672945195312499891e+02,-7.143011746839280818e+01
4.672948125000000346e+02,-7.176634921902203246e+01
4.672951054687500232e+02,-7.602479261122388721e+01
4.672953984375000118e+02,-8.372532817589637943e+01
4.672956914062500005e+02,-8.914949120121116266e+01
4.672959843749999891e+02,-8.141122177679285699e+01
4.672962773437500346e+02,-8.188763114662990006e+01
4.672965703125000232e+02,-7.451831404571234430e+01
4.672968632812500118e+02,-7.131790866691329711e+01
4.672971562500000005e+02,-7.160293304638868506e+01
4.672974492187499891e+02,-7.367140941494518813e+01
4.672977421875000346e+02,-7.998462478056625002e+01
4.672980351562500232e+02,-8.112260008370100195e+01
4.672983281250000118e+02,-8.382790957695817724e+01
4.672986210937500005e+02,-9.249590151159780760e+01
4.672989140624999891e+02,-7.636767825754542116e+01
4.672992070312500346e+02,-7.265062546234767638e+01
4.672995000000000232e+02,-7.288343159990174058e+01
4.672997929687500118e+02,-7.576546262819127264e+01
4.673000859375000005e+02,-7.946681496295398972e+01
4.673003789062499891e+02,-7.912331649894167640e+01
4.673006718750000346e+02,-7.720876757155761538e+01
4.673009648437500232e+02,-7.628814962210752526e+01
4.673012578125000118e+02,-7.499527909420909566e+01
4.673015507812500005e+02,-7.283614845994846121e+01
4.673018437499999891e+02,-7.057679177671286652e+01
4.673021367187500346e+02,-7.786358819048540170e+01
4.673024296875000232e+02,-8.015002303424104468e+01
4.673027226562500118e+02,-8.293712996405615456e+01
4.673030156250000005e+02,-7.380319579318759793e+01
4.673033085937499891e+02,-7.653183659670321504e+01
4.673036015625000346e+02,-7.623432868340245250e+01
4.673038945312500232e+02,-7.540895907272756915e+01
4.673041875000000118e+02,-7.488284649835891571e+01
4.673044804687500005e+02,-7.757801364621616358e+01
4.673047734374999891e+02,-7.561909929890714466e+01
4.673050664062500346e+02,-7.830249345440550712e+01
4.673053593750000232e+02,-7.758013992223446564e+01
4.673056523437500118e+02,-9.113854865698370133e+01
4.673059453125000005e+02,-8.109518866465731435e+01
4.673062382812499891e+02,-7.209320773878292243e+01
4.673065312500000346e+02,-7.507185177332327441e+01
4.673068242187500232e+02,-7.422339814712728412e+01
4.673071171875000118e+02,-7.256155526761280328e+01
4.673074101562500005e+02,-7.289405465601947753e+01
4.673077031249999891e+02,-7.608246334883207851e+01
4.673079960937500346e+02,-7.551200235073393685e+01
4.673082890625000232e+02,-8.461036721539289829e+01
4.673085820312500118e+02,-7.953235558536199790e+01
4.673088750000000005e+02,-7.558901333184022064e+01
4.673091679687499891e+02,-7.287905226731004404e+01
4.673094609375000346e+02,-7.319367310640757296e+01
4.673097539062500232e+02,-7.368937711040801730e+01
4.673100468750000118e+02,-8.322068465270704962e+01
4.673103398437500005e+02,-7.674386486789450146e+01
4.673106328124999891e+02,-7.458201861373667896e+01
4.673109257812500346e+02,-7.856489055980817682e+01
4.673112187500000232e+02,-8.100974513278617906e+01
4.673115117187500118e+02,-7.664353842129683869e+01
4.673118046875000005e+02,-7.968360276729889335e+01
4.673120976562499891e+02,-7.629386978028630040e+01
4.673123906250000346e+02,-9.066276649293554613e+01
4.673126835937500232e+02,-7.945598886766829594e+01
4.673129765625000118e+02,-7.298408823885701224e+01
4.673132695312500005e+02,-7.250324769638675093e+01
4.673135624999999891e+02,-7.981181146285501882e+01
4.673138554687500346e+02,-7.523484191283569089e+01
4.673141484375000232e+02,-7.565792557965065157e+01
4.673144414062500118e+02,-7.208287436125684167e+01
4.673147343750000005e+02,-7.071150048907141183e+01
4.673150273437499891e+02,-7.562010898631572786e+01
4.673153203125000346e+02,-8.420327521811877602e+01
4.673156132812500232e+02,-7.470592291726974565e+01
4.673159062500000118e+02,-8.089715518486384838e+01
4.673161992187500005e+02,-7.370684219855418462e+01
4.673164921874999891e+02,-7.367783547308218317e+01
4.673167851562500346e+02,-7.464790307729074925e+01
4.673170781250000232e+02,-7.175285040024337491e+01
4.673173710937500118e+02,-7.638888121176047719e+01
4.673176640625000005e+02,-8.688233710632744078e+01
4.673179570312499891e+02,-8.026815228830515991e+01
4.673182500000000346e+02,-8.953008459986371292e+01
4.673185429687500232e+02,-7.511561516726746390e+01
4.673188359375000118e+02,-8.073448231514996110e+01
4.673191289062500005e+02,-7.747910908039459343e+01
4.673194218749999891e+02,-7.249904650758084301e+01
4.673197148437500346e+02,-7.305480086264634565e+01
4.673200078125000232e+02,-7.540390098937410812e+01
4.673203007812500118e+02,-8.497193875753167447e+01
4.673205937500000005e+02,-8.943329851805435737e+01
4.673208867187499891e+02,-7.331100353322138119e+01
4.673211796875000346e+02,-7.328454139382741062e+01
4.673214726562500232e+02,-9.447809304342027303e+01
4.673217656250000118e+02,-7.512319340389539946e+01
4.673220585937500005e+02,-7.528466517180389417e+01
4.673223515624999891e+02,-8.184417511945619594e+01
4.673226445312500346e+02,-7.985871963341799074e+01
4.673229375000000232e+02,-8.028949940552678299e+01
4.673232304687500118e+02,-7.733069848791713241e+01
4.673235234375000005e+02,-7.290491365992585315e+01
4.673238164062499891e+02,-7.926283230156494142e+01
4.673241093750000346e+02,-7.711625173517448673e+01
4.673244023437500232e+02,-8.288608358204913884e+01
4.673246953125000118e+02,-8.314651458133836570e+01
4.673249882812500005e+02,-8.187856108350891304e+01
4.673252812499999891e+02,-7.877567588532629372e+01
4.673255742187500346e+02,-7.727636310014271714e+01
4.673258671875000232e+02,-7.447820507566122217e+01
4.673261601562500118e+02,-7.973213287313765818e+01
4.673264531250000005e+02,-7.656370506970485224e+01
4.673267460937499891e+02,-7.506232553596680646e+01
4.673270390625000346e+02,-7.993628949231779757e+01
4.673273320312500232e+02,-7.757628658654672904e+01
4.673276250000000118e+02,-7.366313842206255913e+01
4.673279179687500005e+02,-7.968244313664041556e+01
4.673282109374999891e+02,-7.719757834040083821e+01
4.673285039062500346e+02,-9.260191569165520775e+01
4.673287968750000232e+02,-7.432314400363043205e+01
4.673290898437500118e+02,-7.107205187668347435e+01
4.673293828125000005e+02,-7.404262995376329570e+01
4.673296757812499891e+02,-7.901118036951345402e+01
4.673299687500000346e+02,-7.560423864609539635e+01
4.673302617187500232e+02,-7.694874619712129515e+01
4.673305546875000118e+02,-7.635283836736564922e+01
4.673308476562500005e+02,-7.507297217623006702e+01
4.673311406249999891e+02,-7.755532223622171273e+01
4.673314335937500346e+02,-7.231522408326871698e+01
4.673317265625000232e+02,-7.733031991288173401e+01
4.673320195312500118e+02,-8.542000974924128798e+01
4.673323125000000005e+02,-8.629431217645291952e+01
4.673326054687499891e+02,-8.535986983346683132e+01
4.673328984375000346e+02,-8.981467980771236626e+01
4.673331914062500232e+02,-7.849997616218348639e+01
4.673334843750000118e+02,-8.312684510429187412e+01
4.673337773437500005e+02,-7.489052412976532480e+01
4.673340703124999891e+02,-7.961985281063429909e+01
4.673343632812500346e+02,-7.898436959263418089e+01
4.673346562500000232e+02,-8.383544728377499666e+01
4.673349492187500118e+02,-7.549437622636391154e+01
4.673352421875000005e+02,-7.406677843816723339e+01
4.673355351562499891e+02,-7.513635820133106336e+01
4.673358281250000346e+02,-7.868198114413870314e+01
4.673361210937500232e+02,-7.679804000416474707e+01
4.673364140625000118e+02,-7.820689892994398917e+01
4.673367070312500005e+02,-7.944899803343710687e+01
4.673369999999999891e+02,-7.845884781988056034e+01
4.673372929687500346e+02,-8.145981622532744382e+01
4.673375859375000232e+02,-9.088404784560989924e+01
4.673378789062500118e+02,-8.577400694003797810e+01
4.673381718750000005e+02,-7.701085155911211189e+01
4.673384648437499891e+02,-9.242134697085191419e+01
4.673387578125000346e+02,-8.401044216825002309e+01
4.673390507812500232e+02,-7.577153634082442579e+01
4.673393437500000118e+02,-7.194404217750391695e+01
4.673396367187500005e+02,-7.657613610196004572e+01
4.673399296874999891e+02,-8.616717951634043970e+01
4.673402226562500346e+02,-8.009081171172313418e+01
4.673405156250000232e+02,-7.816765451638009665e+01
4.673408085937500118e+02,-8.001263400857502006e+01
4.673411015625000005e+02,-8.225263058733391119e+01
4.673413945312499891e+02,-7.855661962592043324e+01
4.673416875000000346e+02,-7.155654844747699883e+01
4.673419804687500232e+02,-7.166122714367102731e+01
4.673422734375000118e+02,-8.080855870314721301e+01
4.673425664062500005e+02,-7.232617253222666420e+01
4.673428593749999891e+02,-7.612643969951977851e+01
4.673431523437500346e+02,-7.562390109049221110e+01
4.673434453125000232e+02,-7.562091693675908743e+01
4.673437382812500118e+02,-7.831843971777404079e+01
4.673440312500000005e+02,-7.256894377268665153e+01
4.673443242187499891e+02,-7.232897548864569615e+01
4.673446171875000346e+02,-8.501492980095756025e+01
4.673449101562500232e+02,-7.465598055032535285e+01
4.673452031250000118e+02,-7.574649027592951711e+01
4.673454960937500005e+02,-7.593456938868456518e+01
4.673457890624999891e+02,-7.297838159142638403e+01
4.673460820312500346e+02,-7.206412573582632319e+01
4.673463750000000232e+02,-7.131998833492511380e+01
4.673466679687500118e+02,-6.994094447368999568e+01
4.673469609375000005e+02,-7.489375628499237791e+01
4.673472539062499891e+02,-8.102109244648788433e+01
4.673475468750000346e+02,-7.301673376058519693e+01
4.673478398437500232e+02,-7.715134149921566120e+01
4.673481328125000118e+02,-6.969053875505275641e+01
4.673484257812500005e+02,-7.461020989482932464e+01
4.673487187499999891e+02,-7.856398966240517723e+01
4.673490117187500346e+02,-7.378022258113678333e+01
4.673493046875000232e+02,-7.129630897080696172e+01
4.673495976562500118e+02,-8.974010611227342338e+01
4.673498906250000005e+02,-7.577694953284088797e+01
4.673501835937499891e+02,-7.919347526818019389e+01
4.673504765625000346e+02,-7.418738988770107312e+01
4.673507695312500232e+02,-7.637473794582562903e+01
4.673510625000000118e+02,-8.422004389534183133e+01
4.673513554687500005e+02,-8.199940327990539402e+01
4.673516484374999891e+02,-7.147713356172617694e+01
4.673519414062500346e+02,-7.568878174534205527e+01
4.673522343750000232e+02,-7.527807649276378754e+01
4.673525273437500118e+02,-7.578298210557905179e+01
4.673528203125000005e+02,-7.410820601963078502e+01
4.673531132812499891e+02,-7.265316746038480744e+01
4.673534062500000346e+02,-7.772025520243953167e+01
4.673536992187500232e+02,-8.576990211117475837e+01
4.673539921875000118e+02,-7.020094811138901036e+01
4.673542851562500005e+02,-7.252900630573732599e+01
4.673545781249999891e+02,-7.829789671447916533e+01
4.673548710937500346e+02,-7.452571014359183721e+01
4.673551640625000232e+02,-7.484139921639838633e+01
4.673554570312500118e+02,-7.474091007256193109e+01
4.673557500000000005e+02,-7.815262594057875845e+01
4.673560429687499891e+02,-7.787099988266760420e+01
4.673563359375000346e+02,-7.742943307175268330e+01
4.673566289062500232e+02,-7.185755468821560044e+01
4.673569218750000118e+02,-7.380727255626693761e+01
4.673572148437500005e+02,-7.235264338963281716e+01
4.673575078124999891e+02,-7.257870631388057348e+01
4.673578007812500346e+02,-7.645193917764768798e+01
4.673580937500000232e+02,-8.496945112363782471e+01
4.673583867187500118e+02,-7.485407493807338142e+01
4.673586796875000005e+02,-7.259122641009261656e+01
4.673589726562499891e+02,-8.838709675378190411e+01
4.673592656250000346e+02,-8.179808127525716088e+01
4.673595585937500232e+02,-7.274841710090950642e+01
4.673598515625000118e+02,-7.740978668592215683e+01
4.673601445312500005e+02,-7.940643298920589643e+01
4.673604374999999891e+02,-7.553863760777916525e+01
4.673607304687500346e+02,-8.399017672052009686e+01
4.673610234375000232e+02,-7.555066828006063417e+01
4.673613164062500118e+02,-8.476052367933488085e+01
4.673616093750000005e+02,-7.872662150370280187e+01
4.673619023437499891e+02,-7.427066383375105829e+01
4.673621953125000346e+02,-7.528505107434742172e+01
4.673624882812500232e+02,-8.987060405861085144e+01
4.673627812500000118e+02,-8.971918576590276473e+01
4.673630742187500005e+02,-9.546611903576314262e+01
4.673633671874999891e+02,-9.607992626656485413e+01
4.673636601562500346e+02,-9.013826751312636532e+01
4.673639531250000232e+02,-8.085795329692578548e+01
4.673642460937500118e+02,-7.713984183993551369e+01
4.673645390625000005e+02,-7.662905308290933704e+01
4.673648320312499891e+02,-7.747560435199461892e+01
4.673651250000000346e+02,-7.754431559820939412e+01
4.673654179687500232e+02,-8.336150213978206125e+01
4.673657109375000118e+02,-9.800859042660090381e+01
4.673660039062500005e+02,-8.082041248891817986e+01
4.673662968749999891e+02,-8.039770306256897925e+01
4.673665898437500346e+02,-7.387325026706452036e+01
4.673668828125000232e+02,-7.250760906120378024e+01
4.673671757812500118e+02,-7.205207436633776297e+01
4.673674687500000005e+02,-7.290733406538561212e+01
4.673677617187499891e+02,-7.608222010671769908e+01
4.673680546875000346e+02,-8.835761410314222530e+01
4.673683476562500232e+02,-9.193373245398481686e+01
4.673686406250000118e+02,-7.957013368158261812e+01
4.673689335937500005e+02,-7.140206577220973827e+01
4.673692265624999891e+02,-6.815120688384118353e+01
4.673695195312500346e+02,-6.990039440493208645e+01
4.673698125000000232e+02,-7.438438410856461758e+01
4.673701054687500118e+02,-8.167496258409771315e+01
4.673703984375000005e+02,-7.418003476468621216e+01
4.673706914062499891e+02,-7.556622401591870641e+01
4.673709843750000346e+02,-7.904579279581315632e+01
4.673712773437500232e+02,-7.525096039108467494e+01
4.673715703125000118e+02,-7.341022865257176022e+01
4.673718632812500005e+02,-7.094397330125229928e+01
4.673721562499999891e+02,-6.908371938379184485e+01
4.673724492187500346e+02,-6.992561838972257249e+01
4.673727421875000232e+02,-7.408514651867696443e+01
4.673730351562500118e+02,-9.574012301150872872e+01
4.673733281250000005e+02,-7.873503076870265716e+01
4.673736210937499891e+02,-9.118883734021211751e+01
4.673739140625000346e+02,-7.766671161678283397e+01
4.673742070312500232e+02,-7.346314712611106756e+01
4.673745000000000118e+02,-7.396447665819732720e+01
4.673747929687500005e+02,-7.457672402581765425e+01
4.673750859374999891e+02,-7.886330404893756452e+01
4.673753789062500346e+02,-8.059594542804705952e+01
4.673756718750000232e+02,-7.993699612280407507e+01
4.673759648437500118e+02,-7.990983241938351966e+01
4.673762578125000005e+02,-7.286769859090175316e+01
4.673765507812499891e+02,-7.374944779099159575e+01
4.673768437500000346e+02,-9.045049292542090313e+01
4.673771367187500232e+02,-7.100217321769510193e+01
4.673774296875000118e+02,-7.185580677568239594e+01
4.673777226562500005e+02,-7.652071968179197370e+01
4.673780156249999891e+02,-7.418367474309037846e+01
4.673783085937500346e+02,-7.343909318111347773e+01
4.673786015625000232e+02,-7.649843410636934493e+01
4.673788945312500118e+02,-7.263768043850470235e+01
4.673791875000000005e+02,-8.070484734746617050e+01
4.673794804687499891e+02,-7.298888382252303586e+01
4.673797734375000346e+02,-7.635972809867168110e+01
4.673800664062500232e+02,-8.148710249926398319e+01
4.673803593750000118e+02,-8.063318215941599476e+01
4.673806523437500005e+02,-7.380191360002127965e+01
4.673809453124999891e+02,-7.234628875911101886e+01
4.673812382812500346e+02,-7.416781584173565989e+01
4.673815312500000232e+02,-7.429430926700916871e+01
4.673818242187500118e+02,-7.139941227435815563e+01
4.673821171875000005e+02,-7.477895185809043710e+01
4.673824101562499891e+02,-7.737184603147224493e+01
4.673827031250000346e+02,-7.340406350650974332e+01
4.673829960937500232e+02,-8.174088521699383136e+01
4.673832890625000118e+02,-7.343640885972475019e+01
4.673835820312500005e+02,-7.413974504186312231e+01
4.673838749999999891e+02,-7.719517463340964980e+01
4.673841679687500346e+02,-7.618385775768865642e+01
4.673844609375000232e+02,-7.146935604589785385e+01
4.673847539062500118e+02,-7.769320982106168572e+01
4.673850468750000005e+02,-7.800413146225767491e+01
4.673853398437499891e+02,-7.249107380189320793e+01
4.673856328125000346e+02,-7.155416815712568734e+01
4.673859257812500232e+02,-7.787705047001813341e+01
4.673862187500000118e+02,-7.661622014864762775e+01
4.673865117187500005e+02,-7.711137512514837056e+01
4.673868046874999891e+02,-7.312829009042629025e+01
4.673870976562500346e+02,-7.383484579753188370e+01
4.673873906250000232e+02,-7.673235465588678039e+01
4.673876835937500118e+02,-7.768803815414163694e+01
4.673879765625000005e+02,-8.568666124135488360e+01
4.673882695312499891e+02,-8.089701884120233899e+01
4.673885625000000346e+02,-7.374569815190486111e+01
4.673888554687500232e+02,-7.600051403325474553e+01
4.673891484375000118e+02,-7.442157048752504522e+01
4.673894414062500005e+02,-7.560359144590209723e+01
4.673897343749999891e+02,-8.467605518130746134e+01
4.673900273437500346e+02,-8.132202081089059220e+01
4.673903203125000232e+02,-7.624155429439340992e+01
4.673906132812500118e+02,-7.589522433687464797e+01
4.673909062500000005e+02,-9.034166808089933909e+01
4.673911992187499891e+02,-7.571465683381410372e+01
4.673914921875000346e+02,-7.374720333326129662e+01
4.673917851562500232e+02,-7.847138749004292890e+01
4.673920781250000118e+02,-8.296951969279291461e+01
4.673923710937500005e+02,-8.675204115704120511e+01
4.673926640624999891e+02,-7.893086452506101125e+01
4.673929570312500346e+02,-7.952240247684466112e+01
4.673932500000000232e+02,-8.768217556437971894e+01
4.673935429687500118e+02,-7.699697602189372958e+01
4.673938359375000005e+02,-7.053235784922649998e+01
4.673941289062499891e+02,-6.951041990848293040e+01
4.673944218750000346e+02,-7.006946636325655220e+01
4.673947148437500232e+02,-7.059108019732923367e+01
4.673950078125000118e+02,-7.253543307986893751e+01
4.673953007812500005e+02,-7.600690796989225362e+01
4.673955937499999891e+02,-7.454217288835400268e+01
4.673958867187500346e+02,-7.867476773830416903e+01
4.673961796875000232e+02,-7.566093359279371100e+01
4.673964726562500118e+02,-7.365711492779750813e+01
4.673967656250000005e+02,-7.179095851447638665e+01
4.673970585937499891e+02,-7.013031095071303866e+01
4.673973515625000346e+02,-7.001503607969196707e+01
4.673976445312500232e+02,-7.164091874891798284e+01
4.673979375000000118e+02,-7.320618539542108749e+01
4.673982304687500005e+02,-7.010487923252642872e+01
4.673985234374999891e+02,-7.532523866875538943e+01
4.673988164062500346e+02,-7.211701994830849571e+01
4.673991093750000232e+02,-7.624640680484900201e+01
4.673994023437500118e+02,-7.723878018946726343e+01
4.673996953125000005e+02,-8.369698062402869709e+01
4.673999882812499891e+02,-8.314423089208105466e+01
4.674002812500000346e+02,-7.431626708652591162e+01
4.674005742187500232e+02,-6.820518303985876685e+01
4.674008671875000118e+02,-7.219305978710060856e+01
4.674011601562500005e+02,-8.475877854738908468e+01
4.674014531249999891e+02,-7.713720018380746524e+01
4.674017460937500346e+02,-7.036570371259345791e+01
4.674020390625000232e+02,-7.380093320363184262e+01
4.674023320312500118e+02,-7.775970328972735501e+01
4.674026250000000005e+02,-7.890770800299914356e+01
4.674029179687499891e+02,-7.325930820182979630e+01
4.674032109375000346e+02,-6.648000162019636150e+01
4.674035039062500232e+02,-7.095415203962485862e+01
4.674037968750000118e+02,-7.177136399226046137e+01
4.674040898437500005e+02,-7.211468723342976261e+01
4.674043828124999891e+02,-7.441419895346928115e+01
4.674046757812500346e+02,-8.085382137058310548e+01
4.674049687500000232e+02,-7.217908191948782815e+01
4.674052617187500118e+02,-8.610457775584421825e+01
4.674055546875000005e+02,-7.851366418932236968e+01
4.674058476562499891e+02,-7.567800799267206457e+01
4.674061406250000346e+02,-7.402794565631087664e+01
4.674064335937500232e+02,-7.223253942243592007e+01
4.674067265625000118e+02,-7.405711617322124596e+01
4.674070195312500005e+02,-7.500115476178253004e+01
4.674073124999999891e+02,-7.353627341266633266e+01
4.674076054687500346e+02,-7.405981696513390489e+01
4.674078984375000232e+02,-7.617947990494161559e+01
4.674081914062500118e+02,-7.412139266378241587e+01
4.674084843750000005e+02,-7.555876208566382957e+01
4.674087773437499891e+02,-7.314715278880770200e+01
4.674090703125000346e+02,-7.122054732404143351e+01
4.674093632812500232e+02,-6.821388587010831372e+01
4.674096562500000118e+02,-6.952217530799481437e+01
4.674099492187500005e+02,-7.341498274502605170e+01
4.674102421874999891e+02,-7.266035024977541923e+01
4.674105351562500346e+02,-7.218983535059888368e+01
4.674108281250000232e+02,-7.038964792983414043e+01
4.674111210937500118e+02,-7.496734129983472883e+01
4.674114140625000005e+02,-9.237083288316063090e+01
4.674117070312499891e+02,-7.787401322814918103e+01
4.674120000000000346e+02,-7.158955384474440109e+01
4.674122929687500232e+02,-7.555364812383780304e+01
4.674125859375000118e+02,-7.928097064783477776e+01
4.674128789062500005e+02,-8.420519657255621837e+01
4.674131718749999891e+02,-7.303061401262849017e+01
4.674134648437500346e+02,-7.272533300003969714e+01
4.674137578125000232e+02,-7.437059242303475060e+01
4.674140507812500118e+02,-8.239394115104552441e+01
4.674143437500000005e+02,-7.019790792614476516e+01
4.674146367187499891e+02,-7.383070586102148525e+01
4.674149296875000346e+02,-8.158138894739198577e+01
4.674152226562500232e+02,-8.615559738890286212e+01
4.674155156250000118e+02,-7.583560588531631197e+01
4.674158085937500005e+02,-7.067482107377952616e+01
4.674161015624999891e+02,-7.172223154312051463e+01
4.674163945312500346e+02,-7.847519209507508720e+01
4.674166875000000232e+02,-7.736352849822642952e+01
4.674169804687500118e+02,-8.433235432004705956e+01
4.674172734375000005e+02,-7.441097406345210175e+01
4.674175664062499891e+02,-7.697489795053830619e+01
4.674178593750000346e+02,-7.836695311419863685e+01
4.674181523437500232e+02,-7.692411164276302316e+01
4.674184453125000118e+02,-6.715837196871974868e+01
4.674187382812500005e+02,-7.004596964557551075e+01
4.674190312499999891e+02,-9.473653167332483349e+01
4.674193242187500346e+02,-8.759706160284737564e+01
4.674196171875000232e+02,-7.494478288807411559e+01
4.674199101562500118e+02,-7.713923298959188912e+01
4.674202031250000005e+02,-7.566890083883637885e+01
4.674204960937499891e+02,-8.006223749971400139e+01
4.674207890625000346e+02,-6.947270144626125443e+01
4.674210820312500232e+02,-6.970770394053096197e+01
4.674213750000000118e+02,-8.451717631303266387e+01
4.674216679687500005e+02,-8.893546939790280703e+01
4.674219609374999891e+02,-7.688534584301140740e+01
4.674222539062500346e+02,-8.184288241464037128e+01
4.674225468750000232e+02,-7.814552180780029289e+01
4.674228398437500118e+02,-7.588514917403040272e+01
4.674231328125000005e+02,-7.489515288054542452e+01
4.674234257812499891e+02,-7.199236137611339359e+01
4.674237187500000346e+02,-8.003591080481342601e+01
4.674240117187500232e+02,-7.683619112711343746e+01
4.674243046875000118e+02,-6.916626759823330417e+01
4.674245976562500005e+02,-7.178345384219910841e+01
4.674248906249999891e+02,-7.367957828114624874e+01
4.674251835937500346e+02,-7.152587155921919759e+01
4.674254765625000232e+02,-7.726431201206384003e+01
4.674257695312500118e+02,-7.890699049252860675e+01
4.674260625000000005e+02,-8.808298835941721450e+01
4.674263554687499891e+02,-8.340064306132586580e+01
4.674266484375000346e+02,-7.041743250455706971e+01
4.674269414062500232e+02,-6.797421046013602108e+01
4.674272343750000118e+02,-6.854175305464619328e+01
4.674275273437500005e+02,-6.898809506003830450e+01
4.674278203124999891e+02,-7.301525886251899067e+01
4.674281132812500346e+02,-7.768427254401012760e+01
4.674284062500000232e+02,-7.268287739174928674e+01
4.674286992187500118e+02,-7.112571923808550878e+01
4.674289921875000005e+02,-7.842422243926937142e+01
4.674292851562499891e+02,-7.744274509259575723e+01
4.674295781250000346e+02,-7.190891159216120343e+01
4.674298710937500232e+02,-7.158001928295389860e+01
4.674301640625000118e+02,-7.787780945529496535e+01
4.674304570312500005e+02,-7.704529856111710728e+01
4.674307499999999891e+02,-7.899833214866042397e+01
4.674310429687500346e+02,-8.372579903723402595e+01
4.674313359375000232e+02,-8.931819394969369341e+01
4.674316289062500118e+02,-7.318107351409634020e+01
4.674319218750000005e+02,-7.101742680454802326e+01
4.674322148437499891e+02,-7.455356010230042330e+01
4.674325078125000346e+02,-7.731788809967002862e+01
4.674328007812500232e+02,-7.396361027427499835e+01
4.674330937500000118e+02,-7.539298801821855989e+01
4.674333867187500005e+02,-7.795420732445862200e+01
4.674336796874999891e+02,-7.210480715901859128e+01
4.674339726562500346e+02,-7.136233345947906059e+01
4.674342656250000232e+02,-6.846637911380524599e+01
4.674345585937500118e+02,-7.043587923749410606e+01
4.674348515625000005e+02,-6.977668333900956554e+01
4.674351445312499891e+02,-6.723301522189041179e+01
4.674354375000000346e+02,-6.718535935764823819e+01
4.674357304687500232e+02,-7.807223122096581847e+01
4.674360234375000118e+02,-7.000208205878091405e+01
4.674363164062500005e+02,-7.081832058144128439e+01
4.674366093749999891e+02,-6.915021751381996751e+01
4.674369023437500346e+02,-7.199198407752535900e+01
4.674371953125000232e+02,-7.564824826148635850e+01
4.674374882812500118e+02,-7.459973981991618075e+01
4.674377812500000005e+02,-7.051275536825845336e+01
4.674380742187499891e+02,-6.983110203271726846e+01
4.674383671875000346e+02,-6.792239800825197449e+01
4.674386601562500232e+02,-6.866800151638520333e+01
4.674389531250000118e+02,-7.573641642397350893e+01
4.674392460937500005e+02,-7.371949089321196880e+01
4.674395390624999891e+02,-7.301472898625748087e+01
4.674398320312500346e+02,-7.371270011331677097e+01
4.674401250000000232e+02,-7.414906071184947223e+01
4.674404179687500118e+02,-6.896478658261213468e+01
4.674407109375000005e+02,-7.276008685573485479e+01
4.674410039062499891e+02,-8.439704504822181264e+01
4.674412968750000346e+02,-7.582110587336325125e+01
4.674415898437500232e+02,-8.403952049259997636e+01
4.674418828125000118e+02,-7.055057932094388207e+01
4.674421757812500005e+02,-6.557136293506532354e+01
4.674424687499999891e+02,-7.651863499353805764e+01
4.674427617187500346e+02,-7.792599553021398151e+01
4.674430546875000232e+02,-7.135908296307404441e+01
4.674433476562500118e+02,-8.906188016082469971e+01
4.674436406250000005e+02,-7.252782904988097812e+01
4.674439335937499891e+02,-7.520885308701495831e+01
4.674442265625000346e+02,-7.001675125142847378e+01
4.674445195312500232e+02,-7.285106306939059095e+01
4.674448125000000118e+02,-7.525756346184408585e+01
4.674451054687500005e+02,-7.060790208103367149e+01
4.674453984374999891e+02,-6.584689288060030776e+01
4.674456914062500346e+02,-6.657036436916685318e+01
4.674459843750000232e+02,-7.369017343044679080e+01
4.674462773437500118e+02,-7.538025888094270499e+01
4.674465703125000005e+02,-7.005721308723079233e+01
4.674468632812499891e+02,-6.873616470222188468e+01
4.674471562500000346e+02,-6.897716749771404920e+01
4.674474492187500232e+02,-7.134128139970910354e+01
4.674477421875000118e+02,-7.103758915361423476e+01
4.674480351562500005e+02,-7.296497758999326777e+01
4.674483281249999891e+02,-7.726045001416156310e+01
4.674486210937500346e+02,-7.109796300450257434e+01
4.674489140625000232e+02,-8.714166660267947861e+01
4.674492070312500118e+02,-6.915757088617775139e+01
4.674495000000000005e+02,-7.718347775642445185e+01
4.674497929687499891e+02,-7.568411986568422378e+01
4.674500859375000346e+02,-8.007977934155321975e+01
4.674503789062500232e+02,-8.007909845671625249e+01
4.674506718750000118e+02,-7.501155019586786921e+01
4.674509648437500005e+02,-7.838641353064969053e+01
4.674512578124999891e+02,-6.899999108486250066e+01
4.674515507812500346e+02,-7.922243298842062131e+01
4.674518437500000232e+02,-6.652227004110089581e+01
4.674521367187500118e+02,-7.291117871296991382e+01
4.674524296875000005e+02,-8.166051351153973314e+01
4.674527226562499891e+02,-7.823243467648195804e+01
4.674530156250000346e+02,-8.053792388872780350e+01
4.674533085937500232e+02,-7.059707129941612891e+01
4.674536015625000118e+02,-7.446154150616310119e+01
4.674538945312500005e+02,-7.404047051374008959e+01
4.674541874999999891e+02,-7.236520207840852947e+01
4.674544804687500346e+02,-7.634401520336540159e+01
4.674547734375000232e+02,-7.804283376778646186e+01
4.674550664062500118e+02,-8.295517770834563009e+01
4.674553593750000005e+02,-7.377147990082966089e+01
4.674556523437499891e+02,-6.646426119005478483e+01
4.674559453125000346e+02,-6.703526000001974694e+01
4.674562382812500232e+02,-6.764948604562478351e+01
4.674565312500000118e+02,-7.098537397662794035e+01
4.674568242187500005e+02,-6.988508174649805937e+01
4.674571171874999891e+02,-8.471373922675871881e+01
4.674574101562500346e+02,-7.664743528629193747e+01
4.674577031250000232e+02,-6.854289802612346705e+01
4.674579960937500118e+02,-7.369416063742124834e+01
4.674582890625000005e+02,-8.415667801420977412e+01
4.674585820312499891e+02,-7.626567429996859460e+01
4.674588750000000346e+02,-7.233850188561932271e+01
4.674591679687500232e+02,-7.565608455737290683e+01
4.674594609375000118e+02,-6.773830402183389765e+01
4.674597539062500005e+02,-7.038069164349975892e+01
4.674600468749999891e+02,-7.148641273726065037e+01
4.674603398437500346e+02,-7.437361805224095690e+01
4.674606328125000232e+02,-6.707796256125973855e+01
4.674609257812500118e+02,-6.733737650390142448e+01
4.674612187500000005e+02,-7.019673667299842634e+01
4.674615117187499891e+02,-7.273484654043181763e+01
4.674618046875000346e+02,-8.344316304411000829e+01
4.674620976562500232e+02,-7.963820425472297870e+01
4.674623906250000118e+02,-7.655302825146401347e+01
4.674626835937500005e+02,-7.236568379771509285e+01
4.674629765624999891e+02,-7.018716314162544734e+01
4.674632695312500346e+02,-6.504470351686690321e+01
4.674635625000000232e+02,-6.787283743931521940e+01
4.674638554687500118e+02,-7.745869765057852874e+01
4.674641484375000005e+02,-7.027509492865024754e+01
4.674644414062499891e+02,-7.873111571400369257e+01
4.674647343750000346e+02,-6.943954077197831509e+01
4.674650273437500232e+02,-6.996757356554836349e+01
4.674653203125000118e+02,-7.486193012812302072e+01
4.674656132812500005e+02,-7.070002255450289397e+01
4.674659062499999891e+02,-6.954783366378357812e+01
4.674661992187500346e+02,-7.047933492615698015e+01
4.674664921875000232e+02,-7.380919612095188143e+01
4.674667851562500118e+02,-7.251620853459064620e+01
4.674670781250000005e+02,-7.423516441259228316e+01
4.674673710937499891e+02,-7.280982551322247787e+01
4.674676640625000346e+02,-7.396295404078996683e+01
4.674679570312500232e+02,-7.177815149020085528e+01
4.674682500000000118e+02,-6.531635942770449788e+01
4.674685429687500005e+02,-6.755987650875412953e+01
4.674688359374999891e+02,-8.479071959371896128e+01
4.674691289062500346e+02,-7.515238037118449199e+01
4.674694218750000232e+02,-6.968453959901160033e+01
4.674697148437500118e+02,-7.042518388591743417e+01
4.674700078125000005e+02,-6.808386962351976024e+01
4.674703007812499891e+02,-6.751124552400260370e+01
4.674705937500000346e+02,-7.149103417940284544e+01
4.674708867187500232e+02,-6.864946987928364308e+01
4.674711796875000118e+02,-7.485229789626180263e+01
4.674714726562500005e+02,-7.297190011059929304e+01
4.674717656249999891e+02,-7.050451204638083880e+01
4.674720585937500346e+02,-7.133040782164563609e+01
4.674723515625000232e+02,-7.060063250901619369e+01
4.674726445312500118e+02,-7.861710734627605746e+01
4.674729375000000005e+02,-9.134308957008076391e+01
4.674732304687499891e+02,-7.149822400827862623e+01
4.674735234375000346e+02,-7.399726984077658187e+01
4.674738164062500232e+02,-7.385203368922137201e+01
4.674741093750000118e+02,-6.700663857881839647e+01
4.674744023437500005e+02,-6.607766368887234876e+01
4.674746953124999891e+02,-6.675422915463464335e+01
4.674749882812500346e+02,-7.454256706391610976e+01
4.674752812500000232e+02,-7.253031645268021066e+01
4.674755742187500118e+02,-7.530928222898575086e+01
4.674758671875000005e+02,-9.796936298563917944e+01
4.674761601562499891e+02,-7.660750338267553161e+01
4.674764531250000346e+02,-6.734156149223652221e+01
4.674767460937500232e+02,-6.519902256712276767e+01
4.674770390625000118e+02,-6.526579081247697900e+01
4.674773320312500005e+02,-6.947772234221474719e+01
4.674776249999999891e+02,-7.241366787775706371e+01
4.674779179687500346e+02,-7.459665540612957102e+01
4.674782109375000232e+02,-8.031519227333347999e+01
4.674785039062500118e+02,-7.674595440685658332e+01
4.674787968750000005e+02,-7.638736661218621293e+01
4.674790898437499891e+02,-6.658510450221442056e+01
4.674793828125000346e+02,-6.527003085147427441e+01
4.674796757812500232e+02,-6.671817390878457843e+01
4.674799687500000118e+02,-6.782112392894730135e+01
4.674802617187500005e+02,-6.709459416525591280e+01
4.674805546874999891e+02,-7.189672057400041183e+01
4.674808476562500346e+02,-7.104032223966743231e+01
4.674811406250000232e+02,-7.002291454388516456e+01
4.674814335937500118e+02,-6.170346983191193857e+01
4.674817265625000005e+02,-6.216908782012542645e+01
4.674820195312499891e+02,-6.764711484438387856e+01
4.674823125000000346e+02,-8.114002753510872878e+01
4.674826054687500232e+02,-6.903857884782443932e+01
4.674828984375000118e+02,-6.718976682928922628e+01
4.674831914062500005e+02,-7.173650346901720809e+01
4.674834843749999891e+02,-7.212107761566015540e+01
4.674837773437500346e+02,-7.117252081571596989e+01
4.674840703125000232e+02,-7.242326507648526501e+01
4.674843632812500118e+02,-7.758441570102368701e+01
4.674846562500000005e+02,-7.419267056346238576e+01
4.674849492187499891e+02,-6.825308265877663416e+01
4.674852421875000346e+02,-6.715446319687910659e+01
4.674855351562500232e+02,-7.096895795742368307e+01
4.674858281250000118e+02,-7.097935901239247869e+01
4.674861210937500005e+02,-6.387423872102812084e+01
4.674864140624999891e+02,-6.341659364043483293e+01
4.674867070312500346e+02,-6.258685287378293083e+01
4.674870000000000232e+02,-7.958189252367306210e+01
4.674872929687500118e+02,-6.600924555943377925e+01
4.674875859375000005e+02,-6.891304261368453865e+01
4.674878789062499891e+02,-6.730694249461598133e+01
4.674881718750000346e+02,-6.922076892448605179e+01
4.674884648437500232e+02,-7.435322273803623716e+01
4.674887578125000118e+02,-8.479006929574971707e+01
4.674890507812500005e+02,-7.394098952358402244e+01
4.674893437499999891e+02,-6.925259307133246978e+01
4.674896367187500346e+02,-6.473614073795609158e+01
4.674899296875000232e+02,-6.391990936047144345e+01
4.674902226562500118e+02,-6.357368816089462626e+01
4.674905156250000005e+02,-7.252260797573866569e+01
4.674908085937499891e+02,-6.277179781187215468e+01
4.674911015625000346e+02,-7.260139742921992934e+01
4.674913945312500232e+02,-5.865073955401167893e+01
4.674916875000000118e+02,-5.808475501878118052e+01
4.674919804687500005e+02,-6.724690660633426376e+01
4.674922734374999891e+02,-6.762195828175734391e+01
4.674925664062500346e+02,-7.116804205834405650e+01
4.674928593750000232e+02,-6.802293665539893652e+01
4.674931523437500118e+02,-6.778937705877228836e+01
4.674934453125000005e+02,-6.998526852443784207e+01
4.674937382812499891e+02,-6.376187829054241263e+01
4.674940312500000346e+02,-6.430018341436876028e+01
4.674943242187500232e+02,-6.933314925608640067e+01
4.674946171875000118e+02,-7.974603423127892654e+01
4.674949101562500005e+02,-6.631977677792346526e+01
4.674952031249999891e+02,-6.642931448487566115e+01
4.674954960937500346e+02,-6.890869201888234841e+01
4.674957890625000232e+02,-7.460529234659306042e+01
4.674960820312500118e+02,-7.145882914322700685e+01
4.674963750000000005e+02,-6.541714052759803621e+01
4.674966679687499891e+02,-6.711808159110421457e+01
4.674969609375000346e+02,-6.147245733477735286e+01
4.674972539062500232e+02,-6.299741327925167411e+01
4.674975468750000118e+02,-6.316868430788556310e+01
4.674978398437500005e+02,-6.049230999560844424e+01
4.674981328124999891e+02,-6.234090085615221710e+01
4.674984257812500346e+02,-6.700859378179646342e+01
4.674987187500000232e+02,-6.452355119376336745e+01
4.674990117187500118e+02,-6.714306282180822905e+01
4.674993046875000005e+02,-6.769647748475948390e+01
4.674995976562499891e+02,-6.795369428044890014e+01
4.674998906250000346e+02,-6.486221194586241268e+01
4.675001835937500232e+02,-6.398298744341744992e+01
4.675004765625000118e+02,-6.599345123766065058e+01
4.675007695312500005e+02,-6.519564477458783358e+01
4.675010624999999891e+02,-6.328401221036301649e+01
4.675013554687500346e+02,-6.592287313859196729e+01
4.675016484375000232e+02,-7.160598170396609419e+01
4.675019414062500118e+02,-7.505588755960320668e+01
4.675022343750000005e+02,-7.631290841107562528e+01
4.675025273437499891e+02,-7.001918905250505532e+01
4.675028203125000346e+02,-6.700705092934202867e+01
4.675031132812500232e+02,-6.821560675919302241e+01
4.675034062500000118e+02,-6.551742705206331152e+01
4.675036992187500005e+02,-6.440415437815532584e+01
4.675039921874999891e+02,-6.837992436643213523e+01
4.675042851562500346e+02,-6.672112888638501715e+01
4.675045781250000232e+02,-6.237356753004551990e+01
4.675048710937500118e+02,-6.306705159146809336e+01
4.675051640625000005e+02,-6.332183358803113293e+01
4.675054570312499891e+02,-6.722430139139299854e+01
4.675057500000000346e+02,-6.314248522138532849e+01
4.675060429687500232e+02,-6.417037679980481357e+01
4.675063359375000118e+02,-7.577853875953897500e+01
4.675066289062500005e+02,-7.089069226763093923e+01
4.675069218749999891e+02,-7.203194759163588401e+01
4.675072148437500346e+02,-6.535261793261325636e+01
4.675075078125000232e+02,-6.599893253967438511e+01
4.675078007812500118e+02,-7.627881439647269701e+01
4.675080937500000005e+02,-7.132376392916695806e+01
4.675083867187499891e+02,-7.153537856607196943e+01
4.675086796875000346e+02,-7.285790044407735877e+01
4.675089726562500232e+02,-6.679087971778251642e+01
4.675092656250000118e+02,-6.673396500569234036e+01
4.675095585937500005e+02,-6.963006229151287130e+01
4.675098515624999891e+02,-6.671819847865832287e+01
4.675101445312500346e+02,-6.802059418733783502e+01
4.675104375000000232e+02,-8.451200119145707390e+01
4.675107304687500118e+02,-7.634647999506003657e+01
4.675110234375000005e+02,-7.446601978286537360e+01
4.675113164062499891e+02,-7.609311329702300952e+01
4.675116093750000346e+02,-6.537717443532199013e+01
4.675119023437500232e+02,-6.555269943507653352e+01
4.675121953125000118e+02,-7.161767722896256316e+01
4.675124882812500005e+02,-6.709492722396882414e+01
4.675127812499999891e+02,-6.630740945775976058e+01
4.675130742187500346e+02,-7.413258444996850471e+01
4.675133671875000232e+02,-7.926701231174425288e+01
4.675136601562500118e+02,-6.926990219595272436e+01
4.675139531250000005e+02,-7.418760148065952365e+01
4.675142460937499891e+02,-6.774555005625464332e+01
4.675145390625000346e+02,-7.525694757565196369e+01
4.675148320312500232e+02,-7.070343336761041542e+01
4.675151250000000118e+02,-6.757634409472763082e+01
4.675154179687500005e+02,-6.773003345204026004e+01
4.675157109374999891e+02,-6.574194067249793250e+01
4.675160039062500346e+02,-6.835285413835778456e+01
4.675162968750000232e+02,-6.771624754754272146e+01
4.675165898437500118e+02,-6.827897553257682262e+01
4.675168828125000005e+02,-6.763282475351937251e+01
4.675171757812499891e+02,-6.720002878562017656e+01
4.675174687500000346e+02,-6.708435175269094941e+01
4.675177617187500232e+02,-7.044742408962781610e+01
4.675180546875000118e+02,-7.080113038591311181e+01
4.675183476562500005e+02,-7.974379697411312407e+01
4.675186406249999891e+02,-7.251043088598623854e+01
4.675189335937500346e+02,-6.680088592263957992e+01
4.675192265625000232e+02,-6.690931026348775390e+01
4.675195195312500118e+02,-7.194487474219786804e+01
4.675198125000000005e+02,-6.541248002303697717e+01
4.675201054687499891e+02,-6.279550314774618158e+01
4.675203984375000346e+02,-6.474787526375671121e+01
4.675206914062500232e+02,-6.525301285055525113e+01
4.675209843750000118e+02,-6.825743704631986475e+01
4.675212773437500005e+02,-6.532911189964109155e+01
4.675215703124999891e+02,-7.046146322154189079e+01
4.675218632812500346e+02,-7.220560991543958096e+01
4.675221562500000232e+02,-6.651535053205067527e+01
4.675224492187500118e+02,-6.261048426446468795e+01
4.675227421875000005e+02,-6.109942469469022086e+01
4.675230351562499891e+02,-6.265806666669006830e+01
4.675233281250000346e+02,-6.693121502597507799e+01
4.675236210937500232e+02,-8.102988547038329159e+01
4.675239140625000118e+02,-7.090000414298114606e+01
4.675242070312500005e+02,-8.884344824305735244e+01
4.675244999999999891e+02,-6.815420188607750163e+01
4.675247929687500346e+02,-6.224647602987229789e+01
4.675250859375000232e+02,-6.205793124213005285e+01
4.675253789062500118e+02,-6.467981738479130627e+01
4.675256718750000005e+02,-7.192097520324244897e+01
4.675259648437499891e+02,-7.537578017283800591e+01
4.675262578125000346e+02,-7.144942407073914126e+01
4.675265507812500232e+02,-6.415061010117675266e+01
4.675268437500000118e+02,-6.596204013503735553e+01
4.675271367187500005e+02,-7.964492658352482124e+01
4.675274296874999891e+02,-6.697022008678189309e+01
4.675277226562500346e+02,-6.845051982557141912e+01
4.675280156250000232e+02,-7.708892794966205031e+01
4.675283085937500118e+02,-7.093674137593951912e+01
4.675286015625000005e+02,-6.316343430162895345e+01
4.675288945312499891e+02,-6.217134251155675884e+01
4.675291875000000346e+02,-6.959121015183355041e+01
4.675294804687500232e+02,-6.385755764557471537e+01
4.675297734375000118e+02,-6.298089281000811468e+01
4.675300664062500005e+02,-6.378742883675044339e+01
4.675303593749999891e+02,-7.209744647020069408e+01
4.675306523437500346e+02,-7.118638569436851071e+01
4.675309453125000232e+02,-6.642079137412522982e+01
4.675312382812500118e+02,-6.232060154280048181e+01
4.675315312500000005e+02,-6.942175766360197997e+01
4.675318242187499891e+02,-6.639671530009485423e+01
4.675321171875000346e+02,-6.486308242374360589e+01
4.675324101562500232e+02,-6.732953423542662108e+01
4.675327031250000118e+02,-6.545738984799794480e+01
4.675329960937500005e+02,-7.370166025318415848e+01
4.675332890624999891e+02,-7.367491383473080191e+01
4.675335820312500346e+02,-6.226167603974370479e+01
4.675338750000000232e+02,-6.196737781541841628e+01
4.675341679687500118e+02,-6.858002713673599260e+01
4.675344609375000005e+02,-6.923102967058488844e+01
4.675347539062499891e+02,-6.389265578582539007e+01
4.675350468750000346e+02,-6.368939354267612885e+01
4.675353398437500232e+02,-8.325385972543635660e+01
4.675356328125000118e+02,-6.834772766440801206e+01
4.675359257812500005e+02,-6.604879940119057835e+01
4.675362187499999891e+02,-6.521976743244368890e+01
4.675365117187500346e+02,-6.950541494859646718e+01
4.675368046875000232e+02,-6.853624374111177531e+01
4.675370976562500118e+02,-6.099868858738419419e+01
4.675373906250000005e+02,-6.016369654867331462e+01
4.675376835937499891e+02,-6.716044024498989984e+01
4.675379765625000346e+02,-7.114002692703463993e+01
4.675382695312500232e+02,-6.489943389916535921e+01
4.675385625000000118e+02,-6.184186193706823076e+01
4.675388554687500005e+02,-6.343562576583962453e+01
4.675391484374999891e+02,-6.386823888327814558e+01
4.675394414062500346e+02,-6.600466151993560970e+01
4.675397343750000232e+02,-5.952277039110629886e+01
4.675400273437500118e+02,-6.225870776232201820e+01
4.675403203125000005e+02,-6.804504572558244035e+01
4.675406132812499891e+02,-9.089383651875012049e+01
4.675409062500000346e+02,-6.858487009936490608e+01
4.675411992187500232e+02,-7.086600837773588069e+01
4.675414921875000118e+02,-6.582143522095884691e+01
4.675417851562500005e+02,-6.724523144724011559e+01
4.675420781249999891e+02,-6.217625722871011362e+01
4.675423710937500346e+02,-6.113122845078432732e+01
4.675426640625000232e+02,-6.128065607374943369e+01
4.675429570312500118e+02,-6.193066829431791120e+01
4.675432500000000005e+02,-7.239756612249260570e+01
4.675435429687499891e+02,-7.413387985523345947e+01
4.675438359375000346e+02,-6.855382234720897827e+01
4.675441289062500232e+02,-6.152376410242791849e+01
4.675444218750000118e+02,-6.083320209096510212e+01
4.675447148437500005e+02,-5.962145489707936719e+01
4.675450078124999891e+02,-5.788808983023325538e+01
4.675453007812500346e+02,-5.507473666808469659e+01
4.675455937500000232e+02,-5.665325542986412444e+01
4.675458867187500118e+02,-5.961610725896602503e+01
4.675461796875000005e+02,-5.878146982648082286e+01
4.675464726562499891e+02,-5.682682459094969829e+01
4.675467656250000346e+02,-5.930666472149941626e+01
4.675470585937500232e+02,-6.574725191231060251e+01
4.675473515625000118e+02,-5.914395009028261541e+01
4.675476445312500005e+02,-5.614141024891999621e+01
4.675479374999999891e+02,-5.596103431921672922e+01
4.675482304687500346e+02,-6.147116773042849047e+01
4.675485234375000232e+02,-6.096108179473346667e+01
4.675488164062500118e+02,-6.039596971561445571e+01
4.675491093750000005e+02,-5.931972990889456554e+01
4.675494023437499891e+02,-7.599412693387215256e+01
4.675496953125000346e+02,-6.471883679080414709e+01
4.675499882812500232e+02,-6.050090775086074757e+01
4.675502812500000118e+02,-5.922425810762255338e+01
4.675505742187500005e+02,-6.293808888825048342e+01
4.675508671874999891e+02,-7.207256306322460659e+01
4.675511601562500346e+02,-7.669856778335854131e+01
4.675514531250000232e+02,-5.943293876004702270e+01
4.675517460937500118e+02,-6.224814511442171749e+01
4.675520390625000005e+02,-6.139256423905020910e+01
4.675523320312499891e+02,-5.856671269677270431e+01
4.675526250000000346e+02,-5.982027651758714626e+01
4.675529179687500232e+02,-6.659549519244019677e+01
4.675532109375000118e+02,-6.029792652656533392e+01
4.675535039062500005e+02,-5.966693618120633857e+01
4.675537968749999891e+02,-7.072718638838155414e+01
4.675540898437500346e+02,-7.426626890403528591e+01
4.675543828125000232e+02,-6.967166127327435277e+01
4.675546757812500118e+02,-6.136365999170149621e+01
4.675549687500000005e+02,-5.986609322359227292e+01
4.675552617187499891e+02,-6.730600396190439483e+01
4.675555546875000346e+02,-6.985190915403096312e+01
4.675558476562500232e+02,-5.983514666561318052e+01
4.675561406250000118e+02,-6.082584581822516157e+01
4.675564335937500005e+02,-5.566730769640400212e+01
4.675567265624999891e+02,-5.792513667771309116e+01
4.675570195312500346e+02,-6.182262671457574754e+01
4.675573125000000232e+02,-5.762605236512966655e+01
4.675576054687500118e+02,-6.363297913630812985e+01
4.675578984375000005e+02,-5.924006555080062242e+01
4.675581914062499891e+02,-5.584489250050880571e+01
4.675584843750000346e+02,-5.958717088028144815e+01
4.675587773437500232e+02,-5.906675254770321715e+01
4.675590703125000118e+02,-5.788205199788266242e+01
4.675593632812500005e+02,-6.280856167079171826e+01
4.675596562499999891e+02,-5.849325835806710927e+01
4.675599492187500346e+02,-5.972568006760133841e+01
4.675602421875000232e+02,-6.271505754151175438e+01
4.675605351562500118e+02,-6.179181346699851929e+01
4.675608281250000005e+02,-6.215616302192440656e+01
4.675611210937499891e+02,-5.992134957764012881e+01
4.675614140625000346e+02,-5.458792147272781392e+01
4.675617070312500232e+02,-5.138981775205942171e+01
4.675620000000000118e+02,-5.380422327137881666e+01
4.675622929687500005e+02,-6.086907787587833951e+01
4.675625859374999891e+02,-6.101157725435369628e+01
4.675628789062500346e+02,-6.919921047491320110e+01
4.675631718750000232e+02,-6.260795612945825894e+01
4.675634648437500118e+02,-5.997414125752770531e+01
4.675637578125000005e+02,-5.621816350821953279e+01
4.675640507812499891e+02,-5.754299397928684101e+01
4.675643437500000346e+02,-6.384876255927123623e+01
4.675646367187500232e+02,-6.999812980525459238e+01
4.675649296875000118e+02,-6.793881651699901170e+01
4.675652226562500005e+02,-6.304699029703621704e+01
4.675655156249999891e+02,-6.094488948662772287e+01
4.675658085937500346e+02,-6.252825604269830251e+01
4.675661015625000232e+02,-6.088457303265190035e+01
4.675663945312500118e+02,-6.163519836894814574e+01
4.675666875000000005e+02,-5.957273426499717317e+01
4.675669804687499891e+02,-6.277753393067455079e+01
4.675672734375000346e+02,-7.515096260980479315e+01
4.675675664062500232e+02,-6.637472917514146786e+01
4.675678593750000118e+02,-6.181839241680879837e+01
4.675681523437500005e+02,-5.617320522563290552e+01
4.675684453124999891e+02,-6.128103918782823456e+01
4.675687382812500346e+02,-5.497745710858279722e+01
4.675690312500000232e+02,-5.253455434978783245e+01
4.675693242187500118e+02,-5.679326836957933722e+01
4.675696171875000005e+02,-5.784673790900328072e+01
4.675699101562499891e+02,-7.828386245678876776e+01
4.675702031250000346e+02,-6.206260040068256956e+01
4.675704960937500232e+02,-5.755673440468623880e+01
4.675707890625000118e+02,-6.132053489148013625e+01
4.675710820312500005e+02,-6.359978788346283096e+01
4.675713749999999891e+02,-5.561126816665273509e+01
4.675716679687500346e+02,-5.560355265823349669e+01
4.675719609375000232e+02,-5.674618045448544024e+01
4.675722539062500118e+02,-6.118762935227593402e+01
4.675725468750000005e+02,-5.380066660722904004e+01
4.675728398437499891e+02,-5.021262997842744369e+01
4.675731328125000346e+02,-4.813938703654051920e+01
4.675734257812500232e+02,-4.867338474194309583e+01
4.675737187500000118e+02,-5.387108586585495118e+01
4.675740117187500005e+02,-6.860271603657749040e+01
4.675743046874999891e+02,-5.949494977253596772e+01
4.675745976562500346e+02,-5.485683401442997109e+01
4.675748906250000232e+02,-4.996829834236920931e+01
4.675751835937500118e+02,-5.057853911742617470e+01
4.675754765625000005e+02,-5.655372902812260349e+01
4.675757695312499891e+02,-7.379268482900263848e+01
4.675760625000000346e+02,-6.409121087071703471e+01
4.675763554687500232e+02,-6.538138037719159001e+01
4.675766484375000118e+02,-5.733948093593177475e+01
4.675769414062500005e+02,-5.523198055289896757e+01
4.675772343749999891e+02,-5.001008522849073756e+01
4.675775273437500346e+02,-4.520893801428282899e+01
4.675778203125000232e+02,-4.746767472860607029e+01
4.675781132812500118e+02,-5.146812030330210774e+01
4.675784062500000005e+02,-5.387062501101076606e+01
4.675786992187499891e+02,-5.010782867639871796e+01
4.675789921875000346e+02,-4.844004574189103352e+01
4.675792851562500232e+02,-4.225980622790131491e+01
4.675795781250000118e+02,-4.189720727386007582e+01
4.675798710937500005e+02,-4.489075923942759516e+01
4.675801640624999891e+02,-4.300957118051908878e+01
4.675804570312500346e+02,-4.646524916069294875e+01
4.675807500000000232e+02,-4.701356979420199877e+01
4.675810429687500118e+02,-5.303365092674016523e+01
4.675813359375000005e+02,-5.016503401603034717e+01
4.675816289062499891e+02,-4.710104951224103331e+01
4.675819218750000346e+02,-4.472310905813125714e+01
4.675822148437500232e+02,-4.632860396317154539e+01
4.675825078125000118e+02,-5.107775069407684043e+01
4.675828007812500005e+02,-5.465292044780018443e+01
4.675830937499999891e+02,-6.068327235486756877e+01
4.675833867187500346e+02,-6.199248029358295042e+01
4.675836796875000232e+02,-5.231281827618420976e+01
4.675839726562500118e+02,-4.351011264792363420e+01
4.675842656250000005e+02,-4.228735824248177266e+01
4.675845585937499891e+02,-4.369321306208507849e+01
4.675848515625000346e+02,-4.264849094265300522e+01
4.675851445312500232e+02,-4.218809598876944023e+01
4.675854375000000118e+02,-4.015652640061461653e+01
4.675857304687500005e+02,-5.042787519867785306e+01
4.675860234374999891e+02,-5.135303087010277068e+01
4.675863164062500346e+02,-4.668961172146580907e+01
4.675866093750000232e+02,-4.560573265842765522e+01
4.675869023437500118e+02,-4.545025844196942444e+01
4.675871953125000005e+02,-4.156114206084455986e+01
4.675874882812499891e+02,-5.226276806967949540e+01
4.675877812500000346e+02,-5.320129471940647647e+01
4.675880742187500232e+02,-5.707505517969808295e+01
4.675883671875000118e+02,-5.530896527258634165e+01
4.675886601562500005e+02,-4.979934811614998580e+01
4.675889531249999891e+02,-4.874270601704076711e+01
4.675892460937500346e+02,-5.321078053576496103e+01
4.675895390625000232e+02,-4.664012740194529982e+01
4.675898320312500118e+02,-5.275078117638349795e+01
4.675901250000000005e+02,-5.346484459218648055e+01
4.675904179687499891e+02,-4.985798917910698691e+01
4.675907109375000346e+02,-4.732029280270128879e+01
4.675910039062500232e+02,-4.732256104202384250e+01
4.675912968750000118e+02,-4.901116920728547655e+01
4.675915898437500005e+02,-5.775978226739754007e+01
4.675918828124999891e+02,-5.494689552725637327e+01
4.675921757812500346e+02,-5.977144591108340421e+01
4.675924687500000232e+02,-5.428203757820256925e+01
4.675927617187500118e+02,-5.446455191341873103e+01
4.675930546875000005e+02,-5.059996104811066431e+01
4.675933476562499891e+02,-5.677897065979188085e+01
4.675936406250000346e+02,-5.574154116586182539e+01
4.675939335937500232e+02,-5.239453255926802910e+01
4.675942265625000118e+02,-5.832839128780080529e+01
4.675945195312500005e+02,-6.129582113532542564e+01
4.675948124999999891e+02,-6.467518932588791358e+01
4.675951054687500346e+02,-6.666035846752296834e+01
4.675953984375000232e+02,-5.958424113901527619e+01
4.675956914062500118e+02,-5.808206187793966535e+01
4.675959843750000005e+02,-5.268003394483146451e+01
4.675962773437499891e+02,-4.945932644736669204e+01
4.675965703125000346e+02,-5.194294966030291505e+01
4.675968632812500232e+02,-5.766786361906375902e+01
4.675971562500000118e+02,-5.585093245952413099e+01
4.675974492187500005e+02,-5.302983877110361277e+01
4.675977421874999891e+02,-5.145241628372092180e+01
4.675980351562500346e+02,-5.399902415992401927e+01
4.675983281250000232e+02,-6.731856704756863508e+01
4.675986210937500118e+02,-6.683504337680373908e+01
4.675989140625000005e+02,-6.234980285341733719e+01
4.675992070312499891e+02,-6.260146767328973283e+01
4.675995000000000346e+02,-6.441486441717050582e+01
4.675997929687500232e+02,-8.474628683296315046e+01
4.676000859375000118e+02,-6.260205723445518800e+01
4.676003789062500005e+02,-6.218110452011229938e+01
4.676006718749999891e+02,-7.209214261286891201e+01
4.676009648437500346e+02,-6.605311730413470173e+01
4.676012578125000232e+02,-6.312960168492445234e+01
4.676015507812500118e+02,-6.145997582959550698e+01
4.676018437500000005e+02,-6.329225800394780777e+01
4.676021367187499891e+02,-6.949843400508966340e+01
4.676024296875000346e+02,-5.821228330745672253e+01
4.676027226562500232e+02,-5.901012658083458007e+01
4.676030156250000118e+02,-5.093165671160104324e+01
4.676033085937500005e+02,-5.128622984924582084e+01
4.676036015624999891e+02,-5.445873841436399232e+01
4.676038945312500346e+02,-5.712564891585167004e+01
4.676041875000000232e+02,-7.528975272991641532e+01
4.676044804687500118e+02,-6.548916850481957397e+01
4.676047734375000005e+02,-6.922047638861576502e+01
4.676050664062499891e+02,-6.734069136954590817e+01
4.676053593750000346e+02,-5.968722990626122282e+01
4.676056523437500232e+02,-5.667871188564380702e+01
4.676059453125000118e+02,-6.482961691381510150e+01
4.676062382812500005e+02,-5.753985390567267189e+01
4.676065312499999891e+02,-7.246039202713446059e+01
4.676068242187500346e+02,-6.086317968370850906e+01
4.676071171875000232e+02,-6.592101670159041760e+01
4.676074101562500118e+02,-6.841007350815941379e+01
4.676077031250000005e+02,-6.519305284359953134e+01
4.676079960937499891e+02,-5.711008869470506966e+01
4.676082890625000346e+02,-5.838432034510085344e+01
4.676085820312500232e+02,-5.959192589559066278e+01
4.676088750000000118e+02,-5.864071873814850733e+01
4.676091679687500005e+02,-5.866904000113461137e+01
4.676094609374999891e+02,-6.288628167426598026e+01
4.676097539062500346e+02,-6.279643861641035585e+01
4.676100468750000232e+02,-6.009514189395456185e+01
4.676103398437500118e+02,-6.020148866158709922e+01
4.676106328125000005e+02,-6.121905843066549124e+01
4.676109257812499891e+02,-6.688790261433807416e+01
4.676112187500000346e+02,-6.350456571061302213e+01
4.676115117187500232e+02,-6.123004605948431589e+01
4.676118046875000118e+02,-6.409800785926006483e+01
4.676120976562500005e+02,-6.747263009260673527e+01
4.676123906249999891e+02,-5.995279263185000929e+01
4.676126835937500346e+02,-5.997948200226525728e+01
4.676129765625000232e+02,-5.902825248309081729e+01
4.676132695312500118e+02,-6.901269087932354296e+01
4.676135625000000005e+02,-6.539414257382071582e+01
4.676138554687499891e+02,-6.708225679772222350e+01
4.676141484375000346e+02,-6.099344336959934765e+01
4.676144414062500232e+02,-6.053146467477259307e+01
4.676147343750000118e+02,-5.807476866107968760e+01
4.676150273437500005e+02,-5.549805081379012250e+01
4.676153203124999891e+02,-5.635214146355779974e+01
4.676156132812500346e+02,-6.512405614334811332e+01
4.676159062500000232e+02,-6.963985727472780241e+01
4.676161992187500118e+02,-6.017965362051967304e+01
4.676164921875000005e+02,-6.117408013686262791e+01
4.676167851562499891e+02,-6.334702490531864072e+01
4.676170781250000346e+02,-7.271637184363524398e+01
4.676173710937500232e+02,-6.209483939245286876e+01
4.676176640625000118e+02,-5.816463048092170141e+01
4.676179570312500005e+02,-5.937896861408205496e+01
4.676182499999999891e+02,-6.531521045016383198e+01
4.676185429687500346e+02,-6.712510313820330055e+01
4.676188359375000232e+02,-6.535874557034107113e+01
4.676191289062500118e+02,-6.177772192979336552e+01
4.676194218750000005e+02,-6.367057560430723839e+01
4.676197148437499891e+02,-6.772054647493401092e+01
4.676200078125000346e+02,-6.470739480288860079e+01
4.676203007812500232e+02,-6.276572234032662578e+01
4.676205937500000118e+02,-7.174804100630156256e+01
4.676208867187500005e+02,-6.033596715439546898e+01
4.676211796874999891e+02,-5.803674621179696658e+01
4.676214726562500346e+02,-6.008304192795735332e+01
4.676217656250000232e+02,-5.826279539444287536e+01
4.676220585937500118e+02,-6.429471499725545414e+01
4.676223515625000005e+02,-8.120458471371645714e+01
4.676226445312499891e+02,-6.457359013507297618e+01
4.676229375000000346e+02,-5.950793352098735056e+01
4.676232304687500232e+02,-7.080558833478275460e+01
4.676235234375000118e+02,-6.350864507114692259e+01
4.676238164062500005e+02,-6.615706543565424624e+01
4.676241093749999891e+02,-6.041835471440784033e+01
4.676244023437500346e+02,-6.132984567434186118e+01
4.676246953125000232e+02,-6.478499313245235669e+01
4.676249882812500118e+02,-6.890120715192200862e+01
4.676252812500000005e+02,-6.135207968523016575e+01
4.676255742187499891e+02,-6.252109949487041973e+01
4.676258671875000346e+02,-6.907012951673183920e+01
4.676261601562500232e+02,-6.745460555715838780e+01
4.676264531250000118e+02,-7.130591015835526036e+01
4.676267460937500005e+02,-6.456826051244816256e+01
4.676270390624999891e+02,-6.567176302790380760e+01
4.676273320312500346e+02,-6.797561001345277987e+01
4.676276250000000232e+02,-6.897511916931732401e+01
4.676279179687500118e+02,-6.253249915341263687e+01
4.676282109375000005e+02,-8.075216437253962454e+01
4.676285039062499891e+02,-6.606768358286120701e+01
4.676287968750000346e+02,-7.187436830227267137e+01
4.676290898437500232e+02,-7.173940641713001298e+01
4.676293828125000118e+02,-6.680130936952167531e+01
4.676296757812500005e+02,-6.447136395107536089e+01
4.676299687499999891e+02,-7.361176103805954085e+01
4.676302617187500346e+02,-6.940502460093713921e+01
4.676305546875000232e+02,-7.011848714541551431e+01
4.676308476562500118e+02,-6.767540196487547632e+01
4.676311406250000005e+02,-7.007725478457032864e+01
4.676314335937499891e+02,-6.651423725510727536e+01
4.676317265625000346e+02,-6.082131094937704319e+01
4.676320195312500232e+02,-6.234214445022197282e+01
4.676323125000000118e+02,-6.831616501712969125e+01
4.676326054687500005e+02,-6.267954284764699224e+01
4.676328984374999891e+02,-6.523460419944674982e+01
4.676331914062500346e+02,-7.114401749543917219e+01
4.676334843750000232e+02,-7.292232672685801731e+01
4.676337773437500118e+02,-6.456816619033409665e+01
4.676340703125000005e+02,-6.477789030285204319e+01
4.676343632812499891e+02,-6.417832726172412094e+01
4.676346562500000346e+02,-7.059782522976547625e+01
4.676349492187500232e+02,-8.013340681395919773e+01
4.676352421875000118e+02,-7.070289182749367285e+01
4.676355351562500005e+02,-6.466964379339859192e+01
4.676358281249999891e+02,-6.279181558961802523e+01
4.676361210937500346e+02,-6.177596932770342875e+01
4.676364140625000232e+02,-6.166180761780218944e+01
4.676367070312500118e+02,-6.040263739488696615e+01
4.676370000000000005e+02,-6.022074841903111064e+01
4.676372929687499891e+02,-6.491943908171447220e+01
4.676375859375000346e+02,-6.619712556267673165e+01
4.676378789062500232e+02,-6.264274582949548176e+01
4.676381718750000118e+02,-6.736916287006698667e+01
4.676384648437500005e+02,-6.729716776207276041e+01
4.676387578124999891e+02,-6.467786661782470503e+01
4.676390507812500346e+02,-6.391457662328538447e+01
4.676393437500000232e+02,-6.422522211190677410e+01
4.676396367187500118e+02,-6.697432752243109633e+01
4.676399296875000005e+02,-6.696041385905158450e+01
4.676402226562499891e+02,-8.122435826477669707e+01
4.676405156250000346e+02,-6.227818639592459959e+01
4.676408085937500232e+02,-6.131101387067313624e+01
4.676411015625000118e+02,-6.785149329019640163e+01
4.676413945312500005e+02,-6.650847537197999770e+01
4.676416874999999891e+02,-6.846483405547354550e+01
4.676419804687500346e+02,-6.738654985645607098e+01
4.676422734375000232e+02,-6.784507703968937165e+01
4.676425664062500118e+02,-7.564188851898498456e+01
4.676428593750000005e+02,-7.274801348588485439e+01
4.676431523437499891e+02,-7.154657553965245143e+01
4.676434453125000346e+02,-8.582042479752665542e+01
4.676437382812500232e+02,-7.328405262899784134e+01
4.676440312500000118e+02,-6.542790267215697497e+01
4.676443242187500005e+02,-6.521884867694930676e+01
4.676446171874999891e+02,-6.526798861900010706e+01
4.676449101562500346e+02,-7.093746685472994784e+01
4.676452031250000232e+02,-7.454392899070626299e+01
4.676454960937500118e+02,-7.693284551424082451e+01
4.676457890625000005e+02,-8.107819243443101698e+01
4.676460820312499891e+02,-7.493438761872043585e+01
4.676463750000000346e+02,-7.613630191607984443e+01
4.676466679687500232e+02,-6.908549012758420815e+01
4.676469609375000118e+02,-7.211377576568386871e+01
4.676472539062500005e+02,-7.387879660365666723e+01
4.676475468749999891e+02,-7.159407270058875383e+01
4.676478398437500346e+02,-7.171303847168442758e+01
4.676481328125000232e+02,-7.375603124293375856e+01
4.676484257812500118e+02,-6.984926836200601485e+01
4.676487187500000005e+02,-7.098578347707470471e+01
4.676490117187499891e+02,-6.611430313384093438e+01
4.676493046875000346e+02,-7.168650786080894477e+01
4.676495976562500232e+02,-8.350620808438434040e+01
4.676498906250000118e+02,-6.889777431994619405e+01
4.676501835937500005e+02,-7.517124900386185971e+01
4.676504765624999891e+02,-7.221906914556419110e+01
4.676507695312500346e+02,-7.029270149299269121e+01
4.676510625000000232e+02,-6.604986272059248620e+01
4.676513554687500118e+02,-7.025216474655974253e+01
4.676516484375000005e+02,-7.047969712304629297e+01
4.676519414062499891e+02,-7.659451273064667021e+01
4.676522343750000346e+02,-7.086829392398327343e+01
4.676525273437500232e+02,-7.216230074155195950e+01
4.676528203125000118e+02,-7.532141444356983584e+01
4.676531132812500005e+02,-7.571507331112093198e+01
4.676534062499999891e+02,-7.066767104751500028e+01
4.676536992187500346e+02,-7.048601766937476043e+01
4.676539921875000232e+02,-8.028698078276535455e+01
4.676542851562500118e+02,-6.913783271246843753e+01
4.676545781250000005e+02,-6.864307156393273601e+01
4.676548710937499891e+02,-7.086730670369205143e+01
4.676551640625000346e+02,-7.581039133439676903e+01
4.676554570312500232e+02,-7.022896296176529063e+01
4.676557500000000118e+02,-6.947871842093789496e+01
4.676560429687500005e+02,-7.045236285200866178e+01
4.676563359374999891e+02,-7.450787997031281407e+01
4.676566289062500346e+02,-7.448528441692283764e+01
4.676569218750000232e+02,-7.044362603529978628e+01
4.676572148437500118e+02,-7.887751571447346066e+01
4.676575078125000005e+02,-8.892664954263227628e+01
4.676578007812499891e+02,-8.106177507214246702e+01
4.676580937500000346e+02,-9.250350122361402327e+01
4.676583867187500232e+02,-7.469080086115351946e+01
4.676586796875000118e+02,-7.123547195450288427e+01
4.676589726562500005e+02,-7.000166653698551045e+01
4.676592656249999891e+02,-6.738076593292248617e+01
4.676595585937500346e+02,-7.096089367284035632e+01
4.676598515625000232e+02,-6.950145379150713154e+01
4.676601445312500118e+02,-6.809044924627688999e+01
4.676604375000000005e+02,-7.102936289494265054e+01
4.676607304687499891e+02,-6.704348188140150455e+01
4.676610234375000346e+02,-6.789286092450220167e+01
4.676613164062500232e+02,-6.831542499563981607e+01
4.676616093750000118e+02,-7.152884756726442106e+01
4.676619023437500005e+02,-7.023850393733702901e+01
4.676621953124999891e+02,-6.928482632117240314e+01
4.676624882812500346e+02,-6.722058791954704304e+01
4.676627812500000232e+02,-7.041086624491383361e+01
4.676630742187500118e+02,-7.243189385664318536e+01
4.676633671875000005e+02,-6.986489669673646574e+01
4.676636601562499891e+02,-6.835019555581320105e+01
4.676639531250000346e+02,-7.357538750921683857e+01
4.676642460937500232e+02,-7.470047703406902428e+01
4.676645390625000118e+02,-8.594902655011856041e+01
4.676648320312500005e+02,-7.482585071593655357e+01
4.676651249999999891e+02,-7.179687969249872026e+01
4.676654179687500346e+02,-7.499003266181861704e+01
4.676657109375000232e+02,-7.095077827327997966e+01
4.676660039062500118e+02,-6.955214803593105444e+01
4.676662968750000005e+02,-7.484785219684722790e+01
4.676665898437499891e+02,-7.426644539989466409e+01
4.676668828125000346e+02,-7.055693338913131640e+01
4.676671757812500232e+02,-6.960459219687481891e+01
4.676674687500000118e+02,-6.975876614664133513e+01
4.676677617187500005e+02,-7.324600108052970882e+01
4.676680546874999891e+02,-6.598719926646340639e+01
4.676683476562500346e+02,-6.394690442391920016e+01
4.676686406250000232e+02,-6.433020915875621881e+01
4.676689335937500118e+02,-6.807765654367889852e+01
4.676692265625000005e+02,-7.910070601218892250e+01
4.676695195312499891e+02,-7.895709002670693621e+01
4.676698125000000346e+02,-7.420636362599790914e+01
4.676701054687500232e+02,-8.984449373826272733e+01
4.676703984375000118e+02,-6.894590049949447064e+01
4.676706914062500005e+02,-6.494191180107030448e+01
4.676709843749999891e+02,-6.245627741945480693e+01
4.676712773437500346e+02,-6.227220692028531346e+01
4.676715703125000232e+02,-6.909271834757446129e+01
4.676718632812500118e+02,-6.941899430699595541e+01
4.676721562500000005e+02,-7.369084737691608211e+01
4.676724492187499891e+02,-7.589230346027405005e+01
4.676727421875000346e+02,-7.175728693193228480e+01
4.676730351562500232e+02,-7.177568648470543167e+01
4.676733281250000118e+02,-6.865530487781681757e+01
4.676736210937500005e+02,-6.482512350457321304e+01
4.676739140624999891e+02,-6.927116955950515376e+01
4.676742070312500346e+02,-7.155394878494932698e+01
4.676745000000000232e+02,-6.834688021245460732e+01
4.676747929687500118e+02,-6.910000064833725730e+01
4.676750859375000005e+02,-6.782549646216459394e+01
4.676753789062499891e+02,-6.627109251108529975e+01
4.676756718750000346e+02,-7.206582411665615950e+01
4.676759648437500232e+02,-6.434173972882025794e+01
4.676762578125000118e+02,-7.173002194959282463e+01
4.676765507812500005e+02,-7.320526138363207735e+01
4.676768437499999891e+02,-6.935769308265594191e+01
4.676771367187500346e+02,-6.839406762778797599e+01
4.676774296875000232e+02,-7.107055129135416394e+01
4.676777226562500118e+02,-6.586646773921209785e+01
4.676780156250000005e+02,-6.352306069879480788e+01
4.676783085937499891e+02,-6.367327435855137452e+01
4.676786015625000346e+02,-6.616280828767497724e+01
4.676788945312500232e+02,-7.151814960607063654e+01
4.676791875000000118e+02,-6.545035834811683628e+01
4.676794804687500005e+02,-6.608102696926864894e+01
4.676797734374999891e+02,-6.501842828384339157e+01
4.676800664062500346e+02,-6.684375851057409079e+01
4.676803593750000232e+02,-7.183040990822262017e+01
4.676806523437500118e+02,-6.727783546129680303e+01
4.676809453125000005e+02,-6.360348452366913818e+01
4.676812382812499891e+02,-7.158404953143595151e+01
4.676815312500000346e+02,-6.949368424952720602e+01
4.676818242187500232e+02,-6.778612678289429994e+01
4.676821171875000118e+02,-6.781055601453581971e+01
4.676824101562500005e+02,-7.299519141224136831e+01
4.676827031249999891e+02,-8.258951682530801008e+01
4.676829960937500346e+02,-7.009048030079362945e+01
4.676832890625000232e+02,-6.261651634962944968e+01
4.676835820312500118e+02,-7.258066986743278903e+01
4.676838750000000005e+02,-8.390785622143820888e+01
4.676841679687499891e+02,-6.541392711062098897e+01
4.676844609375000346e+02,-6.155597981662310048e+01
4.676847539062500232e+02,-6.260759912369516655e+01
4.676850468750000118e+02,-6.939290737903769468e+01
4.676853398437500005e+02,-7.705263707421789832e+01
4.676856328124999891e+02,-6.828342154965901045e+01
4.676859257812500346e+02,-7.100766270799921642e+01
4.676862187500000232e+02,-8.205899693460231958e+01
4.676865117187500118e+02,-8.662292591036680278e+01
4.676868046875000005e+02,-7.079162888128539066e+01
4.676870976562499891e+02,-6.584526186419195426e+01
4.676873906250000346e+02,-7.065736203659869830e+01
4.676876835937500232e+02,-7.292594912409398944e+01
4.676879765625000118e+02,-7.382164116935643960e+01
4.676882695312500005e+02,-7.459323092969879099e+01
4.676885624999999891e+02,-7.125885339643258476e+01
4.676888554687500346e+02,-7.182816392434789066e+01
4.676891484375000232e+02,-7.022608058195939407e+01
4.676894414062500118e+02,-7.082343457181666224e+01
4.676897343750000005e+02,-7.060622955276019752e+01
4.676900273437499891e+02,-7.541442388383443074e+01
4.676903203125000346e+02,-7.778321134113494395e+01
4.676906132812500232e+02,-7.634043294283574710e+01
4.676909062500000118e+02,-8.559412538831183781e+01
4.676911992187500005e+02,-8.071607213904539435e+01
4.676914921874999891e+02,-8.174513463476442610e+01
4.676917851562500346e+02,-7.252851716182624386e+01
4.676920781250000232e+02,-6.777719944806963781e+01
4.676923710937500118e+02,-6.327088370291776442e+01
4.676926640625000005e+02,-6.473145481441034121e+01
4.676929570312499891e+02,-7.230003580372812166e+01
4.676932500000000346e+02,-7.119303873865766263e+01
4.676935429687500232e+02,-7.595997801670297633e+01
4.676938359375000118e+02,-7.246670805256881920e+01
4.676941289062500005e+02,-7.637133988562578679e+01
4.676944218749999891e+02,-7.324099045041617728e+01
4.676947148437500346e+02,-6.495383837933765392e+01
4.676950078125000232e+02,-6.142054011480315268e+01
4.676953007812500118e+02,-6.709017537988925994e+01
4.676955937500000005e+02,-7.711841851363769251e+01
4.676958867187499891e+02,-7.935129357245615722e+01
4.676961796875000346e+02,-8.295654833922419868e+01
4.676964726562500232e+02,-7.389465311750709020e+01
4.676967656250000118e+02,-7.137950308263758359e+01
4.676970585937500005e+02,-6.793594477941978482e+01
4.676973515624999891e+02,-6.736765843010729782e+01
4.676976445312500346e+02,-6.990506687075453840e+01
4.676979375000000232e+02,-8.126272545955741577e+01
4.676982304687500118e+02,-7.468761862561733267e+01
4.676985234375000005e+02,-7.141084206205204055e+01
4.676988164062499891e+02,-9.077460335848476802e+01
4.676991093750000346e+02,-7.631167384533429754e+01
4.676994023437500232e+02,-6.849253226674652240e+01
4.676996953125000118e+02,-6.652805320177152737e+01
4.676999882812500005e+02,-6.796219080910530863e+01
4.677002812499999891e+02,-6.805758910632711434e+01
4.677005742187500346e+02,-7.243971403654681751e+01
4.677008671875000232e+02,-6.816489162559125248e+01
4.677011601562500118e+02,-6.941302528318561826e+01
4.677014531250000005e+02,-7.494687201141036326e+01
4.677017460937499891e+02,-6.894203846871161545e+01
4.677020390625000346e+02,-7.035736820745501063e+01
4.677023320312500232e+02,-6.772390957668905287e+01
4.677026250000000118e+02,-6.570802014424941717e+01
4.677029179687500005e+02,-7.078257480047435024e+01
4.677032109374999891e+02,-7.309920545302870210e+01
4.677035039062500346e+02,-7.586068252855602623e+01
4.677037968750000232e+02,-8.098488886668903319e+01
4.677040898437500118e+02,-8.305438830268393247e+01
4.677043828125000005e+02,-8.446220004967626949e+01
4.677046757812499891e+02,-7.333026164213508480e+01
4.677049687500000346e+02,-6.450330044335203183e+01
4.677052617187500232e+02,-6.620558081895964619e+01
4.677055546875000118e+02,-7.052729564477616009e+01
4.677058476562500005e+02,-7.013549129965750240e+01
4.677061406249999891e+02,-7.387453767630866253e+01
4.677064335937500346e+02,-7.346974261937680239e+01
4.677067265625000232e+02,-8.859455010115802054e+01
4.677070195312500118e+02,-7.519812453873373670e+01
4.677073125000000005e+02,-6.744274487943549445e+01
4.677076054687499891e+02,-6.930708971054488643e+01
4.677078984375000346e+02,-7.228923694078017093e+01
4.677081914062500232e+02,-7.756978996987808728e+01
4.677084843750000118e+02,-8.076678182880485224e+01
4.677087773437500005e+02,-7.769868514501479240e+01
4.677090703124999891e+02,-7.580080317460424055e+01
4.677093632812500346e+02,-7.372674982913551389e+01
4.677096562500000232e+02,-7.032292164497027898e+01
4.677099492187500118e+02,-6.716017773553352299e+01
4.677102421875000005e+02,-7.825496864997538182e+01
4.677105351562499891e+02,-7.642397429690295496e+01
4.677108281250000346e+02,-7.557063131905999853e+01
4.677111210937500232e+02,-7.954437519662002387e+01
4.677114140625000118e+02,-7.835576295659969048e+01
4.677117070312500005e+02,-7.186655334868450495e+01
4.677119999999999891e+02,-7.239252458174385652e+01
4.677122929687500346e+02,-7.520163562269348745e+01
4.677125859375000232e+02,-7.533398368694496128e+01
4.677128789062500118e+02,-7.367136844343590951e+01
4.677131718750000005e+02,-6.858437609716970940e+01
4.677134648437499891e+02,-6.896255609784289220e+01
4.677137578125000346e+02,-7.108782447925136694e+01
4.677140507812500232e+02,-7.072263468471963677e+01
4.677143437500000118e+02,-7.744883559967365727e+01
4.677146367187500005e+02,-7.313589860217965111e+01
4.677149296874999891e+02,-7.226671116362788894e+01
4.677152226562500346e+02,-7.120000138188170524e+01
4.677155156250000232e+02,-7.036132343154974933e+01
4.677158085937500118e+02,-6.970845558207730619e+01
4.677161015625000005e+02,-7.202630542495641919e+01
4.677163945312499891e+02,-7.649446163804738319e+01
4.677166875000000346e+02,-7.638338308769269247e+01
4.677169804687500232e+02,-7.420654150163512952e+01
4.677172734375000118e+02,-7.266328691623948544e+01
4.677175664062500005e+02,-7.240097020754586765e+01
4.677178593749999891e+02,-7.349741030312394230e+01
4.677181523437500346e+02,-7.232632604519028519e+01
4.677184453125000232e+02,-6.963779501664780014e+01
4.677187382812500118e+02,-7.155922185570166505e+01
4.677190312500000005e+02,-7.642262423433167839e+01
4.677193242187499891e+02,-6.527677694047756063e+01
4.677196171875000346e+02,-6.540419291457530448e+01
4.677199101562500232e+02,-7.491854752363765613e+01
4.677202031250000118e+02,-7.117032395951899559e+01
4.677204960937500005e+02,-7.230238760877763582e+01
4.677207890624999891e+02,-7.343036929065993945e+01
4.677210820312500346e+02,-8.389948647681751481e+01
4.677213750000000232e+02,-8.038918446107933846e+01
4.677216679687500118e+02,-7.447931715293842103e+01
4.677219609375000005e+02,-6.921686965455036500e+01
4.677222539062499891e+02,-7.171777637176793974e+01
4.677225468750000346e+02,-7.394199029267389278e+01
4.677228398437500232e+02,-7.613448065318985414e+01
4.677231328125000118e+02,-7.410442959564419141e+01
4.677234257812500005e+02,-8.066273510562324134e+01
4.677237187499999891e+02,-8.079760588770049878e+01
4.677240117187500346e+02,-7.370460028652024675e+01
4.677243046875000232e+02,-6.882655181007007172e+01
4.677245976562500118e+02,-7.169591604835571275e+01
4.677248906250000005e+02,-8.081783209368217058e+01
4.677251835937499891e+02,-7.213627359016503249e+01
4.677254765625000346e+02,-7.321408058300072241e+01
4.677257695312500232e+02,-6.622279133290527398e+01
4.677260625000000118e+02,-6.974455906934446148e+01
4.677263554687500005e+02,-7.905750341344560184e+01
4.677266484374999891e+02,-7.480923442312219152e+01
4.677269414062500346e+02,-7.344521666082829370e+01
4.677272343750000232e+02,-7.814822477762488973e+01
4.677275273437500118e+02,-8.309022789379119445e+01
4.677278203125000005e+02,-7.779509722709850905e+01
4.677281132812499891e+02,-7.984102056653347290e+01
4.677284062500000346e+02,-7.037514765091786728e+01
4.677286992187500232e+02,-7.488753450135837397e+01
4.677289921875000118e+02,-7.695813593118332108e+01
4.677292851562500005e+02,-7.126318585292091257e+01
4.677295781249999891e+02,-7.624692720168573601e+01
4.677298710937500346e+02,-7.346723303766877677e+01
4.677301640625000232e+02,-7.659181609963599158e+01
4.677304570312500118e+02,-6.720563042042380175e+01
4.677307500000000005e+02,-6.959883115607810566e+01
4.677310429687499891e+02,-8.221854600902491939e+01
4.677313359375000346e+02,-9.248182007197831922e+01
4.677316289062500232e+02,-7.307402167424130823e+01
4.677319218750000118e+02,-7.591162168109669039e+01
4.677322148437500005e+02,-8.632210314064103329e+01
4.677325078124999891e+02,-7.873707844732415140e+01
4.677328007812500346e+02,-7.332444931031285762e+01
4.677330937500000232e+02,-7.744108831997856157e+01
4.677333867187500118e+02,-8.395504512344770376e+01
4.677336796875000005e+02,-8.044308644018806831e+01
4.677339726562499891e+02,-7.462361260747452718e+01
4.677342656250000346e+02,-7.089332097126509780e+01
4.677345585937500232e+02,-7.458456985654864013e+01
4.677348515625000118e+02,-7.826855396557070321e+01
4.677351445312500005e+02,-6.780623160912013248e+01
4.677354374999999891e+02,-6.831308578513896634e+01
4.677357304687500346e+02,-7.410839542329746621e+01
4.677360234375000232e+02,-7.105906104547324276e+01
4.677363164062500118e+02,-7.812342554988406107e+01
4.677366093750000005e+02,-7.778229265079050947e+01
4.677369023437499891e+02,-7.869316840322971984e+01
4.677371953125000346e+02,-8.235053849772681644e+01
4.677374882812500232e+02,-6.939108792843319407e+01
4.677377812500000118e+02,-6.912899106232727320e+01
4.677380742187500005e+02,-8.796182498325832455e+01
4.677383671874999891e+02,-8.003308891620261534e+01
4.677386601562500346e+02,-7.547154656947643048e+01
4.677389531250000232e+02,-7.430354486113662915e+01
4.677392460937500118e+02,-7.301705055853065574e+01
4.677395390625000005e+02,-7.499996560408850144e+01
4.677398320312499891e+02,-8.137533868288232952e+01
4.677401250000000346e+02,-6.992747234506269649e+01
4.677404179687500232e+02,-7.070793167486070274e+01
4.677407109375000118e+02,-7.510539123688386098e+01
4.677410039062500005e+02,-7.843948055892673210e+01
4.677412968749999891e+02,-7.466321944179702541e+01
4.677415898437500346e+02,-7.719911841945139486e+01
4.677418828125000232e+02,-7.595146208028306489e+01
4.677421757812500118e+02,-7.589665372645958996e+01
4.677424687500000005e+02,-7.841799742922810879e+01
4.677427617187499891e+02,-7.325391191203681274e+01
4.677430546875000346e+02,-7.155815265013445980e+01
4.677433476562500232e+02,-7.710570338661224810e+01
4.677436406250000118e+02,-7.954559464915925560e+01
4.677439335937500005e+02,-8.260750659805596285e+01
4.677442265624999891e+02,-1.028013862077997800e+02
4.677445195312500346e+02,-7.946347544990720735e+01
4.677448125000000232e+02,-7.437445324469713626e+01
4.677451054687500118e+02,-8.753728315086057421e+01
4.677453984375000005e+02,-7.324012059575190392e+01
4.677456914062499891e+02,-7.538032088737024594e+01
4.677459843750000346e+02,-7.497907231275804918e+01
4.677462773437500232e+02,-8.093402221599640711e+01
4.677465703125000118e+02,-8.570008319702017729e+01
4.677468632812500005e+02,-8.005564745569554930e+01
4.677471562499999891e+02,-8.093337415243020416e+01
4.677474492187500346e+02,-7.158684714554388506e+01
4.677477421875000232e+02,-7.039299473433302978e+01
4.677480351562500118e+02,-7.424492255615265890e+01
4.677483281250000005e+02,-8.786339704302639575e+01
4.677486210937499891e+02,-1.060521567321076475e+02
4.677489140625000346e+02,-7.501742971068614452e+01
4.677492070312500232e+02,-6.883688579513376737e+01
4.677495000000000118e+02,-6.995166538135971734e+01
4.677497929687500005e+02,-8.982414502921128019e+01
4.677500859374999891e+02,-7.365046345170433995e+01
4.677503789062500346e+02,-7.294192919046749068e+01
4.677506718750000232e+02,-8.365622699484131886e+01
4.677509648437500118e+02,-7.846666382820831132e+01
4.677512578125000005e+02,-7.763755981123222227e+01
4.677515507812499891e+02,-6.868167120217657384e+01
4.677518437500000346e+02,-6.746350287889013941e+01
4.677521367187500232e+02,-7.113123690086941053e+01
4.677524296875000118e+02,-8.933805170952442154e+01
4.677527226562500005e+02,-7.335574774387931996e+01
4.677530156249999891e+02,-7.748917784325210789e+01
4.677533085937500346e+02,-8.124274475663347062e+01
4.677536015625000232e+02,-7.993357136751301084e+01
4.677538945312500118e+02,-7.187393666668872072e+01
4.677541875000000005e+02,-7.088338682912515765e+01
4.677544804687499891e+02,-7.094644465521082566e+01
4.677547734375000346e+02,-7.273002552167255885e+01
4.677550664062500232e+02,-9.078847089910129853e+01
4.677553593750000118e+02,-7.908447214111320989e+01
4.677556523437500005e+02,-7.779974105547221086e+01
4.677559453124999891e+02,-7.741766480850179732e+01
4.677562382812500346e+02,-7.898083914828175978e+01
4.677565312500000232e+02,-7.491408053251510069e+01
4.677568242187500118e+02,-7.470419479627209114e+01
4.677571171875000005e+02,-7.140082280164276085e+01
4.677574101562499891e+02,-7.564034413339706475e+01
4.677577031250000346e+02,-8.493948263841099333e+01
4.677579960937500232e+02,-7.487741522827855079e+01
4.677582890625000118e+02,-7.635188708702065696e+01
4.677585820312500005e+02,-7.189186518121806557e+01
4.677588749999999891e+02,-7.567649784004149183e+01
4.677591679687500346e+02,-8.312742538371723811e+01
4.677594609375000232e+02,-7.477305023429501318e+01
4.677597539062500118e+02,-7.511707509042275888e+01
4.677600468750000005e+02,-8.106604180616960775e+01
4.677603398437499891e+02,-7.529348506449611023e+01
4.677606328125000346e+02,-7.236475347421807669e+01
4.677609257812500232e+02,-7.551920773567881895e+01
4.677612187500000118e+02,-8.047067302829155722e+01
4.677615117187500005e+02,-7.433451368680151461e+01
4.677618046874999891e+02,-8.251436076367028249e+01
4.677620976562500346e+02,-8.046620474374361720e+01
4.677623906250000232e+02,-7.956877321392441615e+01
4.677626835937500118e+02,-7.028656525858889381e+01
4.677629765625000005e+02,-6.979669299099292346e+01
4.677632695312499891e+02,-7.886417811239634545e+01
4.677635625000000346e+02,-7.727420816409536997e+01
4.677638554687500232e+02,-7.075371447566699601e+01
4.677641484375000118e+02,-7.253283208296922169e+01
4.677644414062500005e+02,-9.333208641035778896e+01
4.677647343749999891e+02,-8.670980081031194686e+01
4.677650273437500346e+02,-7.328125696643941467e+01
4.677653203125000232e+02,-7.076963910889219278e+01
4.677656132812500118e+02,-7.904643307031021493e+01
4.677659062500000005e+02,-7.829718902021387805e+01
4.677661992187499891e+02,-7.746478222177417194e+01
4.677664921875000346e+02,-7.500042716591967462e+01
4.677667851562500232e+02,-7.747000169793832924e+01
4.677670781250000118e+02,-7.999995132623877225e+01
4.677673710937500005e+02,-7.351429929945720687e+01
4.677676640624999891e+02,-6.934029666939885317e+01
4.677679570312500346e+02,-7.315100355083409056e+01
4.677682500000000232e+02,-7.732181570426631367e+01
4.677685429687500118e+02,-8.020885116750878296e+01
4.677688359375000005e+02,-7.856323438766405332e+01
4.677691289062499891e+02,-7.810003203725611343e+01
4.677694218750000346e+02,-7.515872556367419577e+01
4.677697148437500232e+02,-7.131234931165057844e+01
4.677700078125000118e+02,-6.976485906583279473e+01
4.677703007812500005e+02,-7.091818809731104523e+01
4.677705937499999891e+02,-7.526179469581219905e+01
4.677708867187500346e+02,-7.996969274321560306e+01
4.677711796875000232e+02,-7.623551826247768304e+01
4.677714726562500118e+02,-7.972457903077230412e+01
4.677717656250000005e+02,-7.721613905790945864e+01
4.677720585937499891e+02,-7.279753982707056537e+01
4.677723515625000346e+02,-7.738544715960387066e+01
4.677726445312500232e+02,-7.916168444625193956e+01
4.677729375000000118e+02,-8.109353656050762993e+01
4.677732304687500005e+02,-8.088997962815371068e+01
4.677735234374999891e+02,-7.150102222332920121e+01
4.677738164062500346e+02,-7.023518713241527678e+01
4.677741093750000232e+02,-7.453817613939374098e+01
4.677744023437500118e+02,-7.441221991479045528e+01
4.677746953125000005e+02,-7.538446245227460452e+01
4.677749882812499891e+02,-9.646418367708886876e+01
4.677752812500000346e+02,-8.088611911949287503e+01
4.677755742187500232e+02,-7.933742239827226683e+01
4.677758671875000118e+02,-7.260309862443924089e+01
4.677761601562500005e+02,-7.152909422913430149e+01
4.677764531249999891e+02,-7.761981502203046546e+01
4.677767460937500346e+02,-7.780034758834872832e+01
4.677770390625000232e+02,-7.944685110772167036e+01
4.677773320312500118e+02,-8.341157049408366220e+01
4.677776250000000005e+02,-7.720101956898830053e+01
4.677779179687499891e+02,-7.813948946883829194e+01
4.677782109375000346e+02,-8.031029047439928092e+01
4.677785039062500232e+02,-7.742927551592315183e+01
4.677787968750000118e+02,-8.110942181528336903e+01
4.677790898437500005e+02,-7.803419874355357422e+01
4.677793828124999891e+02,-8.193823044412958723e+01
4.677796757812500346e+02,-8.277002678852772988e+01
4.677799687500000232e+02,-7.446621426590540693e+01
4.677802617187500118e+02,-7.328698918702220055e+01
4.677805546875000005e+02,-7.765256837421853220e+01
4.677808476562499891e+02,-8.256669301722638465e+01
4.677811406250000346e+02,-8.448736593128307959e+01
4.677814335937500232e+02,-7.627852466696634792e+01
4.677817265625000118e+02,-7.312389218540489821e+01
4.677820195312500005e+02,-8.774155380162726203e+01
4.677823124999999891e+02,-7.499667742199575571e+01
4.677826054687500346e+02,-7.248811963353507792e+01
4.677828984375000232e+02,-7.318511998432553867e+01
4.677831914062500118e+02,-7.723773373067464831e+01
4.677834843750000005e+02,-7.399529113175933048e+01
4.677837773437499891e+02,-7.276259634520646102e+01
4.677840703125000346e+02,-7.307876935732227253e+01
4.677843632812500232e+02,-7.710686199449176570e+01
4.677846562500000118e+02,-7.567964677908429394e+01
4.677849492187500005e+02,-7.153668069269829743e+01
4.677852421874999891e+02,-7.080703809506145774e+01
4.677855351562500346e+02,-7.030883139648069857e+01
4.677858281250000232e+02,-7.052470676928398063e+01
4.677861210937500118e+02,-7.173329664348757717e+01
4.677864140625000005e+02,-7.433539213513375898e+01
4.677867070312499891e+02,-7.633838211897210613e+01
4.677870000000000346e+02,-8.698936160554998764e+01
4.677872929687500232e+02,-7.575027853565772773e+01
4.677875859375000118e+02,-7.495066028492125554e+01
4.677878789062500005e+02,-7.126674470939143191e+01
4.677881718749999891e+02,-7.149849382887495608e+01
4.677884648437500346e+02,-7.608991088010307635e+01
4.677887578125000232e+02,-7.783930289541950742e+01
4.677890507812500118e+02,-7.413408651717108455e+01
4.677893437500000005e+02,-8.094293117115620362e+01
4.677896367187499891e+02,-8.067328344490607606e+01
4.677899296875000346e+02,-7.761055408421906066e+01
4.677902226562500232e+02,-7.850890409713889539e+01
4.677905156250000118e+02,-7.632859544622546366e+01
4.677908085937500005e+02,-7.896348800861501616e+01
4.677911015624999891e+02,-8.772332653277237569e+01
4.677913945312500346e+02,-7.840480006116941070e+01
4.677916875000000232e+02,-7.821260966644348400e+01
4.677919804687500118e+02,-8.445962251028569767e+01
4.677922734375000005e+02,-7.216731583467779387e+01
4.677925664062499891e+02,-7.293562104597955909e+01
4.677928593750000346e+02,-8.807908476470686310e+01
4.677931523437500232e+02,-8.487629182165605357e+01
4.677934453125000118e+02,-8.042641126006145669e+01
4.677937382812500005e+02,-7.977227256091887853e+01
4.677940312499999891e+02,-7.302455879907999758e+01
4.677943242187500346e+02,-7.658396016701307474e+01
4.677946171875000232e+02,-7.331004172315525125e+01
4.677949101562500118e+02,-7.233793879649101655e+01
4.677952031250000005e+02,-7.724768818480310983e+01
4.677954960937499891e+02,-8.169177107034997221e+01
4.677957890625000346e+02,-8.129303582066889078e+01
4.677960820312500232e+02,-8.812809704250480536e+01
4.677963750000000118e+02,-7.848270707612221031e+01
4.677966679687500005e+02,-7.693691457431131653e+01
4.677969609374999891e+02,-7.889723660591633347e+01
4.677972539062500346e+02,-7.339135368420141958e+01
4.677975468750000232e+02,-7.253525392803280170e+01
4.677978398437500118e+02,-7.345628955267409310e+01
4.677981328125000005e+02,-7.710746261116973699e+01
4.677984257812499891e+02,-7.654604909769244614e+01
4.677987187500000346e+02,-7.066634121955300429e+01
4.677990117187500232e+02,-8.280349189380744690e+01
4.677993046875000118e+02,-7.402483170472491736e+01
4.677995976562500005e+02,-7.457229080574335001e+01
4.677998906249999891e+02,-7.997242020539599139e+01
4.678001835937500346e+02,-7.166017861604116490e+01
4.678004765625000232e+02,-7.264300169362149973e+01
4.678007695312500118e+02,-8.352835478002560876e+01
4.678010625000000005e+02,-7.105455550954599175e+01
4.678013554687499891e+02,-7.184905119640215787e+01
4.678016484375000346e+02,-7.590732278915174902e+01
4.678019414062500232e+02,-7.321530742226821076e+01
4.678022343750000118e+02,-9.087172408029309167e+01
4.678025273437500005e+02,-7.557928943907560893e+01
4.678028203124999891e+02,-7.981435952739401785e+01
4.678031132812500346e+02,-7.544872407307619255e+01
4.678034062500000232e+02,-6.923725058341001670e+01
4.678036992187500118e+02,-6.835452475046332665e+01
4.678039921875000005e+02,-7.524357711263409954e+01
4.678042851562499891e+02,-7.067511445781877910e+01
4.678045781250000346e+02,-7.474448002590884244e+01
4.678048710937500232e+02,-7.418637399638677721e+01
4.678051640625000118e+02,-8.346231627997406122e+01
4.678054570312500005e+02,-7.246922530693778697e+01
4.678057499999999891e+02,-6.683125840919403515e+01
4.678060429687500346e+02,-6.666077172170004417e+01
4.678063359375000232e+02,-7.469763251808981863e+01
4.678066289062500118e+02,-7.568431002239150018e+01
4.678069218750000005e+02,-7.175551148548495917e+01
4.678072148437499891e+02,-7.383143806416443056e+01
4.678075078125000346e+02,-8.030615879008860247e+01
4.678078007812500232e+02,-7.311574660394558123e+01
4.678080937500000118e+02,-6.754705205290522940e+01
4.678083867187500005e+02,-6.761552340334777966e+01
4.678086796874999891e+02,-7.283049792349919471e+01
4.678089726562500346e+02,-7.832536055967460698e+01
4.678092656250000232e+02,-7.396101378085613476e+01
4.678095585937500118e+02,-7.071073918471130071e+01
4.678098515625000005e+02,-7.098264722183921549e+01
4.678101445312499891e+02,-7.110385599153656244e+01
4.678104375000000346e+02,-6.831165396499208953e+01
4.678107304687500232e+02,-6.972404409902100042e+01
4.678110234375000118e+02,-7.357902706375315915e+01
4.678113164062500005e+02,-7.595074175625821056e+01
4.678116093749999891e+02,-7.141553602195077133e+01
4.678119023437500346e+02,-7.309873367791480803e+01
4.678121953125000232e+02,-7.250101870756758160e+01
4.678124882812500118e+02,-7.167382198967045781e+01
4.678127812500000005e+02,-7.024104769316731733e+01
4.678130742187499891e+02,-7.328850306994914376e+01
4.678133671875000346e+02,-8.067219606728025383e+01
4.678136601562500232e+02,-7.436704549085349925e+01
4.678139531250000118e+02,-7.225684960931842227e+01
4.678142460937500005e+02,-7.252793546243340472e+01
4.678145390624999891e+02,-7.689223306129323987e+01
4.678148320312500346e+02,-7.480776107435895028e+01
4.678151250000000232e+02,-7.259922693359625612e+01
4.678154179687500118e+02,-7.406984115805528290e+01
4.678157109375000005e+02,-7.784690295584668718e+01
4.678160039062499891e+02,-7.110992064416839753e+01
4.678162968750000346e+02,-7.466137378562601157e+01
4.678165898437500232e+02,-7.350028843072718132e+01
4.678168828125000118e+02,-7.888335919063463564e+01
4.678171757812500005e+02,-7.755727927820741741e+01
4.678174687499999891e+02,-7.293546153591110226e+01
4.678177617187500346e+02,-7.186338959797103598e+01
4.678180546875000232e+02,-8.242012035882859777e+01
4.678183476562500118e+02,-7.027493219869043628e+01
4.678186406250000005e+02,-7.188685184099729497e+01
4.678189335937499891e+02,-7.053181468810788601e+01
4.678192265625000346e+02,-8.051544238452974867e+01
4.678195195312500232e+02,-9.732864296930016224e+01
4.678198125000000118e+02,-8.064278584220723189e+01
4.678201054687500005e+02,-7.297472847945483920e+01
4.678203984374999891e+02,-7.597451317012568950e+01
4.678206914062500346e+02,-7.779958515592541346e+01
4.678209843750000232e+02,-7.283326607188588753e+01
4.678212773437500118e+02,-6.965611052191691499e+01
4.678215703125000005e+02,-8.165648762096027724e+01
4.678218632812499891e+02,-8.208872275427772536e+01
4.678221562500000346e+02,-8.110434966693733827e+01
4.678224492187500232e+02,-7.385080681534603286e+01
4.678227421875000118e+02,-7.637691276373847415e+01
4.678230351562500005e+02,-9.298481416084804607e+01
4.678233281249999891e+02,-9.220964171241034535e+01
4.678236210937500346e+02,-7.598378702596168921e+01
4.678239140625000232e+02,-8.114121018242420291e+01
4.678242070312500118e+02,-8.266061091258065119e+01
4.678245000000000005e+02,-8.065875867178598924e+01
4.678247929687499891e+02,-7.229791376864466201e+01
4.678250859375000346e+02,-7.196570922971768880e+01
4.678253789062500232e+02,-7.263232877620271211e+01
4.678256718750000118e+02,-7.520796631299538149e+01
4.678259648437500005e+02,-8.044454010426571244e+01
4.678262578124999891e+02,-8.295361747909259975e+01
4.678265507812500346e+02,-8.083313090105887966e+01
4.678268437500000232e+02,-8.053446577815967089e+01
4.678271367187500118e+02,-7.562807678987043403e+01
4.678274296875000005e+02,-7.213982353925250379e+01
4.678277226562499891e+02,-7.376722892424622557e+01
4.678280156250000346e+02,-7.527307512222287755e+01
4.678283085937500232e+02,-8.209939036052364258e+01
4.678286015625000118e+02,-9.120779983782584566e+01
4.678288945312500005e+02,-7.734134818468518802e+01
4.678291874999999891e+02,-7.611066762138571562e+01
4.678294804687500346e+02,-8.755771949669993148e+01
4.678297734375000232e+02,-7.721141974974892719e+01
4.678300664062500118e+02,-7.180302317906549092e+01
4.678303593750000005e+02,-7.373544629177796139e+01
4.678306523437499891e+02,-8.776450372445876269e+01
4.678309453125000346e+02,-7.619907204760878017e+01
4.678312382812500232e+02,-7.673741657916625059e+01
4.678315312500000118e+02,-7.229132704005762378e+01
4.678318242187500005e+02,-8.728484649139312523e+01
4.678321171874999891e+02,-8.074569465061975393e+01
4.678324101562500346e+02,-7.661680507120794914e+01
4.678327031250000232e+02,-7.489933656507149351e+01
4.678329960937500118e+02,-8.158466090200076337e+01
4.678332890625000005e+02,-7.433721566582930507e+01
4.678335820312499891e+02,-7.515700643175081552e+01
4.678338750000000346e+02,-7.443870065317990736e+01
4.678341679687500232e+02,-7.527185131517695993e+01
4.678344609375000118e+02,-8.660933778699799745e+01
4.678347539062500005e+02,-8.551472022482528246e+01
4.678350468749999891e+02,-8.692690477122916093e+01
4.678353398437500346e+02,-7.806487202362714584e+01
4.678356328125000232e+02,-7.555755519221884242e+01
4.678359257812500118e+02,-7.247668187194550171e+01
4.678362187500000005e+02,-7.437061420795487265e+01
4.678365117187499891e+02,-7.589024230119717629e+01
4.678368046875000346e+02,-7.812239797614596171e+01
4.678370976562500232e+02,-7.611510675849491747e+01
4.678373906250000118e+02,-8.513980891550741603e+01
4.678376835937500005e+02,-7.493268611652993627e+01
4.678379765624999891e+02,-7.112872360624118073e+01
4.678382695312500346e+02,-7.078832157997905483e+01
4.678385625000000232e+02,-7.094516207290521947e+01
4.678388554687500118e+02,-7.279154436084377267e+01
4.678391484375000005e+02,-7.705400782630553635e+01
4.678394414062499891e+02,-8.031683813638801439e+01
4.678397343750000346e+02,-8.376809552805546844e+01
4.678400273437500232e+02,-7.675930051185655145e+01
4.678403203125000118e+02,-7.325860307248289871e+01
4.678406132812500005e+02,-7.644261776399272890e+01
4.678409062499999891e+02,-7.604530440020411675e+01
4.678411992187500346e+02,-7.756719688709682714e+01
4.678414921875000232e+02,-7.681484361550815265e+01
4.678417851562500118e+02,-8.870261829348422111e+01
4.678420781250000005e+02,-8.018989983372428298e+01
4.678423710937499891e+02,-7.414684888973516763e+01
4.678426640625000346e+02,-7.515715425961447238e+01
4.678429570312500232e+02,-7.732230667297865523e+01
4.678432500000000118e+02,-7.488402179831008709e+01
4.678435429687500005e+02,-7.539714114153220237e+01
4.678438359374999891e+02,-9.872894803282645171e+01
4.678441289062500346e+02,-7.832316986352753929e+01
4.678444218750000232e+02,-7.526799907624818786e+01
4.678447148437500118e+02,-7.290020425913500901e+01
4.678450078125000005e+02,-7.959951637044343897e+01
4.678453007812499891e+02,-7.473458676971982584e+01
4.678455937500000346e+02,-7.522159973961245782e+01
4.678458867187500232e+02,-7.069301122823246430e+01
4.678461796875000118e+02,-7.239093406000776554e+01
4.678464726562500005e+02,-8.425020888125706620e+01
4.678467656249999891e+02,-7.760131426267264487e+01
4.678470585937500346e+02,-7.888709333346190533e+01
4.678473515625000232e+02,-8.363823098891427321e+01
4.678476445312500118e+02,-7.933485286268495429e+01
4.678479375000000005e+02,-8.095691879458647122e+01
4.678482304687499891e+02,-7.653476314199265573e+01
4.678485234375000346e+02,-7.097244235155451975e+01
4.678488164062500232e+02,-7.388635694302962520e+01
4.678491093750000118e+02,-7.905778921379956614e+01
4.678494023437500005e+02,-7.847966561873167279e+01
4.678496953124999891e+02,-8.474654303250719067e+01
4.678499882812500346e+02,-8.022090410644489111e+01
4.678502812500000232e+02,-7.807998168205193679e+01
4.678505742187500118e+02,-8.697697476618958490e+01
4.678508671875000005e+02,-7.344884284014932518e+01
4.678511601562499891e+02,-6.855540587315046253e+01
4.678514531250000346e+02,-7.365670964459398817e+01
4.678517460937500232e+02,-8.541414470516036772e+01
4.678520390625000118e+02,-7.480313319110153714e+01
4.678523320312500005e+02,-7.636180673994613244e+01
4.678526249999999891e+02,-7.841341434973543301e+01
4.678529179687500346e+02,-7.448155926429384976e+01
4.678532109375000232e+02,-7.487409099327881279e+01
4.678535039062500118e+02,-7.115089855211894587e+01
4.678537968750000005e+02,-7.511595927394110106e+01
4.678540898437499891e+02,-8.773287436702187847e+01
4.678543828125000346e+02,-7.202314508182797681e+01
4.678546757812500232e+02,-7.032744388003558811e+01
4.678549687500000118e+02,-7.313885616009000046e+01
4.678552617187500005e+02,-7.351392365882111335e+01
4.678555546874999891e+02,-7.888696520790746547e+01
4.678558476562500346e+02,-7.619933144629391109e+01
4.678561406250000232e+02,-7.770393008892210673e+01
4.678564335937500118e+02,-8.124845597204418368e+01
4.678567265625000005e+02,-7.303866867625190196e+01
4.678570195312499891e+02,-7.051541771027244465e+01
4.678573125000000346e+02,-7.293197145933258696e+01
4.678576054687500232e+02,-8.747487044500729780e+01
4.678578984375000118e+02,-7.251375368757538808e+01
4.678581914062500005e+02,-7.196322314642327456e+01
4.678584843749999891e+02,-7.743106137263916366e+01
4.678587773437500346e+02,-8.358992992059590676e+01
4.678590703125000232e+02,-8.584704471977410378e+01
4.678593632812500118e+02,-7.878252188706375136e+01
4.678596562500000005e+02,-7.230908616515877441e+01
4.678599492187499891e+02,-7.853880939160731600e+01
4.678602421875000346e+02,-7.205913306057763634e+01
4.678605351562500232e+02,-6.989515500634800560e+01
4.678608281250000118e+02,-8.066900636791285706e+01
4.678611210937500005e+02,-8.544866381537892153e+01
4.678614140624999891e+02,-8.086042655055875628e+01
4.678617070312500346e+02,-7.759548948319861950e+01
4.678620000000000232e+02,-7.714922934942758559e+01
4.678622929687500118e+02,-8.999403562541063195e+01
4.678625859375000005e+02,-7.246227366319148189e+01
4.678628789062499891e+02,-6.843483917465215427e+01
4.678631718750000346e+02,-8.372959207359784273e+01
4.678634648437500232e+02,-7.508834737268702497e+01
4.678637578125000118e+02,-8.591647337176647170e+01
4.678640507812500005e+02,-7.895716618068134096e+01
4.678643437499999891e+02,-7.959704185432697443e+01
4.678646367187500346e+02,-8.357867481092847584e+01
4.678649296875000232e+02,-7.511337024093305104e+01
4.678652226562500118e+02,-6.886291126614277402e+01
4.678655156250000005e+02,-7.225357726926932855e+01
4.678658085937499891e+02,-7.513016358735296762e+01
4.678661015625000346e+02,-7.702774448053776268e+01
4.678663945312500232e+02,-9.117544082858444199e+01
4.678666875000000118e+02,-8.215467564808827206e+01
4.678669804687500005e+02,-9.088653735074942119e+01
4.678672734374999891e+02,-7.716211502174731152e+01
4.678675664062500346e+02,-7.050814495595082576e+01
4.678678593750000232e+02,-6.995833814181730759e+01
4.678681523437500118e+02,-7.869592180149189176e+01
4.678684453125000005e+02,-7.733191600092740714e+01
4.678687382812499891e+02,-8.256985902146929845e+01
4.678690312500000346e+02,-8.818984961994701166e+01
4.678693242187500232e+02,-8.657105018220136117e+01
4.678696171875000118e+02,-8.157957119004990432e+01
4.678699101562500005e+02,-7.723415648629006114e+01
4.678702031249999891e+02,-7.372579516313841452e+01
4.678704960937500346e+02,-7.736001743531087982e+01
4.678707890625000232e+02,-7.829360840361832174e+01
4.678710820312500118e+02,-8.210328295955362421e+01
4.678713750000000005e+02,-8.350492158886331140e+01
4.678716679687499891e+02,-7.658832383978518976e+01
4.678719609375000346e+02,-8.130828775652020113e+01
4.678722539062500232e+02,-9.185500362951822240e+01
4.678725468750000118e+02,-8.755128857026261358e+01
4.678728398437500005e+02,-7.787892485077449578e+01
4.678731328124999891e+02,-7.708316955541728532e+01
4.678734257812500346e+02,-7.688158592831298677e+01
4.678737187500000232e+02,-8.122111264684517096e+01
4.678740117187500118e+02,-7.313478142179846486e+01
4.678743046875000005e+02,-7.208704753770450679e+01
4.678745976562499891e+02,-8.065930068015418897e+01
4.678748906250000346e+02,-9.657282690210266196e+01
4.678751835937500232e+02,-7.704042799074693448e+01
4.678754765625000118e+02,-7.246086776021643061e+01
4.678757695312500005e+02,-7.188187360542640647e+01
4.678760624999999891e+02,-7.727739371972702997e+01
4.678763554687500346e+02,-7.599292409937346804e+01
4.678766484375000232e+02,-7.189433910818074480e+01
4.678769414062500118e+02,-7.737721016576860222e+01
4.678772343750000005e+02,-7.928038046187495524e+01
4.678775273437499891e+02,-7.388163441877740922e+01
4.678778203125000346e+02,-7.269121265970605350e+01
4.678781132812500232e+02,-7.379607964904019468e+01
4.678784062500000118e+02,-7.466091518653897197e+01
4.678786992187500005e+02,-8.077348460343520742e+01
4.678789921874999891e+02,-7.176064677901950972e+01
4.678792851562500346e+02,-7.447937419118812841e+01
4.678795781250000232e+02,-7.612706718473850742e+01
4.678798710937500118e+02,-7.243159061569917867e+01
4.678801640625000005e+02,-7.365405300246847276e+01
4.678804570312499891e+02,-7.826713284446032048e+01
4.678807500000000346e+02,-7.442452410120147022e+01
4.678810429687500232e+02,-7.526647659157140424e+01
4.678813359375000118e+02,-7.236193968559705070e+01
4.678816289062500005e+02,-7.298576745762331086e+01
4.678819218749999891e+02,-8.699145108395016734e+01
4.678822148437500346e+02,-7.907427183159833817e+01
4.678825078125000232e+02,-7.266032905693784016e+01
4.678828007812500118e+02,-7.665213482825751612e+01
4.678830937500000005e+02,-7.199221335617448858e+01
4.678833867187499891e+02,-7.034946092353693814e+01
4.678836796875000346e+02,-7.775762663645375028e+01
4.678839726562500232e+02,-7.434232962796905042e+01
4.678842656250000118e+02,-8.598256518559033168e+01
4.678845585937500005e+02,-9.755926397026449592e+01
4.678848515624999891e+02,-7.974789075442667752e+01
4.678851445312500346e+02,-7.759210523601056764e+01
4.678854375000000232e+02,-7.805240449239342126e+01
4.678857304687500118e+02,-6.986146706802333028e+01
4.678860234375000005e+02,-7.152068087213348235e+01
4.678863164062499891e+02,-8.605467799250995142e+01
4.678866093750000346e+02,-8.938076881981034205e+01
4.678869023437500232e+02,-7.981246915372369699e+01
4.678871953125000118e+02,-8.882014722597901368e+01
4.678874882812500005e+02,-8.644550139318394599e+01
4.678877812499999891e+02,-8.969286229677705080e+01
4.678880742187500346e+02,-7.372677386882222095e+01
4.678883671875000232e+02,-7.187145341499457629e+01
4.678886601562500118e+02,-7.828895202071785775e+01
4.678889531250000005e+02,-8.102153983922251257e+01
4.678892460937499891e+02,-7.875949329496157247e+01
4.678895390625000346e+02,-8.328698182059974897e+01
4.678898320312500232e+02,-9.260681008601576991e+01
4.678901250000000118e+02,-7.981056640843486605e+01
4.678904179687500005e+02,-8.404669536951210773e+01
4.678907109374999891e+02,-7.654856531817901555e+01
4.678910039062500346e+02,-7.543995417304736861e+01
4.678912968750000232e+02,-7.878555656013284647e+01
4.678915898437500118e+02,-8.301672376847811563e+01
4.678918828125000005e+02,-7.643657767318512697e+01
4.678921757812499891e+02,-8.740619973689149447e+01
4.678924687500000346e+02,-8.096526747067343877e+01
4.678927617187500232e+02,-7.655576885591267455e+01
4.678930546875000118e+02,-8.657248312341388896e+01
4.678933476562500005e+02,-7.373609064199681029e+01
4.678936406249999891e+02,-7.267479786545342790e+01
4.678939335937500346e+02,-7.613225226049746652e+01
4.678942265625000232e+02,-8.702570327168859876e+01
4.678945195312500118e+02,-1.059057965507876986e+02
4.678948125000000005e+02,-8.697824574427269795e+01
4.678951054687499891e+02,-7.163211117344111756e+01
4.678953984375000346e+02,-7.162973373231631058e+01
4.678956914062500232e+02,-7.795244174572249563e+01
4.678959843750000118e+02,-7.436700627898026994e+01
4.678962773437500005e+02,-8.004017352263522866e+01
4.678965703124999891e+02,-7.934916115775803291e+01
4.678968632812500346e+02,-8.085164461968093974e+01
4.678971562500000232e+02,-8.450987339854216884e+01
4.678974492187500118e+02,-7.609693059054488629e+01
4.678977421875000005e+02,-7.024201607873669673e+01
4.678980351562499891e+02,-7.259343298426843205e+01
4.678983281250000346e+02,-9.065035910422335519e+01
4.678986210937500232e+02,-7.643718949002986562e+01
4.678989140625000118e+02,-7.725868895106054879e+01
4.678992070312500005e+02,-8.885654995051143601e+01
4.678994999999999891e+02,-8.323679949628612462e+01
4.678997929687500346e+02,-8.110108270582087187e+01
4.679000859375000232e+02,-7.418604248862747852e+01
4.679003789062500118e+02,-7.231702934919029246e+01
4.679006718750000005e+02,-8.197665421517761786e+01
4.679009648437499891e+02,-7.621972893206931587e+01
4.679012578125000346e+02,-7.172131348013762420e+01
4.679015507812500232e+02,-7.876475318330362541e+01
4.679018437500000118e+02,-8.456041048303802654e+01
4.679021367187500005e+02,-7.954179157996766492e+01
4.679024296874999891e+02,-7.881736972208366865e+01
4.679027226562500346e+02,-7.440447381819191719e+01
4.679030156250000232e+02,-7.937875422759553601e+01
4.679033085937500118e+02,-8.148817220661956640e+01
4.679036015625000005e+02,-7.056709903124502148e+01
4.679038945312499891e+02,-7.058625767602983103e+01
4.679041875000000346e+02,-7.911818684208299146e+01
4.679044804687500232e+02,-8.352310158028954845e+01
4.679047734375000118e+02,-9.082430386143829537e+01
4.679050664062500005e+02,-7.864566480133601090e+01
4.679053593749999891e+02,-7.475637331645334882e+01
4.679056523437500346e+02,-7.459372156415069810e+01
4.679059453125000232e+02,-7.770727584105077312e+01
4.679062382812500118e+02,-7.270454676653794479e+01
4.679065312500000005e+02,-7.728490963505112177e+01
4.679068242187499891e+02,-9.150762644671728196e+01
4.679071171875000346e+02,-8.903130764770105543e+01
4.679074101562500232e+02,-8.094472283393895395e+01
4.679077031250000118e+02,-7.423812632717773852e+01
4.679079960937500005e+02,-7.290164586234288890e+01
4.679082890624999891e+02,-7.486505941962434463e+01
4.679085820312500346e+02,-9.053697243102924119e+01
4.679088750000000232e+02,-7.814685643245864810e+01
4.679091679687500118e+02,-1.031982886600894034e+02
4.679094609375000005e+02,-8.245443433821139934e+01
4.679097539062499891e+02,-7.977253879390947588e+01
4.679100468750000346e+02,-7.810982882216978851e+01
4.679103398437500232e+02,-7.228533622214536081e+01
4.679106328125000118e+02,-7.053949661149695771e+01
4.679109257812500005e+02,-7.162183775963393373e+01
4.679112187499999891e+02,-8.623164039289551397e+01
4.679115117187500346e+02,-8.219879870149206624e+01
4.679118046875000232e+02,-8.317244381717625856e+01
4.679120976562500118e+02,-8.307762688422130282e+01
4.679123906250000005e+02,-8.687347009403129050e+01
4.679126835937499891e+02,-7.458495288575753079e+01
4.679129765625000346e+02,-7.170197254519234775e+01
4.679132695312500232e+02,-6.833132492990455376e+01
4.679135625000000118e+02,-7.395993124593093171e+01
4.679138554687500005e+02,-8.410307193735776821e+01
4.679141484374999891e+02,-8.019961113213391002e+01
4.679144414062500346e+02,-7.498005566462819615e+01
4.679147343750000232e+02,-7.800637532592735113e+01
4.679150273437500118e+02,-8.390238650414960375e+01
4.679153203125000005e+02,-7.730425133048609609e+01
4.679156132812499891e+02,-7.014276308805288807e+01
4.679159062500000346e+02,-6.915218468140034247e+01
4.679161992187500232e+02,-7.451853431846637932e+01
4.679164921875000118e+02,-8.230850293377406501e+01
4.679167851562500005e+02,-7.797466408670477733e+01
4.679170781249999891e+02,-7.752157973933057633e+01
4.679173710937500346e+02,-7.898374908234902136e+01
4.679176640625000232e+02,-8.027247117896827433e+01
4.679179570312500118e+02,-7.440929235942391529e+01
4.679182500000000005e+02,-7.152323513438788893e+01
4.679185429687499891e+02,-7.276697342804999380e+01
4.679188359375000346e+02,-7.990516016555486090e+01
4.679191289062500232e+02,-8.252279835657149931e+01
4.679194218750000118e+02,-8.273525802353398717e+01
4.679197148437500005e+02,-7.668842095232218981e+01
4.679200078124999891e+02,-7.565665617797586151e+01
4.679203007812500346e+02,-7.535265462654788848e+01
4.679205937500000232e+02,-7.575459449924919397e+01
4.679208867187500118e+02,-7.770728406892710893e+01
4.679211796875000005e+02,-7.832579167545235066e+01
4.679214726562499891e+02,-7.614959199199350337e+01
4.679217656250000346e+02,-7.684137339818214230e+01
4.679220585937500232e+02,-8.618999122712104111e+01
4.679223515625000118e+02,-7.479349869622836877e+01
4.679226445312500005e+02,-7.239357593838670368e+01
4.679229374999999891e+02,-7.422954281771470164e+01
4.679232304687500346e+02,-7.711415651275257233e+01
4.679235234375000232e+02,-8.173738298166894367e+01
4.679238164062500118e+02,-8.887699278087609400e+01
4.679241093750000005e+02,-7.618773941603950561e+01
4.679244023437499891e+02,-7.471107637571661542e+01
4.679246953125000346e+02,-8.414517047580986286e+01
4.679249882812500232e+02,-7.602882108844694642e+01
4.679252812500000118e+02,-7.937983340250659126e+01
4.679255742187500005e+02,-7.642248025124618493e+01
4.679258671874999891e+02,-7.354308815431269863e+01
4.679261601562500346e+02,-8.079213736061157647e+01
4.679264531250000232e+02,-8.129313894327538037e+01
4.679267460937500118e+02,-7.311337720127656326e+01
4.679270390625000005e+02,-8.476296020191121272e+01
4.679273320312499891e+02,-7.354340907304643338e+01
4.679276250000000346e+02,-7.753228995904835585e+01
4.679279179687500232e+02,-8.132458398175066350e+01
4.679282109375000118e+02,-7.229618461503429216e+01
4.679285039062500005e+02,-7.119260092039068866e+01
4.679287968749999891e+02,-8.221497283581106785e+01
4.679290898437500346e+02,-7.528777857587714095e+01
4.679293828125000232e+02,-7.768630805779226023e+01
4.679296757812500118e+02,-7.892210665087890220e+01
4.679299687500000005e+02,-7.899545463637218745e+01
4.679302617187499891e+02,-8.960930125326535745e+01
4.679305546875000346e+02,-7.362705545882297997e+01
4.679308476562500232e+02,-6.808655249015826882e+01
4.679311406250000118e+02,-7.535222060074846695e+01
4.679314335937500005e+02,-8.301548309235634804e+01
4.679317265624999891e+02,-7.935459689087952029e+01
4.679320195312500346e+02,-8.256263794938683986e+01
4.679323125000000232e+02,-7.456663308770814069e+01
4.679326054687500118e+02,-7.797957329612350463e+01
4.679328984375000005e+02,-8.220373701114434084e+01
4.679331914062499891e+02,-7.105383344782491406e+01
4.679334843750000346e+02,-7.160821298747458741e+01
4.679337773437500232e+02,-7.893707179504926330e+01
4.679340703125000118e+02,-7.898321219162653506e+01
4.679343632812500005e+02,-7.994886885736525528e+01
4.679346562499999891e+02,-7.540763060703268650e+01
4.679349492187500346e+02,-8.069566319607517357e+01
4.679352421875000232e+02,-8.543292152133892614e+01
4.679355351562500118e+02,-8.798378957002704226e+01
4.679358281250000005e+02,-7.802326010748495833e+01
4.679361210937499891e+02,-7.774381045891718145e+01
4.679364140625000346e+02,-8.176580018187684118e+01
4.679367070312500232e+02,-7.912305216970875676e+01
4.679370000000000118e+02,-7.851750075975493814e+01
4.679372929687500005e+02,-8.203556536428953905e+01
4.679375859374999891e+02,-9.380364882489192269e+01
4.679378789062500346e+02,-8.204381533104648838e+01
4.679381718750000232e+02,-7.979940475642941067e+01
4.679384648437500118e+02,-8.170082299797434189e+01
4.679387578125000005e+02,-7.979276995840488951e+01
4.679390507812499891e+02,-7.984464863294590486e+01
4.679393437500000346e+02,-7.754711797727686928e+01
4.679396367187500232e+02,-8.227733146840913037e+01
4.679399296875000118e+02,-8.178182476922104627e+01
4.679402226562500005e+02,-8.360949338374523165e+01
4.679405156249999891e+02,-7.493241253025108506e+01
4.679408085937500346e+02,-9.043565133217822449e+01
4.679411015625000232e+02,-7.584491787855257883e+01
4.679413945312500118e+02,-8.440307800738230526e+01
4.679416875000000005e+02,-8.649434067190071573e+01
4.679419804687499891e+02,-8.281389332748331356e+01
4.679422734375000346e+02,-8.562696087281460677e+01
4.679425664062500232e+02,-8.405091917466266693e+01
4.679428593750000118e+02,-7.921880597947510694e+01
4.679431523437500005e+02,-8.159981547176555239e+01
4.679434453124999891e+02,-8.126324530423759995e+01
4.679437382812500346e+02,-8.297124431179541659e+01
4.679440312500000232e+02,-8.891568833292899399e+01
4.679443242187500118e+02,-7.735690758385254640e+01
4.679446171875000005e+02,-7.975098989244932568e+01
4.679449101562499891e+02,-9.025295679002810800e+01
4.679452031250000346e+02,-7.550458690902125625e+01
4.679454960937500232e+02,-7.947628143752612573e+01
4.679457890625000118e+02,-8.922954203687241659e+01
4.679460820312500005e+02,-9.023419699697355156e+01
4.679463749999999891e+02,-8.575064731249626959e+01
4.679466679687500346e+02,-8.247851951659569636e+01
4.679469609375000232e+02,-7.851364292800482758e+01
4.679472539062500118e+02,-7.932042110274169033e+01
4.679475468750000005e+02,-8.306875589104821245e+01
4.679478398437499891e+02,-8.356947073523028280e+01
4.679481328125000346e+02,-7.971903263144619700e+01
4.679484257812500232e+02,-8.083976899061062227e+01
4.679487187500000118e+02,-7.571204313130255059e+01
4.679490117187500005e+02,-7.554176538199887148e+01
4.679493046874999891e+02,-7.780314288989325178e+01
4.679495976562500346e+02,-7.640850805536832979e+01
4.679498906250000232e+02,-8.483019867848310014e+01
4.679501835937500118e+02,-8.519746250260396891e+01
4.679504765625000005e+02,-7.815782664060238005e+01
4.679507695312499891e+02,-7.398186709089365820e+01
4.679510625000000346e+02,-7.072784387456196953e+01
4.679513554687500232e+02,-7.509491991677668921e+01
4.679516484375000118e+02,-7.998401382232549395e+01
4.679519414062500005e+02,-8.661757288686997924e+01
4.679522343749999891e+02,-8.485315728204433583e+01
4.679525273437500346e+02,-9.106807271169628848e+01
4.679528203125000232e+02,-7.848877933147232966e+01
4.679531132812500118e+02,-7.629128226381490663e+01
4.679534062500000005e+02,-6.910500222189335773e+01
4.679536992187499891e+02,-7.044518853952331483e+01
4.679539921875000346e+02,-7.528426385174188340e+01
4.679542851562500232e+02,-8.675240097497889735e+01
4.679545781250000118e+02,-8.125260726280694712e+01
4.679548710937500005e+02,-8.044419640157610729e+01
4.679551640624999891e+02,-8.625409992646133617e+01
4.679554570312500346e+02,-7.766849501566113645e+01
4.679557500000000232e+02,-7.378781009370362653e+01
4.679560429687500118e+02,-7.354367521380117978e+01
4.679563359375000005e+02,-7.459721186130079218e+01
4.679566289062499891e+02,-8.802695212863903862e+01
4.679569218750000346e+02,-8.227954880260411130e+01
4.679572148437500232e+02,-7.752489659504645658e+01
4.679575078125000118e+02,-8.058143723447892626e+01
4.679578007812500005e+02,-8.381800032015321733e+01
4.679580937499999891e+02,-7.879191177577907013e+01
4.679583867187500346e+02,-7.633124650775926057e+01
4.679586796875000232e+02,-7.276963488082191134e+01
4.679589726562500118e+02,-7.442190085799636279e+01
4.679592656250000005e+02,-7.845362283215578714e+01
4.679595585937499891e+02,-7.911709298268846169e+01
4.679598515625000346e+02,-7.687656503978983835e+01
4.679601445312500232e+02,-8.778617337992862701e+01
4.679604375000000118e+02,-8.206611984168189622e+01
4.679607304687500005e+02,-7.794452335568880130e+01
4.679610234374999891e+02,-7.840567200654943747e+01
4.679613164062500346e+02,-7.123485584949933980e+01
4.679616093750000232e+02,-7.406250979244705945e+01
4.679619023437500118e+02,-8.522954793565514819e+01
4.679621953125000005e+02,-7.731383804040555674e+01
4.679624882812499891e+02,-9.075442460145822565e+01
4.679627812500000346e+02,-7.581848867590241525e+01
4.679630742187500232e+02,-7.543715482889422219e+01
4.679633671875000118e+02,-8.416225237017081895e+01
4.679636601562500005e+02,-7.103398414639504210e+01
4.679639531249999891e+02,-7.147000951038702965e+01
4.679642460937500346e+02,-7.860972130914184675e+01
4.679645390625000232e+02,-9.091431874326173102e+01
4.679648320312500118e+02,-8.014346953514225902e+01
4.679651250000000005e+02,-7.866350328952654536e+01
4.679654179687499891e+02,-7.622284179619124700e+01
4.679657109375000346e+02,-7.765030344445575849e+01
4.679660039062500232e+02,-8.103931609682496173e+01
4.679662968750000118e+02,-7.451490968595139464e+01
4.679665898437500005e+02,-7.595905737522360823e+01
4.679668828124999891e+02,-7.738668021160822263e+01
4.679671757812500346e+02,-7.857248927014364881e+01
4.679674687500000232e+02,-8.035192824823427316e+01
4.679677617187500118e+02,-8.020444758153931275e+01
4.679680546875000005e+02,-7.799723680396989778e+01
4.679683476562499891e+02,-8.074109306964886912e+01
4.679686406250000346e+02,-8.765069745289085290e+01
4.679689335937500232e+02,-8.048391381920265530e+01
4.679692265625000118e+02,-7.453390911514867412e+01
4.679695195312500005e+02,-7.690230971807538651e+01
4.679698124999999891e+02,-7.596707579478922412e+01
4.679701054687500346e+02,-8.671580484494802477e+01
4.679703984375000232e+02,-9.040495821864601567e+01
4.679706914062500118e+02,-8.174034396757342336e+01
4.679709843750000005e+02,-7.603113222840006813e+01
4.679712773437499891e+02,-7.994766495855478183e+01
4.679715703125000346e+02,-7.540869721533988468e+01
4.679718632812500232e+02,-7.502734933399761985e+01
4.679721562500000118e+02,-7.342643958338213395e+01
4.679724492187500005e+02,-7.308163678069577429e+01
4.679727421874999891e+02,-7.289172149438668669e+01
4.679730351562500346e+02,-7.772763502076797693e+01
4.679733281250000232e+02,-8.175514323486049761e+01
4.679736210937500118e+02,-7.687629954281678124e+01
4.679739140625000005e+02,-8.235645285633918888e+01
4.679742070312499891e+02,-7.866925200953288311e+01
4.679745000000000346e+02,-8.048860470846902615e+01
4.679747929687500232e+02,-7.266013630720662775e+01
4.679750859375000118e+02,-6.995112724051820408e+01
4.679753789062500005e+02,-7.359213894262707356e+01
4.679756718749999891e+02,-8.744661254598035782e+01
4.679759648437500346e+02,-7.987740821950571046e+01
4.679762578125000232e+02,-8.333061714382293417e+01
4.679765507812500118e+02,-7.688049020878435158e+01
4.679768437500000005e+02,-8.157705785726598435e+01
4.679771367187499891e+02,-7.431888980747839923e+01
4.679774296875000346e+02,-6.878422119796412915e+01
4.679777226562500232e+02,-7.064261212476053231e+01
4.679780156250000118e+02,-7.645308298317706885e+01
4.679783085937500005e+02,-7.637646460998590214e+01
4.679786015624999891e+02,-8.357525017015859703e+01
4.679788945312500346e+02,-9.343376224784631745e+01
4.679791875000000232e+02,-7.643955271763937276e+01
4.679794804687500118e+02,-7.418867718981344694e+01
4.679797734375000005e+02,-7.219632694504396397e+01
4.679800664062499891e+02,-7.179529425068093929e+01
4.679803593750000346e+02,-7.377776304582036460e+01
4.679806523437500232e+02,-7.214383364396611853e+01
4.679809453125000118e+02,-7.241526173043649806e+01
4.679812382812500005e+02,-7.702534595864986500e+01
4.679815312499999891e+02,-7.988094909063259763e+01
4.679818242187500346e+02,-7.277080787634987757e+01
4.679821171875000232e+02,-7.655826494536827909e+01
4.679824101562500118e+02,-7.749556360450614534e+01
4.679827031250000005e+02,-7.621477131328117594e+01
4.679829960937499891e+02,-7.459025102374477001e+01
4.679832890625000346e+02,-7.163737723760790743e+01
4.679835820312500232e+02,-7.120814765358120724e+01
4.679838750000000118e+02,-7.816581756329136965e+01
4.679841679687500005e+02,-7.354570429612886073e+01
4.679844609374999891e+02,-7.644947260758388552e+01
4.679847539062500346e+02,-8.062302655846069399e+01
4.679850468750000232e+02,-7.882810818715017831e+01
4.679853398437500118e+02,-8.447145176204298878e+01
4.679856328125000005e+02,-7.892788020455547837e+01
4.679859257812499891e+02,-7.169123140773918124e+01
4.679862187500000346e+02,-7.390449235110483528e+01
4.679865117187500232e+02,-7.907225249429458813e+01
4.679868046875000118e+02,-8.432196093907633383e+01
4.679870976562500005e+02,-7.954605034698951727e+01
4.679873906249999891e+02,-7.693144526166362596e+01
4.679876835937500346e+02,-7.796608856192770531e+01
4.679879765625000232e+02,-7.712386102406897237e+01
4.679882695312500118e+02,-7.898714628867008969e+01
4.679885625000000005e+02,-7.762452472993484776e+01
4.679888554687499891e+02,-7.756940353430107393e+01
4.679891484375000346e+02,-8.891190701097677618e+01
4.679894414062500232e+02,-7.932910752563002177e+01
4.679897343750000118e+02,-7.860722412697904815e+01
4.679900273437500005e+02,-7.602167871537214694e+01
4.679903203124999891e+02,-7.264608076561390249e+01
4.679906132812500346e+02,-7.624164874771976486e+01
4.679909062500000232e+02,-8.259172522891333301e+01
4.679911992187500118e+02,-8.558904847370313007e+01
4.679914921875000005e+02,-8.798450124082192758e+01
4.679917851562499891e+02,-8.110486884454755341e+01
4.679920781250000346e+02,-1.020319907315548278e+02
4.679923710937500232e+02,-8.593364224274864682e+01
4.679926640625000118e+02,-7.414410451886499231e+01
4.679929570312500005e+02,-7.185106112622881369e+01
4.679932499999999891e+02,-7.508638051781626643e+01
4.679935429687500346e+02,-7.452371203877012817e+01
4.679938359375000232e+02,-8.019210781982255298e+01
4.679941289062500118e+02,-8.337960679708488954e+01
4.679944218750000005e+02,-9.533151273750839039e+01
4.679947148437499891e+02,-7.799886929604922159e+01
4.679950078125000346e+02,-7.603019631301833670e+01
4.679953007812500232e+02,-7.641665587085793732e+01
4.679955937500000118e+02,-7.582558437026300169e+01
4.679958867187500005e+02,-7.359458784903078765e+01
4.679961796874999891e+02,-7.566280772534622656e+01
4.679964726562500346e+02,-8.004412482207912660e+01
4.679967656250000232e+02,-7.815699977053148473e+01
4.679970585937500118e+02,-7.248009983413415114e+01
4.679973515625000005e+02,-7.569397991912350676e+01
4.679976445312499891e+02,-8.544426568591396176e+01
4.679979375000000346e+02,-7.756639989124391832e+01
4.679982304687500232e+02,-7.391166276244454991e+01
4.679985234375000118e+02,-7.166685253290432911e+01
4.679988164062500005e+02,-7.292523479140743348e+01
4.679991093749999891e+02,-1.125951514798900632e+02
4.679994023437500346e+02,-7.582411567186636603e+01
4.679996953125000232e+02,-7.290470019864459061e+01
4.679999882812500118e+02,-7.730412808143371706e+01
4.680002812500000005e+02,-8.314372274016783138e+01
4.680005742187499891e+02,-8.471428555806164695e+01
4.680008671875000346e+02,-7.387344133996616335e+01
4.680011601562500232e+02,-7.297900418394978317e+01
4.680014531250000118e+02,-8.630269941513006415e+01
4.680017460937500005e+02,-7.845210180681883116e+01
4.680020390624999891e+02,-7.499230682199285525e+01
4.680023320312500346e+02,-7.231888449407256303e+01
4.680026250000000232e+02,-7.633324064127262432e+01
4.680029179687500118e+02,-1.019768786354817536e+02
4.680032109375000005e+02,-7.846231335607220103e+01
4.680035039062499891e+02,-7.523044172997745704e+01
4.680037968750000346e+02,-7.300577421829031266e+01
4.680040898437500232e+02,-7.994355730756198852e+01
4.680043828125000118e+02,-8.258346665809197873e+01
4.680046757812500005e+02,-7.518345220881995772e+01
4.680049687499999891e+02,-7.585662630829733644e+01
4.680052617187500346e+02,-9.149197282068767834e+01
4.680055546875000232e+02,-1.005413139261520428e+02
4.680058476562500118e+02,-9.177359319022848183e+01
4.680061406250000005e+02,-7.572210071999877812e+01
4.680064335937499891e+02,-7.268886888798809309e+01
4.680067265625000346e+02,-7.612116188690387730e+01
4.680070195312500232e+02,-7.776027294006533452e+01
4.680073125000000118e+02,-8.196963333739924451e+01
4.680076054687500005e+02,-9.159111936963243750e+01
4.680078984374999891e+02,-7.872544153248669829e+01
4.680081914062500346e+02,-8.387416809079908830e+01
4.680084843750000232e+02,-7.695238851054568840e+01
4.680087773437500118e+02,-7.158857056904275851e+01
4.680090703125000005e+02,-7.410092464391246381e+01
4.680093632812499891e+02,-7.721081764330838837e+01
4.680096562500000346e+02,-8.746017456605488860e+01
4.680099492187500232e+02,-8.825957042247289053e+01
4.680102421875000118e+02,-8.006989893661500446e+01
4.680105351562500005e+02,-7.620926671940188157e+01
4.680108281249999891e+02,-7.940746669565879756e+01
4.680111210937500346e+02,-7.337944107117483838e+01
4.680114140625000232e+02,-6.950724987503039642e+01
4.680117070312500118e+02,-7.584465843824909825e+01
4.680120000000000005e+02,-9.520597609662452498e+01
4.680122929687499891e+02,-7.907011694258297041e+01
4.680125859375000346e+02,-7.760178125213232647e+01
4.680128789062500232e+02,-7.541537786247316433e+01
4.680131718750000118e+02,-7.494574023233420235e+01
4.680134648437500005e+02,-7.860280761221230250e+01
4.680137578124999891e+02,-7.080045798640642829e+01
4.680140507812500346e+02,-7.511142436571284975e+01
4.680143437500000232e+02,-7.643127105456288461e+01
4.680146367187500118e+02,-7.187601775065157028e+01
4.680149296875000005e+02,-8.119107274061221347e+01
4.680152226562499891e+02,-8.484619099708496037e+01
4.680155156250000346e+02,-7.693521301873160212e+01
4.680158085937500232e+02,-8.557749870542156145e+01
4.680161015625000118e+02,-8.068145457639103313e+01
4.680163945312500005e+02,-7.948340761649430419e+01
4.680166874999999891e+02,-8.068418546875668085e+01
4.680169804687500346e+02,-7.220398517465767441e+01
4.680172734375000232e+02,-7.425285378625991939e+01
4.680175664062500118e+02,-8.199643384900784326e+01
4.680178593750000005e+02,-8.090714615974928847e+01
4.680181523437499891e+02,-8.222888710600236095e+01
4.680184453125000346e+02,-8.682863508865992230e+01
4.680187382812500232e+02,-9.239932337757055336e+01
4.680190312500000118e+02,-8.391553435562389041e+01
4.680193242187500005e+02,-7.794409405573233585e+01
4.680196171874999891e+02,-7.434569277026579925e+01
4.680199101562500346e+02,-7.361469157099162430e+01
4.680202031250000232e+02,-7.578953349919285642e+01
4.680204960937500118e+02,-8.503516278622544178e+01
4.680207890625000005e+02,-8.303494290037190240e+01
4.680210820312499891e+02,-7.862002300253709564e+01
4.680213750000000346e+02,-7.778320616294013234e+01
4.680216679687500232e+02,-8.169085863634865063e+01
4.680219609375000118e+02,-8.146883474370122258e+01
4.680222539062500005e+02,-7.348190069865236751e+01
4.680225468749999891e+02,-7.356237609154298696e+01
4.680228398437500346e+02,-7.888209375074882246e+01
4.680231328125000232e+02,-9.286565361183266987e+01
4.680234257812500118e+02,-7.662786503945272898e+01
4.680237187500000005e+02,-7.357949872330026153e+01
4.680240117187499891e+02,-7.890081316305641224e+01
4.680243046875000346e+02,-8.608126689004058107e+01
4.680245976562500232e+02,-7.719876885333177086e+01
4.680248906250000118e+02,-7.365124580347574579e+01
4.680251835937500005e+02,-7.837440864703083321e+01
4.680254765624999891e+02,-8.076503331323515056e+01
4.680257695312500346e+02,-8.399121286661051045e+01
4.680260625000000232e+02,-7.796310513068095815e+01
4.680263554687500118e+02,-8.247894887502783945e+01
4.680266484375000005e+02,-8.597115003406763378e+01
4.680269414062499891e+02,-8.431418381533278250e+01
4.680272343750000346e+02,-7.378944449663518412e+01
4.680275273437500232e+02,-7.358597376895673392e+01
4.680278203125000118e+02,-7.515952067073193632e+01
4.680281132812500005e+02,-8.039074587947231976e+01
4.680284062499999891e+02,-8.180297130167731723e+01
4.680286992187500346e+02,-8.582849079148076044e+01
4.680289921875000232e+02,-9.089661443321750767e+01
4.680292851562500118e+02,-8.383107669056687428e+01
4.680295781250000005e+02,-8.232172466478390049e+01
4.680298710937499891e+02,-7.595507476147180626e+01
4.680301640625000346e+02,-7.345244968802957430e+01
4.680304570312500232e+02,-7.773481699177750670e+01
4.680307500000000118e+02,-8.032214067485077180e+01
4.680310429687500005e+02,-8.754963386649225754e+01
4.680313359374999891e+02,-8.732326118975257145e+01
4.680316289062500346e+02,-8.099210366030298758e+01
4.680319218750000232e+02,-8.186916611640269537e+01
4.680322148437500118e+02,-8.275458865690266919e+01
4.680325078125000005e+02,-7.177790029835199448e+01
4.680328007812499891e+02,-7.419658737092326817e+01
4.680330937500000346e+02,-7.685969787379114848e+01
4.680333867187500232e+02,-7.783962645318260343e+01
4.680336796875000118e+02,-7.945238865718528132e+01
4.680339726562500005e+02,-7.822990658344249937e+01
4.680342656249999891e+02,-7.698370524580798246e+01
4.680345585937500346e+02,-7.852279457129168350e+01
4.680348515625000232e+02,-8.079839896606605976e+01
4.680351445312500118e+02,-7.607401812582706668e+01
4.680354375000000005e+02,-8.569309878007797465e+01
4.680357304687499891e+02,-8.022453840494620181e+01
4.680360234375000346e+02,-7.813916321718546953e+01
4.680363164062500232e+02,-7.509580485147326101e+01
4.680366093750000118e+02,-7.695707901455544686e+01
4.680369023437500005e+02,-7.391823195811460323e+01
4.680371953124999891e+02,-7.561703848250878934e+01
4.680374882812500346e+02,-8.702714939297081287e+01
4.680377812500000232e+02,-8.034230627382383716e+01
4.680380742187500118e+02,-9.077838677294693071e+01
4.680383671875000005e+02,-9.016270754804182275e+01
4.680386601562499891e+02,-7.694482756908691101e+01
4.680389531250000346e+02,-9.023266171963584270e+01
4.680392460937500232e+02,-7.641376254297026094e+01
4.680395390625000118e+02,-7.387306202560748147e+01
4.680398320312500005e+02,-7.967122516122536524e+01
4.680401249999999891e+02,-7.798344125909331126e+01
4.680404179687500346e+02,-7.915165686644124321e+01
4.680407109375000232e+02,-8.025473142726272613e+01
4.680410039062500118e+02,-7.960403356348103898e+01
4.680412968750000005e+02,-7.527716166714355950e+01
4.680415898437499891e+02,-9.329211668186684392e+01
4.680418828125000346e+02,-7.614822598596228431e+01
4.680421757812500232e+02,-7.494616108861278292e+01
4.680424687500000118e+02,-7.787318893286104071e+01
4.680427617187500005e+02,-7.577170023526545606e+01
4.680430546874999891e+02,-7.412909774525780904e+01
4.680433476562500346e+02,-7.860727204092286513e+01
4.680436406250000232e+02,-7.784554648328344229e+01
4.680439335937500118e+02,-7.836927334463085515e+01
4.680442265625000005e+02,-8.191994640228516289e+01
4.680445195312499891e+02,-7.557708177605262279e+01
4.680448125000000346e+02,-8.286622993775247892e+01
4.680451054687500232e+02,-7.847912421347766099e+01
4.680453984375000118e+02,-7.261750225468006192e+01
4.680456914062500005e+02,-7.564577528132292628e+01
4.680459843749999891e+02,-7.671597823043737208e+01
4.680462773437500346e+02,-7.036574525503337441e+01
4.680465703125000232e+02,-8.046164252568945585e+01
4.680468632812500118e+02,-7.935775304758647053e+01
4.680471562500000005e+02,-8.256077040598580652e+01
4.680474492187499891e+02,-8.557554259966002519e+01
4.680477421875000346e+02,-7.717796773992397164e+01
4.680480351562500232e+02,-7.386497929044080024e+01
4.680483281250000118e+02,-7.658165113944357927e+01
4.680486210937500005e+02,-7.091940352742084031e+01
4.680489140624999891e+02,-7.243482192118770513e+01
4.680492070312500346e+02,-7.964159979448874083e+01
4.680495000000000232e+02,-7.861341277937745531e+01
4.680497929687500118e+02,-7.990290475299447337e+01
4.680500859375000005e+02,-7.758896496109190366e+01
4.680503789062499891e+02,-7.242601071026454918e+01
4.680506718750000346e+02,-7.447297553956049398e+01
4.680509648437500232e+02,-7.542819805831948088e+01
4.680512578125000118e+02,-7.321652683824001429e+01
4.680515507812500005e+02,-7.725490636025828906e+01
4.680518437499999891e+02,-8.528319831351277003e+01
4.680521367187500346e+02,-7.921881996925313274e+01
4.680524296875000232e+02,-7.443514082738271043e+01
4.680527226562500118e+02,-7.297818739713599712e+01
4.680530156250000005e+02,-7.177133560193207984e+01
4.680533085937499891e+02,-7.731426758487901907e+01
4.680536015625000346e+02,-7.705220983909296706e+01
4.680538945312500232e+02,-7.350823041135225822e+01
4.680541875000000118e+02,-7.904060574659129657e+01
4.680544804687500005e+02,-7.800117374952976945e+01
4.680547734374999891e+02,-7.477689066708309440e+01
4.680550664062500346e+02,-7.326424701118922655e+01
4.680553593750000232e+02,-7.255534181383751502e+01
4.680556523437500118e+02,-8.019071209872109307e+01
4.680559453125000005e+02,-8.391466493550305472e+01
4.680562382812499891e+02,-7.918165348910267198e+01
4.680565312500000346e+02,-8.037025857010314667e+01
4.680568242187500232e+02,-8.703090557758919488e+01
4.680571171875000118e+02,-8.065974182340414700e+01
4.680574101562500005e+02,-7.967826912356730418e+01
4.680577031249999891e+02,-7.553446769246811243e+01
4.680579960937500346e+02,-7.625211267840435880e+01
4.680582890625000232e+02,-8.413672050390420054e+01
4.680585820312500118e+02,-7.921353516776144943e+01
4.680588750000000005e+02,-8.039564408715503419e+01
4.680591679687499891e+02,-9.066461813105431133e+01
4.680594609375000346e+02,-8.429236405214751926e+01
4.680597539062500232e+02,-8.315181511709617723e+01
4.680600468750000118e+02,-8.846000388281214555e+01
4.680603398437500005e+02,-8.197075358433676229e+01
4.680606328124999891e+02,-8.670290480646767151e+01
4.680609257812500346e+02,-7.841248130741830380e+01
4.680612187500000232e+02,-7.907437533855497236e+01
4.680615117187500118e+02,-9.338406456139449574e+01
4.680618046875000005e+02,-8.354809749361680815e+01
4.680620976562499891e+02,-8.036996601708696630e+01
4.680623906250000346e+02,-7.852436612217742606e+01
4.680626835937500232e+02,-7.843817122337613057e+01
4.680629765625000118e+02,-7.786717087115269464e+01
4.680632695312500005e+02,-8.813053182904111793e+01
4.680635624999999891e+02,-7.860632614090636139e+01
4.680638554687500346e+02,-9.213366931560480566e+01
4.680641484375000232e+02,-8.025305738400030009e+01
4.680644414062500118e+02,-8.382092103317293663e+01
4.680647343750000005e+02,-7.988907909042069377e+01
4.680650273437499891e+02,-7.814641488801949265e+01
4.680653203125000346e+02,-7.768842044334134300e+01
4.680656132812500232e+02,-1.000854938424628529e+02
4.680659062500000118e+02,-7.709946552296645450e+01
4.680661992187500005e+02,-8.688678059975669044e+01
4.680664921874999891e+02,-8.040164689652600316e+01
4.680667851562500346e+02,-8.056031306396120328e+01
4.680670781250000232e+02,-7.836170055351524866e+01
4.680673710937500118e+02,-7.683398382581009400e+01
4.680676640625000005e+02,-7.934306396409718332e+01
4.680679570312499891e+02,-8.609880718912347675e+01
4.680682500000000346e+02,-8.047422272444219971e+01
4.680685429687500232e+02,-8.089816630059297609e+01
4.680688359375000118e+02,-7.752486477715282831e+01
4.680691289062500005e+02,-7.682128000582700622e+01
4.680694218749999891e+02,-7.690577674990491630e+01
4.680697148437500346e+02,-7.648609987714345948e+01
4.680700078125000232e+02,-8.083814716536463152e+01
4.680703007812500118e+02,-8.410919164899263478e+01
4.680705937500000005e+02,-8.406472755736410818e+01
4.680708867187499891e+02,-7.958288072640581845e+01
4.680711796875000346e+02,-8.311893949574668738e+01
4.680714726562500232e+02,-8.050167355367176469e+01
4.680717656250000118e+02,-7.991911501519020078e+01
4.680720585937500005e+02,-7.546667047811155271e+01
4.680723515624999891e+02,-7.653887246139353806e+01
4.680726445312500346e+02,-8.058222897336257518e+01
4.680729375000000232e+02,-8.318312650096486038e+01
4.680732304687500118e+02,-8.302835191469506526e+01
4.680735234375000005e+02,-8.088298725112585430e+01
4.680738164062499891e+02,-8.099373886929089394e+01
4.680741093750000346e+02,-8.045027981961078467e+01
4.680744023437500232e+02,-7.566206282268473160e+01
4.680746953125000118e+02,-7.316251976893111930e+01
4.680749882812500005e+02,-7.468105034387890839e+01
4.680752812499999891e+02,-7.996620311970677619e+01
4.680755742187500346e+02,-8.747975238220560357e+01
4.680758671875000232e+02,-7.826617413175087279e+01
4.680761601562500118e+02,-7.983672290873100508e+01
4.680764531250000005e+02,-8.539401774725931205e+01
4.680767460937499891e+02,-8.029289394882201236e+01
4.680770390625000346e+02,-7.637227536959159124e+01
4.680773320312500232e+02,-7.510066625498052417e+01
4.680776250000000118e+02,-8.536703570053069257e+01
4.680779179687500005e+02,-8.318598618709749815e+01
4.680782109374999891e+02,-7.617521246426876758e+01
4.680785039062500346e+02,-7.591765483828234551e+01
4.680787968750000232e+02,-8.202193712310018725e+01
4.680790898437500118e+02,-8.092254424210605634e+01
4.680793828125000005e+02,-8.062519786706317859e+01
4.680796757812499891e+02,-7.869399928466191341e+01
4.680799687500000346e+02,-8.088742359594510845e+01
4.680802617187500232e+02,-7.634118751694124683e+01
4.680805546875000118e+02,-7.847026027065894027e+01
4.680808476562500005e+02,-7.382468651244691671e+01
4.680811406249999891e+02,-7.632705146612718750e+01
4.680814335937500346e+02,-7.879183636529346302e+01
4.680817265625000232e+02,-8.340249522925302017e+01
4.680820195312500118e+02,-8.894274365772977831e+01
4.680823125000000005e+02,-8.054181025186964860e+01
4.680826054687499891e+02,-7.543659557062186138e+01
4.680828984375000346e+02,-7.552275799085869323e+01
4.680831914062500232e+02,-7.986532825424055204e+01
4.680834843750000118e+02,-7.443245463529893868e+01
4.680837773437500005e+02,-7.522886432412092006e+01
4.680840703124999891e+02,-8.608571461434448224e+01
4.680843632812500346e+02,-8.159034114471255350e+01
4.680846562500000232e+02,-8.434874022686413753e+01
4.680849492187500118e+02,-8.617408225066409955e+01
4.680852421875000005e+02,-7.290795198623771967e+01
4.680855351562499891e+02,-7.793202019477443798e+01
4.680858281250000346e+02,-7.827342122537748992e+01
4.680861210937500232e+02,-7.510102725279185165e+01
4.680864140625000118e+02,-7.674500838092544086e+01
4.680867070312500005e+02,-9.313004035057514329e+01
4.680869999999999891e+02,-1.008974537229892405e+02
4.680872929687500346e+02,-8.810840616055030239e+01
4.680875859375000232e+02,-7.434068794618671916e+01
4.680878789062500118e+02,-7.116745561906819262e+01
4.680881718750000005e+02,-8.665327493395473368e+01
4.680884648437499891e+02,-7.639991053346190597e+01
4.680887578125000346e+02,-7.640322035767637487e+01
4.680890507812500232e+02,-8.071932646017017987e+01
4.680893437500000118e+02,-8.515460929710897631e+01
4.680896367187500005e+02,-8.519671335721091054e+01
4.680899296874999891e+02,-7.471393199211759395e+01
4.680902226562500346e+02,-7.058414568426793778e+01
4.680905156250000232e+02,-7.428529367112295745e+01
4.680908085937500118e+02,-7.550425812200342079e+01
4.680911015625000005e+02,-7.863820336953268963e+01
4.680913945312499891e+02,-8.079382848295564656e+01
4.680916875000000346e+02,-8.260720682762759282e+01
4.680919804687500232e+02,-8.678760122775742047e+01
4.680922734375000118e+02,-7.872755049790154658e+01
4.680925664062500005e+02,-7.315306171186836082e+01
4.680928593749999891e+02,-7.336437687798579077e+01
4.680931523437500346e+02,-7.692880078870368266e+01
4.680934453125000232e+02,-7.854102330479393856e+01
4.680937382812500118e+02,-8.142372649187458933e+01
4.680940312500000005e+02,-8.296751901567665755e+01
4.680943242187499891e+02,-8.574258135872177888e+01
4.680946171875000346e+02,-8.658392376395522660e+01
4.680949101562500232e+02,-7.472362716003544847e+01
4.680952031250000118e+02,-7.500697194003615209e+01
4.680954960937500005e+02,-7.445602753609722413e+01
4.680957890624999891e+02,-7.642157794874901811e+01
4.680960820312500346e+02,-7.488094974259772130e+01
4.680963750000000232e+02,-8.128236678666864634e+01
4.680966679687500118e+02,-7.679320536150964926e+01
4.680969609375000005e+02,-9.787941749153831950e+01
4.680972539062499891e+02,-8.088631510647162770e+01
4.680975468750000346e+02,-8.103328911199193385e+01
4.680978398437500232e+02,-7.688912662000814180e+01
4.680981328125000118e+02,-7.501798678937517195e+01
4.680984257812500005e+02,-7.323454258037773457e+01
4.680987187499999891e+02,-7.429776850759492390e+01
4.680990117187500346e+02,-7.495343761501528945e+01
4.680993046875000232e+02,-7.927886395097476679e+01
4.680995976562500118e+02,-9.461876500775851184e+01
4.680998906250000005e+02,-7.886427842538593325e+01
4.681001835937499891e+02,-7.945322633922745581e+01
4.681004765625000346e+02,-7.335241644674331951e+01
4.681007695312500232e+02,-7.433744745333486037e+01
4.681010625000000118e+02,-7.223914970161236226e+01
4.681013554687500005e+02,-7.449205868398786379e+01
4.681016484374999891e+02,-7.551421722880745335e+01
4.681019414062500346e+02,-8.054431545627751632e+01
4.681022343750000232e+02,-8.920279181784779610e+01
4.681025273437500118e+02,-8.170932752040506841e+01
4.681028203125000005e+02,-7.704939079010034675e+01
4.681031132812499891e+02,-7.771871632763196658e+01
4.681034062500000346e+02,-7.839456926625221911e+01
4.681036992187500232e+02,-7.471997442686233626e+01
4.681039921875000118e+02,-7.576966358566784265e+01
4.681042851562500005e+02,-7.628962705132586564e+01
4.681045781249999891e+02,-8.276791630529680788e+01
4.681048710937500346e+02,-8.035337525184866081e+01
4.681051640625000232e+02,-7.937172102304583632e+01
4.681054570312500118e+02,-8.072770813935234457e+01
4.681057500000000005e+02,-8.470389878112990800e+01
4.681060429687499891e+02,-7.755693174025209657e+01
4.681063359375000346e+02,-8.283586667974327611e+01
4.681066289062500232e+02,-8.082775391589851210e+01
4.681069218750000118e+02,-7.864365415656850189e+01
4.681072148437500005e+02,-9.312958252430256323e+01
4.681075078124999891e+02,-7.870366902653999830e+01
4.681078007812500346e+02,-7.986699798484066548e+01
4.681080937500000232e+02,-7.835119358187994010e+01
4.681083867187500118e+02,-7.422870237404646332e+01
4.681086796875000005e+02,-8.363858581754240618e+01
4.681089726562499891e+02,-8.509269721252756824e+01
4.681092656250000346e+02,-7.914709313853747119e+01
4.681095585937500232e+02,-8.283222851204223502e+01
4.681098515625000118e+02,-9.144958786082908375e+01
4.681101445312500005e+02,-8.558131307181140812e+01
4.681104374999999891e+02,-7.764678166691930983e+01
4.681107304687500346e+02,-7.346220170227968538e+01
4.681110234375000232e+02,-8.322962456745074178e+01
4.681113164062500118e+02,-8.173672794527473684e+01
4.681116093750000005e+02,-7.816248822249053774e+01
4.681119023437499891e+02,-7.732898633490157181e+01
4.681121953125000346e+02,-8.041235477085686512e+01
4.681124882812500232e+02,-8.963567395348562172e+01
4.681127812500000118e+02,-8.643130228403137494e+01
4.681130742187500005e+02,-7.479564058374248248e+01
4.681133671874999891e+02,-7.968764042055161667e+01
4.681136601562500346e+02,-8.933542787677004071e+01
4.681139531250000232e+02,-7.832021167645605431e+01
4.681142460937500118e+02,-7.694385467441546211e+01
4.681145390625000005e+02,-7.871480778056942995e+01
4.681148320312499891e+02,-8.448076815123870631e+01
4.681151250000000346e+02,-1.006219616249706093e+02
4.681154179687500232e+02,-7.993420613575777622e+01
4.681157109375000118e+02,-8.112286781181146011e+01
4.681160039062500005e+02,-9.701966026051871950e+01
4.681162968749999891e+02,-9.372591833950507123e+01
4.681165898437500346e+02,-8.165466081207931381e+01
4.681168828125000232e+02,-8.094400875528869221e+01
4.681171757812500118e+02,-8.223979853050791178e+01
4.681174687500000005e+02,-8.452221413530749317e+01
4.681177617187499891e+02,-8.727460058615838534e+01
4.681180546875000346e+02,-9.507841814282626558e+01
4.681183476562500232e+02,-8.437553273212395766e+01
4.681186406250000118e+02,-8.641543886826396204e+01
4.681189335937500005e+02,-9.135543991768219030e+01
4.681192265624999891e+02,-8.290319284655204513e+01
4.681195195312500346e+02,-7.964996050497113345e+01
4.681198125000000232e+02,-8.587773785696838047e+01
4.681201054687500118e+02,-8.049251804488996243e+01
4.681203984375000005e+02,-8.037788631774267856e+01
4.681206914062499891e+02,-8.017723866622020523e+01
4.681209843750000346e+02,-7.916275069876381565e+01
4.681212773437500232e+02,-7.590977803329472806e+01
4.681215703125000118e+02,-7.898347597731040537e+01
4.681218632812500005e+02,-7.642618516114026761e+01
4.681221562499999891e+02,-7.693052761044499732e+01
4.681224492187500346e+02,-8.217481658611681894e+01
4.681227421875000232e+02,-7.568648185808382323e+01
4.681230351562500118e+02,-8.209797409375235588e+01
4.681233281250000005e+02,-7.954738300502354775e+01
4.681236210937499891e+02,-7.400960526420675478e+01
4.681239140625000346e+02,-7.341101798288534042e+01
4.681242070312500232e+02,-7.509814355494975757e+01
4.681245000000000118e+02,-7.520473327032587463e+01
4.681247929687500005e+02,-8.534582548092407706e+01
4.681250859374999891e+02,-7.974060354607367174e+01
4.681253789062500346e+02,-7.786755661798889605e+01
4.681256718750000232e+02,-8.239178673902347327e+01
4.681259648437500118e+02,-7.716252315342475754e+01
4.681262578125000005e+02,-7.249153384659740595e+01
4.681265507812499891e+02,-7.239156294477776044e+01
4.681268437500000346e+02,-7.512532599851536474e+01
4.681271367187500232e+02,-8.150783851909365296e+01
4.681274296875000118e+02,-8.447203810182492134e+01
4.681277226562500005e+02,-8.711173704931047723e+01
4.681280156249999891e+02,-9.528381665987112115e+01
4.681283085937500346e+02,-8.280499955597127837e+01
4.681286015625000232e+02,-7.736626795892651387e+01
4.681288945312500118e+02,-7.189897396255035744e+01
4.681291875000000005e+02,-7.587393384476909830e+01
4.681294804687499891e+02,-7.975643242149752155e+01
4.681297734375000346e+02,-8.455129407270611352e+01
4.681300664062500232e+02,-8.279297031357563696e+01
4.681303593750000118e+02,-9.610445035518849011e+01
4.681306523437500005e+02,-8.138744974985611691e+01
4.681309453124999891e+02,-8.272305328679831860e+01
4.681312382812500346e+02,-7.438559316675937794e+01
4.681315312500000232e+02,-7.441331814437828029e+01
4.681318242187500118e+02,-8.062786118267410984e+01
4.681321171875000005e+02,-1.067512901198187336e+02
4.681324101562499891e+02,-7.648262558382594989e+01
4.681327031250000346e+02,-8.226994238383490199e+01
4.681329960937500232e+02,-8.667484353052634560e+01
4.681332890625000118e+02,-9.274445068087214850e+01
4.681335820312500005e+02,-8.202371803937415962e+01
4.681338749999999891e+02,-7.582908890752848663e+01
4.681341679687500346e+02,-8.088029263418474102e+01
4.681344609375000232e+02,-7.964370712619489723e+01
4.681347539062500118e+02,-7.819545800384135248e+01
4.681350468750000005e+02,-7.565976993756501656e+01
4.681353398437499891e+02,-8.518745175531063296e+01
4.681356328125000346e+02,-8.535157198165003933e+01
4.681359257812500232e+02,-8.206767296597118388e+01
4.681362187500000118e+02,-7.820388378074427749e+01
4.681365117187500005e+02,-7.969912179255398144e+01
4.681368046874999891e+02,-8.051979574287791763e+01
4.681370976562500346e+02,-7.899447218158157114e+01
4.681373906250000232e+02,-7.300181842229196150e+01
4.681376835937500118e+02,-7.658547737115429754e+01
4.681379765625000005e+02,-7.796798188157293907e+01
4.681382695312499891e+02,-7.769907594979785870e+01
4.681385625000000346e+02,-7.768694398298981696e+01
4.681388554687500232e+02,-8.565075089638034456e+01
4.681391484375000118e+02,-7.719567411542101354e+01
4.681394414062500005e+02,-7.835340381948140021e+01
4.681397343749999891e+02,-7.475165966585434774e+01
4.681400273437500346e+02,-7.339264188324260374e+01
4.681403203125000232e+02,-7.481175821766500178e+01
4.681406132812500118e+02,-7.479275981699630904e+01
4.681409062500000005e+02,-7.418821052161297303e+01
4.681411992187499891e+02,-7.775606005368624096e+01
4.681414921875000346e+02,-7.479424440267372631e+01
4.681417851562500232e+02,-7.343856004538763216e+01
4.681420781250000118e+02,-7.639740181842202560e+01
4.681423710937500005e+02,-7.188961966112783841e+01
4.681426640624999891e+02,-7.179862003344679522e+01
4.681429570312500346e+02,-7.353060017148222016e+01
4.681432500000000232e+02,-7.199349557187579762e+01
4.681435429687500118e+02,-7.221663212874011606e+01
4.681438359375000005e+02,-8.292628820391519184e+01
4.681441289062499891e+02,-7.276146345402359827e+01
4.681444218750000346e+02,-8.110439418990667093e+01
4.681447148437500232e+02,-8.094292549187493080e+01
4.681450078125000118e+02,-7.417438989596638521e+01
4.681453007812500005e+02,-7.464470189851382997e+01
4.681455937499999891e+02,-7.282636548355119999e+01
4.681458867187500346e+02,-7.077191929012680305e+01
4.681461796875000232e+02,-8.116253781912882914e+01
4.681464726562500118e+02,-7.458428156883314841e+01
4.681467656250000005e+02,-7.648996605843068153e+01
4.681470585937499891e+02,-8.157639352043494796e+01
4.681473515625000346e+02,-8.387523549643623255e+01
4.681476445312500232e+02,-7.998559287006271745e+01
4.681479375000000118e+02,-7.637804366472212791e+01
4.681482304687500005e+02,-7.105885517533018003e+01
4.681485234374999891e+02,-7.462219804523031996e+01
4.681488164062500346e+02,-7.916474223654051912e+01
4.681491093750000232e+02,-7.866833028985564624e+01
4.681494023437500118e+02,-7.761034452083316637e+01
4.681496953125000005e+02,-7.974027497168097511e+01
4.681499882812499891e+02,-9.043691090468530547e+01
4.681502812500000346e+02,-8.646313729523335212e+01
4.681505742187500232e+02,-7.591354376788103764e+01
4.681508671875000118e+02,-7.478207747298546337e+01
4.681511601562500005e+02,-7.941854661279251104e+01
4.681514531249999891e+02,-1.082218312199626240e+02
4.681517460937500346e+02,-7.824845080351406068e+01
4.681520390625000232e+02,-7.691477262070954168e+01
4.681523320312500118e+02,-8.299076718842270850e+01
4.681526250000000005e+02,-8.529645042277073230e+01
4.681529179687499891e+02,-9.337584593302672431e+01
4.681532109375000346e+02,-8.082498022079028033e+01
4.681535039062500232e+02,-8.035576476060681728e+01
4.681537968750000118e+02,-7.964946961452046992e+01
4.681540898437500005e+02,-7.643987507423756256e+01
4.681543828124999891e+02,-7.667008353975080581e+01
4.681546757812500346e+02,-8.187374641760128213e+01
4.681549687500000232e+02,-8.690810370587081479e+01
4.681552617187500118e+02,-9.178102408332003392e+01
4.681555546875000005e+02,-8.567011351098059890e+01
4.681558476562499891e+02,-9.065588593715146715e+01
4.681561406250000346e+02,-7.921590862049407633e+01
4.681564335937500232e+02,-7.452011808811467120e+01
4.681567265625000118e+02,-7.615604029028787636e+01
4.681570195312500005e+02,-8.354721850078929890e+01
4.681573124999999891e+02,-8.971122103468931641e+01
4.681576054687500346e+02,-8.490150919049332856e+01
4.681578984375000232e+02,-8.658712397069997735e+01
4.681581914062500118e+02,-9.576563261046811704e+01
4.681584843750000005e+02,-7.950868584977841635e+01
4.681587773437499891e+02,-7.688159566733031625e+01
4.681590703125000346e+02,-7.779592159305499877e+01
4.681593632812500232e+02,-8.876001051401864572e+01
4.681596562500000118e+02,-8.545050378687025727e+01
4.681599492187500005e+02,-8.025396015535498861e+01
4.681602421874999891e+02,-7.991043573696549629e+01
4.681605351562500346e+02,-8.371698041843708893e+01
4.681608281250000232e+02,-7.690344503269263043e+01
4.681611210937500118e+02,-7.571893382082163271e+01
4.681614140625000005e+02,-7.753008363376002876e+01
4.681617070312499891e+02,-8.132621377921326200e+01
4.681620000000000346e+02,-8.744524898929832091e+01
4.681622929687500232e+02,-7.968295506823223207e+01
4.681625859375000118e+02,-7.742547095535205415e+01
4.681628789062500005e+02,-7.736687239074692002e+01
4.681631718749999891e+02,-7.977383436314434562e+01
4.681634648437500346e+02,-7.876898789923070865e+01
4.681637578125000232e+02,-8.175311545529324064e+01
4.681640507812500118e+02,-8.015060136751850450e+01
4.681643437500000005e+02,-8.272826560322872069e+01
4.681646367187499891e+02,-8.128097969666681877e+01
4.681649296875000346e+02,-7.706980875720169877e+01
4.681652226562500232e+02,-7.788025159805360431e+01
4.681655156250000118e+02,-7.816584998799611128e+01
4.681658085937500005e+02,-8.424077264373340768e+01
4.681661015624999891e+02,-8.929163512980278483e+01
4.681663945312500346e+02,-8.683138486098872022e+01
4.681666875000000232e+02,-7.922044029551970823e+01
4.681669804687500118e+02,-8.312349855301283696e+01
4.681672734375000005e+02,-7.899701394161353107e+01
4.681675664062499891e+02,-7.733567353544248135e+01
4.681678593750000346e+02,-7.494095286038957227e+01
4.681681523437500232e+02,-7.690849339002824081e+01
4.681684453125000118e+02,-8.193433449061237184e+01
4.681687382812500005e+02,-8.349605389463783922e+01
4.681690312499999891e+02,-8.581410001095261464e+01
4.681693242187500346e+02,-7.594552270661159810e+01
4.681696171875000232e+02,-7.969028853531690970e+01
4.681699101562500118e+02,-7.906668495568423793e+01
4.681702031250000005e+02,-8.002755628130915966e+01
4.681704960937499891e+02,-7.496708637846288070e+01
4.681707890625000346e+02,-7.646207872241581072e+01
4.681710820312500232e+02,-7.615988899466539408e+01
4.681713750000000118e+02,-7.819002835096485171e+01
4.681716679687500005e+02,-7.897676928912561323e+01
4.681719609374999891e+02,-7.568176316000116799e+01
4.681722539062500346e+02,-7.852125062389040977e+01
4.681725468750000232e+02,-7.961515268942775947e+01
4.681728398437500118e+02,-8.233443874017886799e+01
4.681731328125000005e+02,-7.614970904251026695e+01
4.681734257812499891e+02,-7.490017594027013104e+01
4.681737187500000346e+02,-7.273190385299864147e+01
4.681740117187500232e+02,-7.830824535486028992e+01
4.681743046875000118e+02,-7.729726137509851469e+01
4.681745976562500005e+02,-7.746573171834994298e+01
4.681748906249999891e+02,-7.978745542673620150e+01
4.681751835937500346e+02,-7.826720253180124587e+01
4.681754765625000232e+02,-8.264016823440360326e+01
4.681757695312500118e+02,-7.828966813843494776e+01
4.681760625000000005e+02,-7.207011331059226222e+01
4.681763554687499891e+02,-7.157870112122607509e+01
4.681766484375000346e+02,-8.023512885770061587e+01
4.681769414062500232e+02,-7.996848453547663382e+01
4.681772343750000118e+02,-8.118620186165587427e+01
4.681775273437500005e+02,-7.807391207906189834e+01
4.681778203124999891e+02,-7.546556049954699574e+01
4.681781132812500346e+02,-8.720362500261926186e+01
4.681784062500000232e+02,-8.312597128313834105e+01
4.681786992187500118e+02,-7.209626884696156424e+01
4.681789921875000005e+02,-7.488084718545819385e+01
4.681792851562499891e+02,-8.058432959232041526e+01
4.681795781250000346e+02,-7.917024246268603349e+01
4.681798710937500232e+02,-7.921423414235007954e+01
4.681801640625000118e+02,-7.685259962978068415e+01
4.681804570312500005e+02,-7.894000428964412208e+01
4.681807499999999891e+02,-8.187011716353224244e+01
4.681810429687500346e+02,-7.880188783242390116e+01
4.681813359375000232e+02,-7.366465656203202172e+01
4.681816289062500118e+02,-7.363323293541922965e+01
4.681819218750000005e+02,-7.518740694843725691e+01
4.681822148437499891e+02,-7.428318102566106518e+01
4.681825078125000346e+02,-7.829375388469257757e+01
4.681828007812500232e+02,-7.782948920163133266e+01
4.681830937500000118e+02,-7.687762588721787438e+01
4.681833867187500005e+02,-8.204892401635378008e+01
4.681836796874999891e+02,-7.673649718658474228e+01
4.681839726562500346e+02,-7.280694099411250875e+01
4.681842656250000232e+02,-7.204070954846545760e+01
4.681845585937500118e+02,-7.372785693729090895e+01
4.681848515625000005e+02,-7.402530618988684807e+01
4.681851445312499891e+02,-7.859276688228945318e+01
4.681854375000000346e+02,-7.966251283763814683e+01
4.681857304687500232e+02,-7.669611241084669473e+01
4.681860234375000118e+02,-7.856302494440656403e+01
4.681863164062500005e+02,-7.776365989393842426e+01
4.681866093749999891e+02,-7.293158361544962531e+01
4.681869023437500346e+02,-7.404357741529518933e+01
4.681871953125000232e+02,-7.677883088957588598e+01
4.681874882812500118e+02,-7.522860904091484713e+01
4.681877812500000005e+02,-8.035146099736039105e+01
4.681880742187499891e+02,-7.867287048863117604e+01
4.681883671875000346e+02,-7.426249043896183366e+01
4.681886601562500232e+02,-7.929379209686055674e+01
4.681889531250000118e+02,-8.227723445492004828e+01
4.681892460937500005e+02,-7.613146802100082766e+01
4.681895390624999891e+02,-8.185197277277752903e+01
4.681898320312500346e+02,-7.588428715262226376e+01
4.681901250000000232e+02,-7.590545390445549856e+01
4.681904179687500118e+02,-8.183052589085853867e+01
4.681907109375000005e+02,-7.577929767484121726e+01
4.681910039062499891e+02,-7.390263811211930545e+01
4.681912968750000346e+02,-8.403764324939686503e+01
4.681915898437500232e+02,-8.193913541401630596e+01
4.681918828125000118e+02,-8.518229005769242690e+01
4.681921757812500005e+02,-8.541255232942810949e+01
4.681924687499999891e+02,-7.667448742300443598e+01
4.681927617187500346e+02,-7.760848832156325727e+01
4.681930546875000232e+02,-8.037148951647483841e+01
4.681933476562500118e+02,-7.535071727617217618e+01
4.681936406250000005e+02,-7.646169847562894972e+01
4.681939335937499891e+02,-8.619903250699229602e+01
4.681942265625000346e+02,-8.643279468955452671e+01
4.681945195312500232e+02,-8.646677163909801322e+01
4.681948125000000118e+02,-7.706943387268700008e+01
4.681951054687500005e+02,-7.917092033211764601e+01
4.681953984374999891e+02,-8.006026520412062553e+01
4.681956914062500346e+02,-8.096204779399567997e+01
4.681959843750000232e+02,-7.737791243945588349e+01
4.681962773437500118e+02,-8.138901031275960918e+01
4.681965703125000005e+02,-8.388004219144082185e+01
4.681968632812499891e+02,-9.220668838724367333e+01
4.681971562500000346e+02,-7.931505584860042291e+01
4.681974492187500232e+02,-7.789623904818594724e+01
4.681977421875000118e+02,-8.018636974317661270e+01
4.681980351562500005e+02,-8.281620151896606785e+01
4.681983281249999891e+02,-8.063156058583967933e+01
4.681986210937500346e+02,-7.865227961603007145e+01
4.681989140625000232e+02,-7.836216842308290609e+01
4.681992070312500118e+02,-7.905455927954436390e+01
4.681995000000000005e+02,-1.012345576072632980e+02
4.681997929687499891e+02,-7.806977287425883105e+01
4.682000859375000346e+02,-8.165371572568142255e+01
4.682003789062500232e+02,-8.423514266737268485e+01
4.682006718750000118e+02,-8.859221907160210208e+01
4.682009648437500005e+02,-8.475978768058439528e+01
4.682012578124999891e+02,-7.522472769960046435e+01
4.682015507812500346e+02,-7.599726413913820977e+01
4.682018437500000232e+02,-8.148169600185369177e+01
4.682021367187500118e+02,-8.001164674391147003e+01
4.682024296875000005e+02,-7.685196149050598535e+01
4.682027226562499891e+02,-7.829621740254178519e+01
4.682030156250000346e+02,-9.113326108724265850e+01
4.682033085937500232e+02,-8.464991646155952765e+01
4.682036015625000118e+02,-7.433223402707986338e+01
4.682038945312500005e+02,-7.253014984269793786e+01
4.682041874999999891e+02,-7.486759093386922359e+01
4.682044804687500346e+02,-8.402892235420299016e+01
4.682047734375000232e+02,-8.146750477565889526e+01
4.682050664062500118e+02,-7.978266515953497162e+01
4.682053593750000005e+02,-8.311884005585461921e+01
4.682056523437499891e+02,-7.996008739591145797e+01
4.682059453125000346e+02,-7.515191376336890983e+01
4.682062382812500232e+02,-7.196489451882118260e+01
4.682065312500000118e+02,-7.154859894624613048e+01
4.682068242187500005e+02,-7.727358518533570475e+01
4.682071171874999891e+02,-8.252579471703529634e+01
4.682074101562500346e+02,-8.139522583390908039e+01
4.682077031250000232e+02,-8.153057587591939637e+01
4.682079960937500118e+02,-8.464433862076066362e+01
4.682082890625000005e+02,-7.720891073609540456e+01
4.682085820312499891e+02,-7.469733675323450939e+01
4.682088750000000346e+02,-7.181250750599717492e+01
4.682091679687500232e+02,-7.318781317826812938e+01
4.682094609375000118e+02,-7.858222785415603084e+01
4.682097539062500005e+02,-7.741128903128598893e+01
4.682100468749999891e+02,-8.223294218918971410e+01
4.682103398437500346e+02,-8.410221086344100172e+01
4.682106328125000232e+02,-8.265745341621845910e+01
4.682109257812500118e+02,-8.032420506893080869e+01
4.682112187500000005e+02,-7.630987332272354706e+01
4.682115117187499891e+02,-7.411175020888907738e+01
4.682118046875000346e+02,-7.859987868733200855e+01
4.682120976562500232e+02,-7.778701635571638917e+01
4.682123906250000118e+02,-7.860655590445344387e+01
4.682126835937500005e+02,-8.735711522942507656e+01
4.682129765624999891e+02,-8.287868663184082152e+01
4.682132695312500346e+02,-8.489321589544431390e+01
4.682135625000000232e+02,-8.597465619346721155e+01
4.682138554687500118e+02,-7.937575367759740175e+01
4.682141484375000005e+02,-7.718520889505538207e+01
4.682144414062499891e+02,-7.894008709736959872e+01
4.682147343750000346e+02,-7.706641451936548037e+01
4.682150273437500232e+02,-8.088772819062697295e+01
4.682153203125000118e+02,-7.962495109111570457e+01
4.682156132812500005e+02,-7.742225298253651999e+01
4.682159062499999891e+02,-8.818239217771376559e+01
4.682161992187500346e+02,-9.838607626107574333e+01
4.682164921875000232e+02,-8.131461827684478294e+01
4.682167851562500118e+02,-8.022990408321953737e+01
4.682170781250000005e+02,-7.998328719020102540e+01
4.682173710937499891e+02,-7.656584176752060955e+01
4.682176640625000346e+02,-7.683011733210358329e+01
4.682179570312500232e+02,-7.388654400936925981e+01
4.682182500000000118e+02,-8.419249171780944607e+01
4.682185429687500005e+02,-8.408727855429742704e+01
4.682188359374999891e+02,-8.228200539633142796e+01
4.682191289062500346e+02,-8.338127489992940866e+01
4.682194218750000232e+02,-7.998617460206035901e+01
4.682197148437500118e+02,-7.977116607165997664e+01
4.682200078125000005e+02,-8.344708499610185015e+01
4.682203007812499891e+02,-7.673400683404652511e+01
4.682205937500000346e+02,-8.397998571149791758e+01
4.682208867187500232e+02,-8.037798189743944022e+01
4.682211796875000118e+02,-7.831276295751385419e+01
4.682214726562500005e+02,-8.112642972382575124e+01
4.682217656249999891e+02,-8.135918805543668952e+01
4.682220585937500346e+02,-7.355416978475533085e+01
4.682223515625000232e+02,-8.313750219048861823e+01
4.682226445312500118e+02,-8.387448732652907779e+01
4.682229375000000005e+02,-9.257486762484018072e+01
4.682232304687499891e+02,-7.591870455576285792e+01
4.682235234375000346e+02,-7.927970280435988570e+01
4.682238164062500232e+02,-7.702746987877185347e+01
4.682241093750000118e+02,-9.178546011629697432e+01
4.682244023437500005e+02,-7.374979935342426529e+01
4.682246953124999891e+02,-7.477522567204867698e+01
4.682249882812500346e+02,-8.922785285489578655e+01
4.682252812500000232e+02,-8.327342930180154212e+01
4.682255742187500118e+02,-7.387148767461536636e+01
4.682258671875000005e+02,-7.823538174775561060e+01
4.682261601562499891e+02,-7.658384998367361618e+01
4.682264531250000346e+02,-8.240074130712918077e+01
4.682267460937500232e+02,-8.234461748584138263e+01
4.682270390625000118e+02,-7.418470794266868040e+01
4.682273320312500005e+02,-7.746862815857936369e+01
4.682276249999999891e+02,-7.903923848873337477e+01
4.682279179687500346e+02,-7.276539826921457177e+01
4.682282109375000232e+02,-7.656516849193795338e+01
4.682285039062500118e+02,-7.969755468783499452e+01
4.682287968750000005e+02,-8.224111393763287481e+01
4.682290898437499891e+02,-9.412979736242782280e+01
4.682293828125000346e+02,-7.818003519341684182e+01
4.682296757812500232e+02,-7.417478049618297575e+01
4.682299687500000118e+02,-7.616279077572829692e+01
4.682302617187500005e+02,-7.346743684025592813e+01
4.682305546874999891e+02,-7.489455223993742550e+01
4.682308476562500346e+02,-8.215919408783869926e+01
4.682311406250000232e+02,-8.292815491490324575e+01
4.682314335937500118e+02,-8.480393943381321264e+01
4.682317265625000005e+02,-8.097697069345115040e+01
4.682320195312499891e+02,-7.676462393173883925e+01
4.682323125000000346e+02,-7.321309124264672619e+01
4.682326054687500232e+02,-7.394890300204227174e+01
4.682328984375000118e+02,-7.852943524460594915e+01
4.682331914062500005e+02,-8.507631870809858299e+01
4.682334843749999891e+02,-9.736749251205210953e+01
4.682337773437500346e+02,-1.005012173352232594e+02
4.682340703125000232e+02,-7.947652020617293545e+01
4.682343632812500118e+02,-7.753804457949905782e+01
4.682346562500000005e+02,-7.757955394440253372e+01
4.682349492187499891e+02,-7.374391608104586737e+01
4.682352421875000346e+02,-8.469674118942808150e+01
4.682355351562500232e+02,-9.055142220543586973e+01
4.682358281250000118e+02,-9.385255061698271106e+01
4.682361210937500005e+02,-8.119579891532127647e+01
4.682364140624999891e+02,-9.095683332225263484e+01
4.682367070312500346e+02,-7.755332265180204843e+01
4.682370000000000232e+02,-8.632503390634272478e+01
4.682372929687500118e+02,-7.667498147427448885e+01
4.682375859375000005e+02,-7.724992025849500976e+01
4.682378789062499891e+02,-8.476918293524124692e+01
4.682381718750000346e+02,-8.136251739582972675e+01
4.682384648437500232e+02,-8.378158288498622142e+01
4.682387578125000118e+02,-8.235846791193890226e+01
4.682390507812500005e+02,-8.216628451215490259e+01
4.682393437499999891e+02,-8.020275915900069208e+01
4.682396367187500346e+02,-8.874148527778967832e+01
4.682399296875000232e+02,-7.717332427483522395e+01
4.682402226562500118e+02,-7.715587980664403744e+01
4.682405156250000005e+02,-7.538251435968514613e+01
4.682408085937499891e+02,-8.040006179164150524e+01
4.682411015625000346e+02,-7.846264404182166174e+01
4.682413945312500232e+02,-8.313777603664902927e+01
4.682416875000000118e+02,-9.275140651018354276e+01
4.682419804687500005e+02,-7.778503514394562046e+01
4.682422734374999891e+02,-8.150665044171206830e+01
4.682425664062500346e+02,-7.657572672524918289e+01
4.682428593750000232e+02,-7.444991108501888277e+01
4.682431523437500118e+02,-7.843714745637159069e+01
4.682434453125000005e+02,-8.500762959729280510e+01
4.682437382812499891e+02,-7.767920497401863145e+01
4.682440312500000346e+02,-8.156842707942148252e+01
4.682443242187500232e+02,-7.803531406211652666e+01
4.682446171875000118e+02,-7.790457946766923669e+01
4.682449101562500005e+02,-8.094914803607851184e+01
4.682452031249999891e+02,-7.314787466645631753e+01
4.682454960937500346e+02,-7.545937074722647253e+01
4.682457890625000232e+02,-8.077829645144848314e+01
4.682460820312500118e+02,-7.834766363065726580e+01
4.682463750000000005e+02,-7.648539086881828553e+01
4.682466679687499891e+02,-8.024813502932244091e+01
4.682469609375000346e+02,-7.616544841974997837e+01
4.682472539062500232e+02,-1.000334609947417164e+02
4.682475468750000118e+02,-7.413259028951470953e+01
4.682478398437500005e+02,-7.516189786975718334e+01
4.682481328124999891e+02,-7.721722057850924159e+01
4.682484257812500346e+02,-8.024152928098543214e+01
4.682487187500000232e+02,-7.704843061008139671e+01
4.682490117187500118e+02,-8.004245690695684345e+01
4.682493046875000005e+02,-8.019423938366372795e+01
4.682495976562499891e+02,-8.671111431490780319e+01
4.682498906250000346e+02,-7.734908201879724743e+01
4.682501835937500232e+02,-7.514815926268541091e+01
4.682504765625000118e+02,-7.607352314258784531e+01
4.682507695312500005e+02,-7.430339197669185580e+01
4.682510624999999891e+02,-7.798177090290140256e+01
4.682513554687500346e+02,-8.022847072628563581e+01
4.682516484375000232e+02,-8.211361015008888842e+01
4.682519414062500118e+02,-9.195793921328360909e+01
4.682522343750000005e+02,-8.339695294396673830e+01
4.682525273437499891e+02,-8.053859469515631986e+01
4.682528203125000346e+02,-8.133817902747509265e+01
4.682531132812500232e+02,-7.313768566168801044e+01
4.682534062500000118e+02,-7.493502671950822958e+01
4.682536992187500005e+02,-7.711094277181689449e+01
4.682539921874999891e+02,-7.910470319180723209e+01
4.682542851562500346e+02,-8.405059423245275241e+01
4.682545781250000232e+02,-8.781606321172758101e+01
4.682548710937500118e+02,-7.732423053747231734e+01
4.682551640625000005e+02,-1.003363432844507344e+02
4.682554570312499891e+02,-7.375081649577683152e+01
4.682557500000000346e+02,-7.199811041866486505e+01
4.682560429687500232e+02,-7.618281589634574402e+01
4.682563359375000118e+02,-7.547014311764500860e+01
4.682566289062500005e+02,-8.192056799531611944e+01
4.682569218749999891e+02,-9.263602053277891457e+01
4.682572148437500346e+02,-7.329317286760557693e+01
4.682575078125000232e+02,-7.813935981981033763e+01
4.682578007812500118e+02,-8.040104357148906900e+01
4.682580937500000005e+02,-7.286654979088812922e+01
4.682583867187499891e+02,-7.456312018004001629e+01
4.682586796875000346e+02,-7.383094756832802830e+01
4.682589726562500232e+02,-7.440167950323433388e+01
4.682592656250000118e+02,-7.905273809926737272e+01
4.682595585937500005e+02,-7.243396976744458016e+01
4.682598515624999891e+02,-7.364480682839909775e+01
4.682601445312500346e+02,-8.443270189765514999e+01
4.682604375000000232e+02,-7.826388647995044323e+01
4.682607304687500118e+02,-7.721223789986672159e+01
4.682610234375000005e+02,-7.805317332427058830e+01
4.682613164062499891e+02,-7.427230499960241161e+01
4.682616093750000346e+02,-7.417809166269378807e+01
4.682619023437500232e+02,-7.339554555266136049e+01
4.682621953125000118e+02,-7.528958926075769398e+01
4.682624882812500005e+02,-8.201882396664315422e+01
4.682627812499999891e+02,-8.279215520881692214e+01
4.682630742187500346e+02,-8.505921995291578241e+01
4.682633671875000232e+02,-8.374617699061042231e+01
4.682636601562500118e+02,-8.004937752900576697e+01
4.682639531250000005e+02,-7.355106499201173165e+01
4.682642460937499891e+02,-7.347585653724705423e+01
4.682645390625000346e+02,-8.061785538733917633e+01
4.682648320312500232e+02,-8.406634613920826382e+01
4.682651250000000118e+02,-8.144762883062878700e+01
4.682654179687500005e+02,-8.914394739712129478e+01
4.682657109374999891e+02,-8.877352216989601175e+01
4.682660039062500346e+02,-9.205858317540965174e+01
4.682662968750000232e+02,-7.825973108349867857e+01
4.682665898437500118e+02,-7.383956797593259580e+01
4.682668828125000005e+02,-8.146432305701539178e+01
4.682671757812499891e+02,-7.280059852527506337e+01
4.682674687500000346e+02,-7.775268149669682316e+01
4.682677617187500232e+02,-8.516864853386628909e+01
4.682680546875000118e+02,-9.224646994681916112e+01
4.682683476562500005e+02,-8.817288481966548375e+01
4.682686406249999891e+02,-8.831201029174781070e+01
4.682689335937500346e+02,-7.571291499683154314e+01
4.682692265625000232e+02,-8.543534653167482418e+01
4.682695195312500118e+02,-6.953247035460800873e+01
4.682698125000000005e+02,-7.270373387324823966e+01
4.682701054687499891e+02,-8.705935739703038223e+01
4.682703984375000346e+02,-8.693550704491747183e+01
4.682706914062500232e+02,-8.304899961783860363e+01
4.682709843750000118e+02,-8.586436715374873074e+01
4.682712773437500005e+02,-8.813712862744516485e+01
4.682715703124999891e+02,-7.850639587925860496e+01
4.682718632812500346e+02,-6.872758173940297866e+01
4.682721562500000232e+02,-6.926086089759054687e+01
4.682724492187500118e+02,-8.054828342116428530e+01
4.682727421875000005e+02,-9.058123088960586244e+01
4.682730351562499891e+02,-7.736908224002328893e+01
4.682733281250000346e+02,-8.608184161260064116e+01
4.682736210937500232e+02,-8.186998885081177946e+01
4.682739140625000118e+02,-7.412702851682657013e+01
4.682742070312500005e+02,-6.959163059624509629e+01
4.682744999999999891e+02,-6.954611460204263551e+01
4.682747929687500346e+02,-7.467501448392062002e+01
4.682750859375000232e+02,-8.238952018584154757e+01
4.682753789062500118e+02,-7.511216792939984543e+01
4.682756718750000005e+02,-7.699086300526911941e+01
4.682759648437499891e+02,-8.425328835293258578e+01
4.682762578125000346e+02,-7.505168488591553455e+01
4.682765507812500232e+02,-7.143779272406176517e+01
4.682768437500000118e+02,-7.400357152265141281e+01
4.682771367187500005e+02,-7.890565061188891605e+01
4.682774296874999891e+02,-8.506882890015396015e+01
4.682777226562500346e+02,-7.784769632677840434e+01
4.682780156250000232e+02,-7.735776163090071122e+01
4.682783085937500118e+02,-8.629231845197004702e+01
4.682786015625000005e+02,-7.543388304141299727e+01
4.682788945312499891e+02,-7.228674163762505600e+01
4.682791875000000346e+02,-7.748723860332209767e+01
4.682794804687500232e+02,-9.045043689616710481e+01
4.682797734375000118e+02,-8.875705542220484290e+01
4.682800664062500005e+02,-8.128945535122284127e+01
4.682803593749999891e+02,-8.207584137769471511e+01
4.682806523437500346e+02,-8.314529540016150122e+01
4.682809453125000232e+02,-7.889718364864303624e+01
4.682812382812500118e+02,-7.510844302591908672e+01
4.682815312500000005e+02,-8.323699898261440921e+01
4.682818242187499891e+02,-8.031744117723133058e+01
4.682821171875000346e+02,-9.194077960387964765e+01
4.682824101562500232e+02,-7.943929484375433958e+01
4.682827031250000118e+02,-8.421408184304013389e+01
4.682829960937500005e+02,-7.925511711082320687e+01
4.682832890624999891e+02,-7.865567600087133826e+01
4.682835820312500346e+02,-7.709918009622310819e+01
4.682838750000000232e+02,-8.142650437909406946e+01
4.682841679687500118e+02,-7.949690418829825944e+01
4.682844609375000005e+02,-8.163059476010923277e+01
4.682847539062499891e+02,-8.162831743636054682e+01
4.682850468750000346e+02,-7.851916768286805848e+01
4.682853398437500232e+02,-7.496349413523888927e+01
4.682856328125000118e+02,-7.615815034470000455e+01
4.682859257812500005e+02,-7.990354158968844445e+01
4.682862187499999891e+02,-7.686919915459681363e+01
4.682865117187500346e+02,-8.335312596528237350e+01
4.682868046875000232e+02,-8.122634023305974438e+01
4.682870976562500118e+02,-8.669698190823062589e+01
4.682873906250000005e+02,-7.903754378286468807e+01
4.682876835937499891e+02,-7.261457098895789386e+01
4.682879765625000346e+02,-7.320329759330260799e+01
4.682882695312500232e+02,-7.724452279169047131e+01
4.682885625000000118e+02,-7.393052376498511080e+01
4.682888554687500005e+02,-8.021585094434848884e+01
4.682891484374999891e+02,-8.339236089706011512e+01
4.682894414062500346e+02,-7.798345515813653606e+01
4.682897343750000232e+02,-8.669320699683565579e+01
4.682900273437500118e+02,-7.474344477638589979e+01
4.682903203125000005e+02,-7.250979914586719133e+01
4.682906132812499891e+02,-7.712968150278115331e+01
4.682909062500000346e+02,-7.621773355842289277e+01
4.682911992187500232e+02,-8.151233636693979179e+01
4.682914921875000118e+02,-7.975904621377037529e+01
4.682917851562500005e+02,-7.728685754181579171e+01
4.682920781249999891e+02,-7.748173701525678325e+01
4.682923710937500346e+02,-8.772176141828296636e+01
4.682926640625000232e+02,-7.386063181468662719e+01
4.682929570312500118e+02,-7.565210193014250706e+01
4.682932500000000005e+02,-7.605366427811587471e+01
4.682935429687499891e+02,-7.681990937410708398e+01
4.682938359375000346e+02,-8.147615015339211197e+01
4.682941289062500232e+02,-8.081200345656681350e+01
4.682944218750000118e+02,-7.715602653711236769e+01
4.682947148437500005e+02,-7.946196553621979319e+01
4.682950078124999891e+02,-8.010565160034101950e+01
4.682953007812500346e+02,-7.442218678480121241e+01
4.682955937500000232e+02,-7.770173036471129535e+01
4.682958867187500118e+02,-7.830839429652287720e+01
4.682961796875000005e+02,-8.490053298806300575e+01
4.682964726562499891e+02,-8.068895964632622508e+01
4.682967656250000346e+02,-8.362541766692702083e+01
4.682970585937500232e+02,-7.488164282469048771e+01
4.682973515625000118e+02,-7.993673261409783493e+01
4.682976445312500005e+02,-7.621933707756627996e+01
4.682979374999999891e+02,-7.694865509948473914e+01
4.682982304687500346e+02,-7.659118879451671091e+01
4.682985234375000232e+02,-8.648949341002010271e+01
4.682988164062500118e+02,-8.001264452355624712e+01
4.682991093750000005e+02,-8.281482587503984405e+01
4.682994023437499891e+02,-7.743115266701941835e+01
4.682996953125000346e+02,-7.492331830259280423e+01
4.682999882812500232e+02,-8.146971085036540217e+01
4.683002812500000118e+02,-7.841671598004644750e+01
4.683005742187500005e+02,-7.522156170672471376e+01
4.683008671874999891e+02,-7.718885310152262491e+01
4.683011601562500346e+02,-8.301431613603269000e+01
4.683014531250000232e+02,-7.473428821784658282e+01
4.683017460937500118e+02,-8.914079705851833069e+01
4.683020390625000005e+02,-7.488439671381287610e+01
4.683023320312499891e+02,-7.703212401489838612e+01
4.683026250000000346e+02,-7.978906258164518306e+01
4.683029179687500232e+02,-7.519266179505993364e+01
4.683032109375000118e+02,-7.451453672962693986e+01
4.683035039062500005e+02,-7.586384783213431149e+01
4.683037968749999891e+02,-7.360814242178159361e+01
4.683040898437500346e+02,-8.009382158205806945e+01
4.683043828125000232e+02,-8.224739627721454838e+01
4.683046757812500118e+02,-7.664731001335459837e+01
4.683049687500000005e+02,-7.858506985877907880e+01
4.683052617187499891e+02,-8.035257853588845478e+01
4.683055546875000346e+02,-7.574236937071033537e+01
4.683058476562500232e+02,-7.271412504292126755e+01
4.683061406250000118e+02,-7.348851325496778486e+01
4.683064335937500005e+02,-7.809990198364992864e+01
4.683067265624999891e+02,-9.625944792649949022e+01
4.683070195312500346e+02,-7.913551744108178809e+01
4.683073125000000232e+02,-7.789868789040937713e+01
4.683076054687500118e+02,-8.115671885499736504e+01
4.683078984375000005e+02,-8.022353887777107673e+01
4.683081914062499891e+02,-7.440262482610408767e+01
4.683084843750000346e+02,-7.508790453192405323e+01
4.683087773437500232e+02,-8.225871313831646603e+01
4.683090703125000118e+02,-8.664710346739319391e+01
4.683093632812500005e+02,-9.376207911772077352e+01
4.683096562499999891e+02,-8.346140810174387070e+01
4.683099492187500346e+02,-9.555514751492630410e+01
4.683102421875000232e+02,-8.795005265990121757e+01
4.683105351562500118e+02,-7.537536972447587402e+01
4.683108281250000005e+02,-7.607581909049955016e+01
4.683111210937499891e+02,-8.422528314250865833e+01
4.683114140625000346e+02,-8.848707341895972434e+01
4.683117070312500232e+02,-8.444419119589210254e+01
4.683120000000000118e+02,-8.637017026362187266e+01
4.683122929687500005e+02,-7.860203905852952744e+01
4.683125859374999891e+02,-8.260473952957815413e+01
4.683128789062500346e+02,-8.084416131549164675e+01
4.683131718750000232e+02,-7.777919533768439919e+01
4.683134648437500118e+02,-9.073101043606573057e+01
4.683137578125000005e+02,-8.661824288780104553e+01
4.683140507812499891e+02,-8.069945341150264539e+01
4.683143437500000346e+02,-8.378369994249777619e+01
4.683146367187500232e+02,-7.410510787252908926e+01
4.683149296875000118e+02,-7.386498788870427745e+01
4.683152226562500005e+02,-8.753761923444967863e+01
4.683155156249999891e+02,-7.660314173440923469e+01
4.683158085937500346e+02,-8.042763636369255664e+01
4.683161015625000232e+02,-8.027818020016951550e+01
4.683163945312500118e+02,-8.175911127404592094e+01
4.683166875000000005e+02,-7.895575454450781194e+01
4.683169804687499891e+02,-7.201654327978990011e+01
4.683172734375000346e+02,-7.027157151944481939e+01
4.683175664062500232e+02,-7.675445227801478154e+01
4.683178593750000118e+02,-8.239998681181079121e+01
4.683181523437500005e+02,-7.704432551459379397e+01
4.683184453124999891e+02,-7.936654561550602693e+01
4.683187382812500346e+02,-8.652418953187589068e+01
4.683190312500000232e+02,-7.971969575985187362e+01
4.683193242187500118e+02,-7.318918067866333388e+01
4.683196171875000005e+02,-7.167243757103338453e+01
4.683199101562499891e+02,-7.362467339394882515e+01
4.683202031250000346e+02,-8.954642924172503626e+01
4.683204960937500232e+02,-7.674964649859910537e+01
4.683207890625000118e+02,-7.671261227766285629e+01
4.683210820312500005e+02,-8.665927389645801782e+01
4.683213749999999891e+02,-8.079670543728219911e+01
4.683216679687500346e+02,-7.420575611752224177e+01
4.683219609375000232e+02,-7.505285623283340612e+01
4.683222539062500118e+02,-7.610173277500787492e+01
4.683225468750000005e+02,-7.914604624935078903e+01
4.683228398437499891e+02,-7.728669903944273756e+01
4.683231328125000346e+02,-7.396231554546173470e+01
4.683234257812500232e+02,-7.955262099453688052e+01
4.683237187500000118e+02,-8.092776098018848074e+01
4.683240117187500005e+02,-7.454957288591371878e+01
4.683243046874999891e+02,-8.033732893593071367e+01
4.683245976562500346e+02,-7.999470434861638068e+01
4.683248906250000232e+02,-8.173219186597202679e+01
4.683251835937500118e+02,-7.663907176966554857e+01
4.683254765625000005e+02,-7.304653773041799525e+01
4.683257695312499891e+02,-7.498568588014704517e+01
4.683260625000000346e+02,-7.643767029949080438e+01
4.683263554687500232e+02,-7.381351129187147819e+01
4.683266484375000118e+02,-8.326707929939551889e+01
4.683269414062500005e+02,-7.511869307812108332e+01
4.683272343749999891e+02,-8.274208962384042820e+01
4.683275273437500346e+02,-8.053046810959328639e+01
4.683278203125000232e+02,-7.523829674817272917e+01
4.683281132812500118e+02,-7.523997093226628863e+01
4.683284062500000005e+02,-7.719876504447182697e+01
4.683286992187499891e+02,-7.562027718160157974e+01
4.683289921875000346e+02,-8.709651932615608416e+01
4.683292851562500232e+02,-7.541367278009325048e+01
4.683295781250000118e+02,-7.952168272034792551e+01
4.683298710937500005e+02,-7.958107920724417284e+01
4.683301640624999891e+02,-7.533836915491855279e+01
4.683304570312500346e+02,-7.501879521643718363e+01
4.683307500000000232e+02,-7.639349599059886486e+01
4.683310429687500118e+02,-7.691239244931612973e+01
4.683313359375000005e+02,-8.141475889214753181e+01
4.683316289062499891e+02,-7.725889120649684116e+01
4.683319218750000346e+02,-7.914349920973623398e+01
4.683322148437500232e+02,-7.898005760806890407e+01
4.683325078125000118e+02,-7.648942703385215225e+01
4.683328007812500005e+02,-7.622509751628251706e+01
4.683330937499999891e+02,-7.786379873491797809e+01
4.683333867187500346e+02,-8.162205696561659352e+01
4.683336796875000232e+02,-7.603760251513483581e+01
4.683339726562500118e+02,-7.710610390936975023e+01
4.683342656250000005e+02,-8.501753221333945021e+01
4.683345585937499891e+02,-7.727577150400530570e+01
4.683348515625000346e+02,-7.730379159800290267e+01
4.683351445312500232e+02,-7.702111494766336364e+01
4.683354375000000118e+02,-7.921222632060297997e+01
4.683357304687500005e+02,-8.769871419717283345e+01
4.683360234374999891e+02,-7.351466963120270748e+01
4.683363164062500346e+02,-7.291635397630845716e+01
4.683366093750000232e+02,-8.697565070731155856e+01
4.683369023437500118e+02,-7.578593250308483675e+01
4.683371953125000005e+02,-7.652172445714580817e+01
4.683374882812499891e+02,-7.859236576160884624e+01
4.683377812500000346e+02,-7.756403297451493017e+01
4.683380742187500232e+02,-8.863906293724116381e+01
4.683383671875000118e+02,-7.374440107244377884e+01
4.683386601562500005e+02,-7.156626540267777159e+01
4.683389531249999891e+02,-7.878596948004970102e+01
4.683392460937500346e+02,-7.735805239218797169e+01
4.683395390625000232e+02,-7.505320784630795572e+01
4.683398320312500118e+02,-7.975117724529654595e+01
4.683401250000000005e+02,-7.671938333072777993e+01
4.683404179687499891e+02,-8.396373612563991173e+01
4.683407109375000346e+02,-7.634974371487237477e+01
4.683410039062500232e+02,-7.258220026949233272e+01
4.683412968750000118e+02,-7.488757757020914596e+01
4.683415898437500005e+02,-8.506605562784331198e+01
4.683418828124999891e+02,-7.813278713592178804e+01
4.683421757812500346e+02,-8.076320998417985209e+01
4.683424687500000232e+02,-7.890766620033002710e+01
4.683427617187500118e+02,-7.812140636584804554e+01
4.683430546875000005e+02,-8.558688961374805615e+01
4.683433476562499891e+02,-7.791125770380232041e+01
4.683436406250000346e+02,-7.579966490189133310e+01
4.683439335937500232e+02,-8.171141952530757635e+01
4.683442265625000118e+02,-8.164981269917491602e+01
4.683445195312500005e+02,-7.934234144774323738e+01
4.683448124999999891e+02,-9.113512832149896781e+01
4.683451054687500346e+02,-8.294433251389519057e+01
4.683453984375000232e+02,-8.719616724471552516e+01
4.683456914062500118e+02,-8.948230673838460802e+01
4.683459843750000005e+02,-8.087098899096362459e+01
4.683462773437499891e+02,-1.033882731637605161e+02
4.683465703125000346e+02,-8.285545839895547715e+01
4.683468632812500232e+02,-7.737728892125558389e+01
4.683471562500000118e+02,-8.116122576380193721e+01
4.683474492187500005e+02,-8.349763430075682891e+01
4.683477421874999891e+02,-8.593997245139442498e+01
4.683480351562500346e+02,-7.789532009833681059e+01
4.683483281250000232e+02,-7.652576944965599637e+01
4.683486210937500118e+02,-8.622753547926818385e+01
4.683489140625000005e+02,-7.782501786087865980e+01
4.683492070312499891e+02,-7.497960516985119739e+01
4.683495000000000346e+02,-7.585333386070453798e+01
4.683497929687500232e+02,-7.711712953111091906e+01
4.683500859375000118e+02,-8.138684182350034746e+01
4.683503789062500005e+02,-7.593281421601945169e+01
4.683506718749999891e+02,-7.689098201394118348e+01
4.683509648437500346e+02,-8.266344669424452718e+01
4.683512578125000232e+02,-7.697160145624796712e+01
4.683515507812500118e+02,-7.712361167303035359e+01
4.683518437500000005e+02,-7.425465570439669705e+01
4.683521367187499891e+02,-7.632303476511046370e+01
4.683524296875000346e+02,-7.405597096504558863e+01
4.683527226562500232e+02,-7.688832071195443518e+01
4.683530156250000118e+02,-8.033988634594908262e+01
4.683533085937500005e+02,-9.700238086603053489e+01
4.683536015624999891e+02,-7.689977168175107636e+01
4.683538945312500346e+02,-7.491571029187254283e+01
4.683541875000000232e+02,-7.559312512578539156e+01
4.683544804687500118e+02,-7.872623792497115858e+01
4.683547734375000005e+02,-7.487792740903812216e+01
4.683550664062499891e+02,-7.689942610860646255e+01
4.683553593750000346e+02,-7.772229448184945966e+01
4.683556523437500232e+02,-8.308157547869774362e+01
4.683559453125000118e+02,-7.801932771692085566e+01
4.683562382812500005e+02,-7.694420453652739411e+01
4.683565312499999891e+02,-7.858324454941991632e+01
4.683568242187500346e+02,-8.045162641226299627e+01
4.683571171875000232e+02,-8.425895204928164617e+01
4.683574101562500118e+02,-8.270812600190303954e+01
4.683577031250000005e+02,-7.997059571064839645e+01
4.683579960937499891e+02,-8.009890663545431266e+01
4.683582890625000346e+02,-7.863397230444451225e+01
4.683585820312500232e+02,-8.270676601523091165e+01
4.683588750000000118e+02,-7.794922461778804745e+01
4.683591679687500005e+02,-8.348203544686802502e+01
4.683594609374999891e+02,-8.450894668099559226e+01
4.683597539062500346e+02,-7.948361602629391598e+01
4.683600468750000232e+02,-8.362540341240261910e+01
4.683603398437500118e+02,-7.963656164300624596e+01
4.683606328125000005e+02,-8.269785778677700705e+01
4.683609257812499891e+02,-8.259805599192432624e+01
4.683612187500000346e+02,-8.398626044660741741e+01
4.683615117187500232e+02,-7.812313456161402314e+01
4.683618046875000118e+02,-8.516223227426594633e+01
4.683620976562500005e+02,-7.625864813684532351e+01
4.683623906249999891e+02,-7.875497535901450874e+01
4.683626835937500346e+02,-8.275532899336496939e+01
4.683629765625000232e+02,-8.930222615220947091e+01
4.683632695312500118e+02,-8.260885585871926651e+01
4.683635625000000005e+02,-8.295493853582989630e+01
4.683638554687499891e+02,-7.589106276512042371e+01
4.683641484375000346e+02,-7.811511205711683203e+01
4.683644414062500232e+02,-7.723851956619333237e+01
4.683647343750000118e+02,-7.633746474240706448e+01
4.683650273437500005e+02,-8.160192830274175435e+01
4.683653203124999891e+02,-7.895189807708339913e+01
4.683656132812500346e+02,-7.426943210261083550e+01
4.683659062500000232e+02,-8.046429862605381800e+01
4.683661992187500118e+02,-8.018446200829106374e+01
4.683664921875000005e+02,-7.527361212217596176e+01
4.683667851562499891e+02,-8.091522209015448652e+01
4.683670781250000346e+02,-7.785522276372928729e+01
4.683673710937500232e+02,-8.116758350507927844e+01
4.683676640625000118e+02,-7.563342161366020377e+01
4.683679570312500005e+02,-7.125873638686067579e+01
4.683682499999999891e+02,-7.467233331056053203e+01
4.683685429687500346e+02,-8.959427489184696469e+01
4.683688359375000232e+02,-7.716810987661605736e+01
4.683691289062500118e+02,-7.995162942106342996e+01
4.683694218750000005e+02,-9.642379232769428654e+01
4.683697148437499891e+02,-8.793582858818953696e+01
4.683700078125000346e+02,-7.908812094570285467e+01
4.683703007812500232e+02,-7.240515194563076307e+01
4.683705937500000118e+02,-7.381702490324515509e+01
4.683708867187500005e+02,-7.997925292328440605e+01
4.683711796874999891e+02,-9.064596155898090046e+01
4.683714726562500346e+02,-7.929557337272873951e+01
4.683717656250000232e+02,-8.651342513355055530e+01
4.683720585937500118e+02,-8.583162006515799192e+01
4.683723515625000005e+02,-8.555953828154312646e+01
4.683726445312499891e+02,-7.494162147915237426e+01
4.683729375000000346e+02,-7.903878527768954143e+01
4.683732304687500232e+02,-7.803159203820520418e+01
4.683735234375000118e+02,-8.102624081271669354e+01
4.683738164062500005e+02,-8.547428298092063415e+01
4.683741093749999891e+02,-8.629129363960736043e+01
4.683744023437500346e+02,-8.809162762740429287e+01
4.683746953125000232e+02,-1.027334760573369010e+02
4.683749882812500118e+02,-7.752247397712667976e+01
4.683752812500000005e+02,-7.752526311492495381e+01
4.683755742187499891e+02,-8.498703338856194023e+01
4.683758671875000346e+02,-8.107825459449324512e+01
4.683761601562500232e+02,-8.491469851030949201e+01
4.683764531250000118e+02,-8.640126118617205009e+01
4.683767460937500005e+02,-9.336325708179982996e+01
4.683770390624999891e+02,-8.715017314191406683e+01
4.683773320312500346e+02,-7.817582058407701595e+01
4.683776250000000232e+02,-7.341343664272740455e+01
4.683779179687500118e+02,-7.399604531284006725e+01
4.683782109375000005e+02,-8.004921787046855286e+01
4.683785039062499891e+02,-8.295404841806011120e+01
4.683787968750000346e+02,-8.149749135690359481e+01
4.683790898437500232e+02,-9.387260652655979243e+01
4.683793828125000118e+02,-7.955905355747829333e+01
4.683796757812500005e+02,-7.599036366053371694e+01
4.683799687499999891e+02,-7.417960726152085726e+01
4.683802617187500346e+02,-7.238344733343053861e+01
4.683805546875000232e+02,-7.640529366307809767e+01
4.683808476562500118e+02,-8.427373803398171503e+01
4.683811406250000005e+02,-8.034940387097398684e+01
4.683814335937499891e+02,-9.174465535399571081e+01
4.683817265625000346e+02,-8.084173343825520419e+01
4.683820195312500232e+02,-7.458465122720775753e+01
4.683823125000000118e+02,-7.542581135785405877e+01
4.683826054687500005e+02,-7.413073940744489221e+01
4.683828984374999891e+02,-7.495900304894718147e+01
4.683831914062500346e+02,-8.144930929555630428e+01
4.683834843750000232e+02,-7.994317690579390501e+01
4.683837773437500118e+02,-8.519636627778388061e+01
4.683840703125000005e+02,-8.776855642378647815e+01
4.683843632812499891e+02,-7.502970184342773052e+01
4.683846562500000346e+02,-7.515405201836466631e+01
4.683849492187500232e+02,-7.591095034265869401e+01
4.683852421875000118e+02,-7.701870612271947891e+01
4.683855351562500005e+02,-8.357532703958590048e+01
4.683858281249999891e+02,-8.234422487719307071e+01
4.683861210937500346e+02,-8.362732479071992486e+01
4.683864140625000232e+02,-9.089244701944444671e+01
4.683867070312500118e+02,-7.856377323610166741e+01
4.683870000000000005e+02,-8.025934457640916264e+01
4.683872929687499891e+02,-7.742908429773655143e+01
4.683875859375000346e+02,-7.811116202574962131e+01
4.683878789062500232e+02,-9.015895261460241272e+01
4.683881718750000118e+02,-9.086359042984301482e+01
4.683884648437500005e+02,-8.712665960778838325e+01
4.683887578124999891e+02,-8.715467438304776238e+01
4.683890507812500346e+02,-7.832053238075860691e+01
4.683893437500000232e+02,-8.329507558342257312e+01
4.683896367187500118e+02,-7.784103809621166192e+01
4.683899296875000005e+02,-7.619457426444259340e+01
4.683902226562499891e+02,-7.975399172363266587e+01
4.683905156250000346e+02,-8.007710306451953386e+01
4.683908085937500232e+02,-8.242534247110656054e+01
4.683911015625000118e+02,-8.655802338063971035e+01
4.683913945312500005e+02,-8.054497638983323782e+01
4.683916874999999891e+02,-8.065916789351987859e+01
4.683919804687500346e+02,-7.827646106689714145e+01
4.683922734375000232e+02,-7.674721444082445032e+01
4.683925664062500118e+02,-8.015750742255190175e+01
4.683928593750000005e+02,-7.781015914192715854e+01
4.683931523437499891e+02,-7.767460842958732314e+01
4.683934453125000346e+02,-8.486489315934272781e+01
4.683937382812500232e+02,-8.459208806201894504e+01
4.683940312500000118e+02,-8.176872734170811441e+01
4.683943242187500005e+02,-7.739964817020910459e+01
4.683946171874999891e+02,-7.783636366328754264e+01
4.683949101562500346e+02,-9.262989524461949031e+01
4.683952031250000232e+02,-8.186219027738866316e+01
4.683954960937500118e+02,-7.628501740684622234e+01
4.683957890625000005e+02,-7.949026607676336198e+01
4.683960820312499891e+02,-9.616879446973784695e+01
4.683963750000000346e+02,-9.162838688704304957e+01
4.683966679687500232e+02,-7.545867526051446816e+01
4.683969609375000118e+02,-7.631359196909031084e+01
4.683972539062500005e+02,-8.441337058893051903e+01
4.683975468749999891e+02,-8.150524417332573535e+01
4.683978398437500346e+02,-7.836140453994325128e+01
4.683981328125000232e+02,-7.795977190347188923e+01
4.683984257812500118e+02,-8.586477159916236701e+01
4.683987187500000005e+02,-8.460672760545170945e+01
4.683990117187499891e+02,-7.467286169378735394e+01
4.683993046875000346e+02,-7.388546261209384625e+01
4.683995976562500232e+02,-9.081499956646622707e+01
4.683998906250000118e+02,-7.630110885365242268e+01
4.684001835937500005e+02,-8.056297853008517507e+01
4.684004765624999891e+02,-7.755722539029311235e+01
4.684007695312500346e+02,-8.222340174815057878e+01
4.684010625000000232e+02,-7.892986707643777322e+01
4.684013554687500118e+02,-7.432106554699599599e+01
4.684016484375000005e+02,-7.265464783187549358e+01
4.684019414062499891e+02,-8.585421484081480514e+01
4.684022343750000346e+02,-7.702731970442226839e+01
4.684025273437500232e+02,-7.772245222844330215e+01
4.684028203125000118e+02,-8.139992105935611733e+01
4.684031132812500005e+02,-8.580237107800756746e+01
4.684034062499999891e+02,-7.849708078973506531e+01
4.684036992187500346e+02,-7.523494538778449225e+01
4.684039921875000232e+02,-7.383565313658729679e+01
4.684042851562500118e+02,-7.757954272714506772e+01
4.684045781250000005e+02,-8.745426413131745846e+01
4.684048710937499891e+02,-7.935745406011496073e+01
4.684051640625000346e+02,-8.744326412791991743e+01
4.684054570312500232e+02,-8.707907446861352696e+01
4.684057500000000118e+02,-7.916007135990878396e+01
4.684060429687500005e+02,-7.526388399698585374e+01
4.684063359374999891e+02,-7.964189696955961040e+01
4.684066289062500346e+02,-7.973747134591461361e+01
4.684069218750000232e+02,-8.373523477589313302e+01
4.684072148437500118e+02,-8.233356507182975292e+01
4.684075078125000005e+02,-8.828618328594745890e+01
4.684078007812499891e+02,-8.851856088668739631e+01
4.684080937500000346e+02,-8.209946188544115842e+01
4.684083867187500232e+02,-7.417203602658571526e+01
4.684086796875000118e+02,-8.532514034472262665e+01
4.684089726562500005e+02,-8.525421719497998652e+01
4.684092656249999891e+02,-8.003042803687434059e+01
4.684095585937500346e+02,-7.810943014692117004e+01
4.684098515625000232e+02,-8.532328948106624011e+01
4.684101445312500118e+02,-8.354296141179644053e+01
4.684104375000000005e+02,-8.417232465497791338e+01
4.684107304687499891e+02,-7.881102359564627591e+01
4.684110234375000346e+02,-8.365466721037806508e+01
4.684113164062500232e+02,-7.829134470658597422e+01
4.684116093750000118e+02,-1.056616495403286251e+02
4.684119023437500005e+02,-7.499246132706913670e+01
4.684121953124999891e+02,-8.441486492174972511e+01
4.684124882812500346e+02,-7.882632812129712363e+01
4.684127812500000232e+02,-8.504110547081199911e+01
4.684130742187500118e+02,-8.989156824811415447e+01
4.684133671875000005e+02,-7.929693778346698707e+01
4.684136601562499891e+02,-8.036794687455784469e+01
4.684139531250000346e+02,-7.982683904971085553e+01
4.684142460937500232e+02,-7.640233626195080774e+01
4.684145390625000118e+02,-8.158586667099018541e+01
4.684148320312500005e+02,-7.631707114400094838e+01
4.684151249999999891e+02,-1.030504897992239677e+02
4.684154179687500346e+02,-8.678249426963971302e+01
4.684157109375000232e+02,-8.116823214629422978e+01
4.684160039062500118e+02,-8.247196239946688934e+01
4.684162968750000005e+02,-7.978237523195321046e+01
4.684165898437499891e+02,-8.086569170010486118e+01
4.684168828125000346e+02,-7.957325074055069081e+01
4.684171757812500232e+02,-7.876881690110445788e+01
4.684174687500000118e+02,-8.161862509557396095e+01
4.684177617187500005e+02,-7.958559813067461164e+01
4.684180546874999891e+02,-7.910052138200902050e+01
4.684183476562500346e+02,-8.086803726722874330e+01
4.684186406250000232e+02,-8.909490639645215992e+01
4.684189335937500118e+02,-8.075663590308850814e+01
4.684192265625000005e+02,-8.086882488286703108e+01
4.684195195312499891e+02,-8.802022683232553391e+01
4.684198125000000346e+02,-8.134193809387392093e+01
4.684201054687500232e+02,-7.696930287706905460e+01
4.684203984375000118e+02,-7.775184877013792573e+01
4.684206914062500005e+02,-8.402466622451368039e+01
4.684209843749999891e+02,-8.004206555601300010e+01
4.684212773437500346e+02,-8.721280737560510943e+01
4.684215703125000232e+02,-8.198577433249849378e+01
4.684218632812500118e+02,-8.537425917288670973e+01
4.684221562500000005e+02,-8.420757153014224627e+01
4.684224492187499891e+02,-7.779209505667962787e+01
4.684227421875000346e+02,-7.813205610336295592e+01
4.684230351562500232e+02,-8.791519036773138396e+01
4.684233281250000118e+02,-8.156050823486012291e+01
4.684236210937500005e+02,-8.602906901274306506e+01
4.684239140624999891e+02,-8.149076278277769347e+01
4.684242070312500346e+02,-7.788908111761531927e+01
4.684245000000000232e+02,-8.939903658097205152e+01
4.684247929687500118e+02,-8.441652707361512853e+01
4.684250859375000005e+02,-8.319418095857196249e+01
4.684253789062499891e+02,-8.466899237096946251e+01
4.684256718750000346e+02,-8.222655411586819696e+01
4.684259648437500232e+02,-8.401525780360692863e+01
4.684262578125000118e+02,-8.511198911062372474e+01
4.684265507812500005e+02,-7.779700538191080739e+01
4.684268437499999891e+02,-7.922308753767849510e+01
4.684271367187500346e+02,-8.516888923003673995e+01
4.684274296875000232e+02,-9.018987505617670308e+01
4.684277226562500118e+02,-8.204395556421880542e+01
4.684280156250000005e+02,-7.892107172177813368e+01
4.684283085937499891e+02,-7.448657180476214990e+01
4.684286015625000346e+02,-8.264458210624323442e+01
4.684288945312500232e+02,-8.106848652249573206e+01
4.684291875000000118e+02,-7.646888083139042180e+01
4.684294804687500005e+02,-7.810547388767662369e+01
4.684297734374999891e+02,-8.510136960500705072e+01
4.684300664062500346e+02,-8.393918161758917051e+01
4.684303593750000232e+02,-7.731652489630691605e+01
4.684306523437500118e+02,-7.487478111902794353e+01
4.684309453125000005e+02,-7.423806932053099672e+01
4.684312382812499891e+02,-8.850199640803981538e+01
4.684315312500000346e+02,-7.745959413001222060e+01
4.684318242187500232e+02,-7.600635997446725867e+01
4.684321171875000118e+02,-8.240963838439026290e+01
4.684324101562500005e+02,-8.639232288225726109e+01
4.684327031249999891e+02,-8.121594952583465954e+01
4.684329960937500346e+02,-8.437986440308773695e+01
4.684332890625000232e+02,-7.289032057392194019e+01
4.684335820312500118e+02,-8.660107650863946560e+01
4.684338750000000005e+02,-7.810455997351154167e+01
4.684341679687499891e+02,-7.627411483099990619e+01
4.684344609375000346e+02,-8.244702925073926281e+01
4.684347539062500232e+02,-7.995512380455066648e+01
4.684350468750000118e+02,-8.545888181004303874e+01
4.684353398437500005e+02,-8.493888243834113894e+01
4.684356328124999891e+02,-7.666960388761212641e+01
4.684359257812500346e+02,-8.488206388187109042e+01
4.684362187500000232e+02,-7.845174411605761122e+01
4.684365117187500118e+02,-7.832107951788677269e+01
4.684368046875000005e+02,-8.351350563386765202e+01
4.684370976562499891e+02,-7.909614521440514068e+01
4.684373906250000346e+02,-7.620104272126792466e+01
4.684376835937500232e+02,-7.982338932058846126e+01
4.684379765625000118e+02,-7.864198143610330760e+01
4.684382695312500005e+02,-8.170703537606853217e+01
4.684385624999999891e+02,-7.846357343078602753e+01
4.684388554687500346e+02,-7.983157985687614655e+01
4.684391484375000232e+02,-8.968289086744975691e+01
4.684394414062500118e+02,-7.674624992247134969e+01
4.684397343750000005e+02,-7.182081183009645997e+01
4.684400273437499891e+02,-7.443586737711640922e+01
4.684403203125000346e+02,-7.690610513890565869e+01
4.684406132812500232e+02,-7.315386327750587725e+01
4.684409062500000118e+02,-7.444586094759941375e+01
4.684411992187500005e+02,-7.992155332607956097e+01
4.684414921874999891e+02,-9.543486267190817784e+01
4.684417851562500346e+02,-8.068041242078614061e+01
4.684420781250000232e+02,-7.252356957672074600e+01
4.684423710937500118e+02,-7.384985529742534993e+01
4.684426640625000005e+02,-7.863062199874964620e+01
4.684429570312499891e+02,-7.254358798698363842e+01
4.684432500000000346e+02,-7.049798969203254728e+01
4.684435429687500232e+02,-7.677738025215251128e+01
4.684438359375000118e+02,-8.814338904711257783e+01
4.684441289062500005e+02,-9.261162672957615882e+01
4.684444218749999891e+02,-7.738194035189965803e+01
4.684447148437500346e+02,-7.831269095901188848e+01
4.684450078125000232e+02,-8.267219721883834893e+01
4.684453007812500118e+02,-8.041224346716914795e+01
4.684455937500000005e+02,-7.026427476615961609e+01
4.684458867187499891e+02,-7.260187886910043176e+01
4.684461796875000346e+02,-8.449373702991131552e+01
4.684464726562500232e+02,-9.158181437782820922e+01
4.684467656250000118e+02,-8.548760737456095171e+01
4.684470585937500005e+02,-8.666925789410221626e+01
4.684473515624999891e+02,-8.540869476889523071e+01
4.684476445312500346e+02,-8.658899196501576512e+01
4.684479375000000232e+02,-7.519704135834295755e+01
4.684482304687500118e+02,-7.161665065295493093e+01
4.684485234375000005e+02,-7.823022260418757412e+01
4.684488164062499891e+02,-9.333086535205643486e+01
4.684491093750000346e+02,-8.969039095395699235e+01
4.684494023437500232e+02,-9.021169666198241543e+01
4.684496953125000118e+02,-7.752976211538671691e+01
4.684499882812500005e+02,-8.066184839037647691e+01
4.684502812499999891e+02,-8.036549968182471559e+01
4.684505742187500346e+02,-7.332353084177506730e+01
4.684508671875000232e+02,-7.505020412705076183e+01
4.684511601562500118e+02,-8.144590638172786612e+01
4.684514531250000005e+02,-8.605573170879610245e+01
4.684517460937499891e+02,-8.226020640979747611e+01
4.684520390625000346e+02,-7.474523068220294419e+01
4.684523320312500232e+02,-7.930388842209056577e+01
4.684526250000000118e+02,-8.912289616265242387e+01
4.684529179687500005e+02,-7.685479677533822951e+01
4.684532109374999891e+02,-7.585639121340089730e+01
4.684535039062500346e+02,-7.470808075378428725e+01
4.684537968750000232e+02,-8.021751424452753554e+01
4.684540898437500118e+02,-8.835422546077649031e+01
4.684543828125000005e+02,-7.570659865752857343e+01
4.684546757812499891e+02,-8.101465137179630460e+01
4.684549687500000346e+02,-8.346671514578061135e+01
4.684552617187500232e+02,-8.593578705587847821e+01
4.684555546875000118e+02,-8.031275869344584351e+01
4.684558476562500005e+02,-7.310893519863805068e+01
4.684561406249999891e+02,-7.561980319049428090e+01
4.684564335937500346e+02,-8.248293872795316872e+01
4.684567265625000232e+02,-8.078390674436435859e+01
4.684570195312500118e+02,-7.957771997457089697e+01
4.684573125000000005e+02,-7.806780082529367348e+01
4.684576054687499891e+02,-8.023894913558883957e+01
4.684578984375000346e+02,-8.941051211206954008e+01
4.684581914062500232e+02,-7.440356543084392626e+01
4.684584843750000118e+02,-7.349407262902229832e+01
4.684587773437500005e+02,-7.745345673446655610e+01
4.684590703124999891e+02,-8.581080436794019306e+01
4.684593632812500346e+02,-8.288317088266930455e+01
4.684596562500000232e+02,-7.498839378753052642e+01
4.684599492187500118e+02,-7.346039936271186832e+01
4.684602421875000005e+02,-7.835328690850529654e+01
4.684605351562499891e+02,-7.601836732706713917e+01
4.684608281250000346e+02,-7.410588498882501085e+01
4.684611210937500232e+02,-8.002367465406209135e+01
4.684614140625000118e+02,-7.877469058078281705e+01
4.684617070312500005e+02,-8.327436183662402414e+01
4.684619999999999891e+02,-7.459332517189898226e+01
4.684622929687500346e+02,-7.304327942842280663e+01
4.684625859375000232e+02,-7.413534972650653287e+01
4.684628789062500118e+02,-7.705528764597698910e+01
4.684631718750000005e+02,-7.878677954896717495e+01
4.684634648437499891e+02,-8.644826924271846735e+01
4.684637578125000346e+02,-7.652416427907360230e+01
4.684640507812500232e+02,-7.871140165214812612e+01
4.684643437500000118e+02,-7.530175071777149753e+01
4.684646367187500005e+02,-7.397956085641210677e+01
4.684649296874999891e+02,-7.588344222197270028e+01
4.684652226562500346e+02,-7.794614284972642793e+01
4.684655156250000232e+02,-8.218750130412925614e+01
4.684658085937500118e+02,-8.340354540269603945e+01
4.684661015625000005e+02,-7.829029786031409799e+01
4.684663945312499891e+02,-7.907008737848394730e+01
4.684666875000000346e+02,-7.730301560661419558e+01
4.684669804687500232e+02,-7.507248066456101299e+01
4.684672734375000118e+02,-8.047815648775520003e+01
4.684675664062500005e+02,-8.255370361603226570e+01
4.684678593749999891e+02,-8.291331265997895628e+01
4.684681523437500346e+02,-7.914456857635990161e+01
4.684684453125000232e+02,-7.758593533186778757e+01
4.684687382812500118e+02,-8.052827608679618265e+01
4.684690312500000005e+02,-8.090112926048034581e+01
4.684693242187499891e+02,-7.966700613947902809e+01
4.684696171875000346e+02,-8.901465028523253409e+01
4.684699101562500232e+02,-8.254976737014801813e+01
4.684702031250000118e+02,-8.235679079353643317e+01
4.684704960937500005e+02,-7.870903061933471179e+01
4.684707890624999891e+02,-7.485229556799610862e+01
4.684710820312500346e+02,-7.780891996707512703e+01
4.684713750000000232e+02,-8.348170210608668640e+01
4.684716679687500118e+02,-9.094389504218855791e+01
4.684719609375000005e+02,-9.786816778112972770e+01
4.684722539062499891e+02,-7.856009708604490527e+01
4.684725468750000346e+02,-7.581004628746003959e+01
4.684728398437500232e+02,-8.215053399131414835e+01
4.684731328125000118e+02,-7.588458092425356938e+01
4.684734257812500005e+02,-7.620689263872461083e+01
4.684737187499999891e+02,-7.948410946353529027e+01
4.684740117187500346e+02,-8.926816886156829867e+01
4.684743046875000232e+02,-8.789840262537978788e+01
4.684745976562500118e+02,-8.254194821308351493e+01
4.684748906250000005e+02,-7.408774832743785055e+01
4.684751835937499891e+02,-8.146418452425706391e+01
4.684754765625000346e+02,-8.390166435440157500e+01
4.684757695312500232e+02,-7.633048060261080536e+01
4.684760625000000118e+02,-7.955065595625912067e+01
4.684763554687500005e+02,-8.484295003583582684e+01
4.684766484374999891e+02,-7.964624166461095456e+01
4.684769414062500346e+02,-8.417241419769808886e+01
4.684772343750000232e+02,-7.789210807037510165e+01
4.684775273437500118e+02,-7.961450637783394768e+01
4.684778203125000005e+02,-8.131697185244726711e+01
4.684781132812499891e+02,-8.006701581480535879e+01
4.684784062500000346e+02,-7.721618066840692052e+01
4.684786992187500232e+02,-8.339281567264167450e+01
4.684789921875000118e+02,-8.117303868362543540e+01
4.684792851562500005e+02,-8.607231930144237708e+01
4.684795781249999891e+02,-8.338835414352888620e+01
4.684798710937500346e+02,-7.891218156626480607e+01
4.684801640625000232e+02,-7.542213179482193652e+01
4.684804570312500118e+02,-8.556990846114872795e+01
4.684807500000000005e+02,-7.886977336823284190e+01
4.684810429687499891e+02,-8.845243608264233615e+01
4.684813359375000346e+02,-8.540200982912308802e+01
4.684816289062500232e+02,-8.672168253365919099e+01
4.684819218750000118e+02,-8.431515002089638244e+01
4.684822148437500005e+02,-7.767785383090883045e+01
4.684825078124999891e+02,-7.408664836224848216e+01
4.684828007812500346e+02,-7.624274766823711502e+01
4.684830937500000232e+02,-8.576338037964718808e+01
4.684833867187500118e+02,-8.211778420709245552e+01
4.684836796875000005e+02,-9.003867995949835290e+01
4.684839726562499891e+02,-8.942503992222901843e+01
4.684842656250000346e+02,-8.361977958435524272e+01
4.684845585937500232e+02,-7.826705740177897042e+01
4.684848515625000118e+02,-7.336940787365195149e+01
4.684851445312500005e+02,-7.407098326781111552e+01
4.684854374999999891e+02,-8.187379670574517831e+01
4.684857304687500346e+02,-8.627448179007424756e+01
4.684860234375000232e+02,-9.030377082796508148e+01
4.684863164062500118e+02,-9.135267247467601237e+01
4.684866093750000005e+02,-8.010215630823975630e+01
4.684869023437499891e+02,-8.469486323929727689e+01
4.684871953125000346e+02,-7.616035250078203944e+01
4.684874882812500232e+02,-7.588431566953437368e+01
4.684877812500000118e+02,-8.029407554977157702e+01
4.684880742187500005e+02,-8.244931258940736996e+01
4.684883671874999891e+02,-8.837240866996882005e+01
4.684886601562500346e+02,-9.024873289228595752e+01
4.684889531250000232e+02,-7.834181400113402560e+01
4.684892460937500118e+02,-8.287998503687313701e+01
4.684895390625000005e+02,-8.308930029454415944e+01
4.684898320312499891e+02,-7.759632685092027771e+01
4.684901250000000346e+02,-8.223609867215193958e+01
4.684904179687500232e+02,-8.117382789509909458e+01
4.684907109375000118e+02,-8.465045631782999180e+01
4.684910039062500005e+02,-8.105948926733624660e+01
4.684912968749999891e+02,-8.068728957516449896e+01
4.684915898437500346e+02,-7.730023711230745675e+01
4.684918828125000232e+02,-8.354250957336068950e+01
4.684921757812500118e+02,-8.407483792303116843e+01
4.684924687500000005e+02,-8.371363975262423196e+01
4.684927617187499891e+02,-8.314361746288325605e+01
4.684930546875000346e+02,-8.026399959384573890e+01
4.684933476562500232e+02,-7.687060356048537813e+01
4.684936406250000118e+02,-8.243922475483270773e+01
4.684939335937500005e+02,-7.746377445936198569e+01
4.684942265624999891e+02,-8.343484990538870250e+01
4.684945195312500346e+02,-8.175207787386412406e+01
4.684948125000000232e+02,-8.531367066848142144e+01
4.684951054687500118e+02,-8.413233169475553552e+01
4.684953984375000005e+02,-7.972828480845781485e+01
4.684956914062499891e+02,-7.595761838881693961e+01
4.684959843750000346e+02,-7.804740197070000818e+01
4.684962773437500232e+02,-8.046377430992006907e+01
4.684965703125000118e+02,-8.386155665302575812e+01
4.684968632812500005e+02,-8.682788571534393895e+01
4.684971562499999891e+02,-8.788920196034426624e+01
4.684974492187500346e+02,-8.007346092009071015e+01
4.684977421875000232e+02,-7.714635303025175972e+01
4.684980351562500118e+02,-7.454614071791442598e+01
4.684983281250000005e+02,-7.644345260262323904e+01
4.684986210937499891e+02,-7.884471909499777098e+01
4.684989140625000346e+02,-8.675785451025996053e+01
4.684992070312500232e+02,-9.397857946357419223e+01
4.684995000000000118e+02,-8.483453101576876065e+01
4.684997929687500005e+02,-7.989852724818940999e+01
4.685000859374999891e+02,-7.639454794597619980e+01
4.685003789062500346e+02,-7.282592344764061920e+01
4.685006718750000232e+02,-7.640490607201337525e+01
4.685009648437500118e+02,-7.848353829492258171e+01
4.685012578125000005e+02,-8.052682611044809846e+01
4.685015507812499891e+02,-9.413667868633710611e+01
4.685018437500000346e+02,-8.081266945778095590e+01
4.685021367187500232e+02,-7.909807162966430383e+01
4.685024296875000118e+02,-7.701536521285846959e+01
4.685027226562500005e+02,-7.398012468546282605e+01
4.685030156249999891e+02,-7.627837722897236006e+01
4.685033085937500346e+02,-8.197587735790682473e+01
4.685036015625000232e+02,-7.937393140099766242e+01
4.685038945312500118e+02,-8.373940750834799474e+01
4.685041875000000005e+02,-7.812810867430469841e+01
4.685044804687499891e+02,-8.005333846392872488e+01
4.685047734375000346e+02,-7.657175343978208559e+01
4.685050664062500232e+02,-7.675308668349840957e+01
4.685053593750000118e+02,-7.736399573759577208e+01
4.685056523437500005e+02,-8.773532579391698505e+01
4.685059453124999891e+02,-8.395398806607063591e+01
4.685062382812500346e+02,-7.924577071723588517e+01
4.685065312500000232e+02,-8.001509943232730393e+01
4.685068242187500118e+02,-7.941315863452834378e+01
4.685071171875000005e+02,-7.713357596137197447e+01
4.685074101562499891e+02,-7.589486494709899489e+01
4.685077031250000346e+02,-8.208178089884765427e+01
4.685079960937500232e+02,-9.070343881418665433e+01
4.685082890625000118e+02,-8.516834642954975720e+01
4.685085820312500005e+02,-7.663303085100281464e+01
4.685088749999999891e+02,-7.929854900985387189e+01
4.685091679687500346e+02,-8.021096567427423452e+01
4.685094609375000232e+02,-7.866374398348588670e+01
4.685097539062500118e+02,-7.476599150679136585e+01
4.685100468750000005e+02,-7.687071482686532420e+01
4.685103398437499891e+02,-8.977546833487363642e+01
4.685106328125000346e+02,-8.839107608308439978e+01
4.685109257812500232e+02,-7.854620732699250141e+01
4.685112187500000118e+02,-7.696923672946036277e+01
4.685115117187500005e+02,-8.124274754735269255e+01
4.685118046874999891e+02,-7.875214707675225156e+01
4.685120976562500346e+02,-7.568445708197972976e+01
4.685123906250000232e+02,-7.506116552189814684e+01
4.685126835937500118e+02,-7.998416341249955508e+01
4.685129765625000005e+02,-8.628938174656498461e+01
4.685132695312499891e+02,-8.095299057374225526e+01
4.685135625000000346e+02,-7.672045342541586876e+01
4.685138554687500232e+02,-7.916956271777108611e+01
4.685141484375000118e+02,-7.663900632718525685e+01
4.685144414062500005e+02,-7.714699748933692547e+01
4.685147343749999891e+02,-7.767211864156097079e+01
4.685150273437500346e+02,-7.717011224187706375e+01
4.685153203125000232e+02,-8.208056550396710804e+01
4.685156132812500118e+02,-8.084236900710963880e+01
4.685159062500000005e+02,-7.957344461450483664e+01
4.685161992187499891e+02,-8.096953974143292498e+01
4.685164921875000346e+02,-7.554656560747139338e+01
4.685167851562500232e+02,-7.585415304314877005e+01
4.685170781250000118e+02,-8.070382050188136702e+01
4.685173710937500005e+02,-7.711954798504561381e+01
4.685176640624999891e+02,-7.765071629033444367e+01
4.685179570312500346e+02,-7.918289972749346362e+01
4.685182500000000232e+02,-8.135285239878305674e+01
4.685185429687500118e+02,-8.159677181319977990e+01
4.685188359375000005e+02,-7.759984649063164852e+01
4.685191289062499891e+02,-7.495738159156809388e+01
4.685194218750000346e+02,-7.925997200131162401e+01
4.685197148437500232e+02,-7.624346693072024550e+01
4.685200078125000118e+02,-7.346877441329246494e+01
4.685203007812500005e+02,-7.980366133915964610e+01
4.685205937499999891e+02,-8.277286223614098049e+01
4.685208867187500346e+02,-8.598260234584229522e+01
4.685211796875000232e+02,-8.240657833003101018e+01
4.685214726562500118e+02,-7.684206434054004831e+01
4.685217656250000005e+02,-7.728192431418248987e+01
4.685220585937499891e+02,-8.345791126161110185e+01
4.685223515625000346e+02,-7.346652923458117357e+01
4.685226445312500232e+02,-7.898905397289593111e+01
4.685229375000000118e+02,-8.362888901950135789e+01
4.685232304687500005e+02,-8.537851786103358620e+01
4.685235234374999891e+02,-8.564927562221311064e+01
4.685238164062500346e+02,-8.398081848126386717e+01
4.685241093750000232e+02,-7.927807700042150429e+01
4.685244023437500118e+02,-8.323353303198345543e+01
4.685246953125000005e+02,-7.790002222044562075e+01
4.685249882812499891e+02,-7.964302402498654487e+01
4.685252812500000346e+02,-8.680264344883599392e+01
4.685255742187500232e+02,-8.238974222185558460e+01
4.685258671875000118e+02,-8.138601449623121198e+01
4.685261601562500005e+02,-8.482560366342845271e+01
4.685264531249999891e+02,-8.415573388414981082e+01
4.685267460937500346e+02,-7.731386560164354194e+01
4.685270390625000232e+02,-8.421028029070585319e+01
4.685273320312500118e+02,-9.311475415586781423e+01
4.685276250000000005e+02,-8.176303651379954829e+01
4.685279179687499891e+02,-8.614230724620844626e+01
4.685282109375000346e+02,-7.738210457434411182e+01
4.685285039062500232e+02,-8.060670748984294676e+01
4.685287968750000118e+02,-8.712517435654103792e+01
4.685290898437500005e+02,-7.862519530708539151e+01
4.685293828124999891e+02,-7.508463157468742111e+01
4.685296757812500346e+02,-7.715348870314335272e+01
4.685299687500000232e+02,-7.557155802848602377e+01
4.685302617187500118e+02,-7.801789413506438109e+01
4.685305546875000005e+02,-7.842347517672187962e+01
4.685308476562499891e+02,-7.648880292630606448e+01
4.685311406250000346e+02,-8.186108142103202567e+01
4.685314335937500232e+02,-7.741257349200056126e+01
4.685317265625000118e+02,-7.409771995776338827e+01
4.685320195312500005e+02,-7.371292224993256070e+01
4.685323124999999891e+02,-7.401311220280113901e+01
4.685326054687500346e+02,-7.418161334950862340e+01
4.685328984375000232e+02,-8.481970745098504949e+01
4.685331914062500118e+02,-7.464424684264093912e+01
4.685334843750000005e+02,-8.181731322715853594e+01
4.685337773437499891e+02,-8.018033544293678005e+01
4.685340703125000346e+02,-7.475311595404235732e+01
4.685343632812500232e+02,-7.505920524507880032e+01
4.685346562500000118e+02,-7.417132296559067584e+01
4.685349492187500005e+02,-7.331981645164431427e+01
4.685352421874999891e+02,-8.097009562705642338e+01
4.685355351562500346e+02,-7.585346226020475058e+01
4.685358281250000232e+02,-8.174362462209242608e+01
4.685361210937500118e+02,-9.612056188807952140e+01
4.685364140625000005e+02,-7.690065063439250537e+01
4.685367070312499891e+02,-7.852841459473695807e+01
4.685370000000000346e+02,-7.999434146938597223e+01
4.685372929687500232e+02,-7.662533213502373997e+01
4.685375859375000118e+02,-8.029951223866453347e+01
4.685378789062500005e+02,-7.818067393257946662e+01
4.685381718749999891e+02,-7.715211893423838774e+01
4.685384648437500346e+02,-8.512044308499910983e+01
4.685387578125000232e+02,-8.555689618679947728e+01
4.685390507812500118e+02,-8.283117970407573694e+01
4.685393437500000005e+02,-8.381646793094799364e+01
4.685396367187499891e+02,-8.232759284159666890e+01
4.685399296875000346e+02,-8.181299358208242722e+01
4.685402226562500232e+02,-8.627718253152218608e+01
4.685405156250000118e+02,-7.801368448840656811e+01
4.685408085937500005e+02,-8.284778662532707472e+01
4.685411015624999891e+02,-8.744209724245180837e+01
4.685413945312500346e+02,-8.881883322229685973e+01
4.685416875000000232e+02,-8.047401836555238219e+01
4.685419804687500118e+02,-8.030425631603725378e+01
4.685422734375000005e+02,-8.794655963639260676e+01
4.685425664062499891e+02,-9.236439258316239886e+01
4.685428593750000346e+02,-8.468654387543155337e+01
4.685431523437500232e+02,-8.454981093696309813e+01
4.685434453125000118e+02,-8.007337009348208312e+01
4.685437382812500005e+02,-8.263973099741895112e+01
4.685440312499999891e+02,-8.883468326037622376e+01
4.685443242187500346e+02,-8.041219363949635124e+01
4.685446171875000232e+02,-9.350790089966491792e+01
4.685449101562500118e+02,-9.719052695075612291e+01
4.685452031250000005e+02,-9.395297340494613536e+01
4.685454960937499891e+02,-8.738963923013938029e+01
4.685457890625000346e+02,-8.323468659830737693e+01
4.685460820312500232e+02,-8.505697727724086121e+01
4.685463750000000118e+02,-8.758437657373818297e+01
4.685466679687500005e+02,-9.171833483588977742e+01
4.685469609374999891e+02,-8.827490415736417617e+01
4.685472539062500346e+02,-8.251391739787570145e+01
4.685475468750000232e+02,-8.790231161290438422e+01
4.685478398437500118e+02,-8.049306317607090477e+01
4.685481328125000005e+02,-8.302628967361602008e+01
4.685484257812499891e+02,-9.050425110260457018e+01
4.685487187500000346e+02,-8.732709727081973483e+01
4.685490117187500232e+02,-8.313264395001027651e+01
4.685493046875000118e+02,-7.758553061435877396e+01
4.685495976562500005e+02,-7.581421262911072745e+01
4.685498906249999891e+02,-7.791377797259792715e+01
4.685501835937500346e+02,-7.708377547032797850e+01
4.685504765625000232e+02,-7.779273367953490492e+01
4.685507695312500118e+02,-8.397098768634046451e+01
4.685510625000000005e+02,-8.731809479156220277e+01
4.685513554687499891e+02,-8.290118677805040193e+01
4.685516484375000346e+02,-7.575678786469291026e+01
4.685519414062500232e+02,-7.367872180591754727e+01
4.685522343750000118e+02,-7.388639520615278400e+01
4.685525273437500005e+02,-7.519103438167763898e+01
4.685528203124999891e+02,-7.540227305088490084e+01
4.685531132812500346e+02,-7.842445579708588355e+01
4.685534062500000232e+02,-8.070338265247067966e+01
4.685536992187500118e+02,-8.351969029236856557e+01
4.685539921875000005e+02,-7.950958436638983073e+01
4.685542851562499891e+02,-7.552694689195142530e+01
4.685545781250000346e+02,-7.457827409865471679e+01
4.685548710937500232e+02,-7.550368796279811079e+01
4.685551640625000118e+02,-7.850764187459871835e+01
4.685554570312500005e+02,-7.570307549720216400e+01
4.685557499999999891e+02,-7.778961977063359257e+01
4.685560429687500346e+02,-8.366971997862151511e+01
4.685563359375000232e+02,-9.165964133830374294e+01
4.685566289062500118e+02,-8.422220874889194420e+01
4.685569218750000005e+02,-7.794206118878017264e+01
4.685572148437499891e+02,-7.773816945720861327e+01
4.685575078125000346e+02,-8.817298636225712016e+01
4.685578007812500232e+02,-7.528901746251888483e+01
4.685580937500000118e+02,-7.661869643709366073e+01
4.685583867187500005e+02,-7.913147735105864911e+01
4.685586796874999891e+02,-8.810569752386632558e+01
4.685589726562500346e+02,-8.065572712005518952e+01
4.685592656250000232e+02,-8.245694291122848085e+01
4.685595585937500118e+02,-8.699525802648747685e+01
4.685598515625000005e+02,-8.611214144704641171e+01
4.685601445312499891e+02,-7.584554980327175144e+01
4.685604375000000346e+02,-7.722532419752117505e+01
4.685607304687500232e+02,-7.729297571721522786e+01
4.685610234375000118e+02,-7.791166357692321753e+01
4.685613164062500005e+02,-7.506165891968475989e+01
4.685616093749999891e+02,-7.695167121029689383e+01
4.685619023437500346e+02,-8.474778221075276008e+01
4.685621953125000232e+02,-7.832271064556643125e+01
4.685624882812500118e+02,-7.440561270869474697e+01
4.685627812500000005e+02,-7.837845528037726694e+01
4.685630742187499891e+02,-7.606574186964586204e+01
4.685633671875000346e+02,-7.369427854926244947e+01
4.685636601562500232e+02,-7.466793582237500004e+01
4.685639531250000118e+02,-7.448916967798234623e+01
4.685642460937500005e+02,-7.863387380978818442e+01
4.685645390624999891e+02,-7.602319595874186575e+01
4.685648320312500346e+02,-7.316792637103615959e+01
4.685651250000000232e+02,-7.862095872325851076e+01
4.685654179687500118e+02,-7.889555985544009786e+01
4.685657109375000005e+02,-7.410115767104707629e+01
4.685660039062499891e+02,-7.439847495422594648e+01
4.685662968750000346e+02,-7.633452089243333205e+01
4.685665898437500232e+02,-7.789865947184699735e+01
4.685668828125000118e+02,-7.582696670788554627e+01
4.685671757812500005e+02,-7.469418533655479564e+01
4.685674687499999891e+02,-7.872975742416853961e+01
4.685677617187500346e+02,-8.115659985750619398e+01
4.685680546875000232e+02,-7.640720172568036617e+01
4.685683476562500118e+02,-7.539248223824215245e+01
4.685686406250000005e+02,-7.649602433462931117e+01
4.685689335937499891e+02,-7.819627239612150049e+01
4.685692265625000346e+02,-7.575534840736953868e+01
4.685695195312500232e+02,-7.917182074493274513e+01
4.685698125000000118e+02,-8.076734488006783863e+01
4.685701054687500005e+02,-8.176957576100912206e+01
4.685703984374999891e+02,-7.926455940600064309e+01
4.685706914062500346e+02,-7.967007867312972280e+01
4.685709843750000232e+02,-7.516052912418905407e+01
4.685712773437500118e+02,-7.403276043209443458e+01
4.685715703125000005e+02,-7.459843377901123063e+01
4.685718632812499891e+02,-8.022763204219890554e+01
4.685721562500000346e+02,-8.231441957972228352e+01
4.685724492187500232e+02,-7.846665211151838548e+01
4.685727421875000118e+02,-8.288937932579018764e+01
4.685730351562500005e+02,-8.512018216943360471e+01
4.685733281249999891e+02,-7.626979387261093279e+01
4.685736210937500346e+02,-7.231171081529498679e+01
4.685739140625000232e+02,-7.291649755067129490e+01
4.685742070312500118e+02,-7.537203586329438565e+01
4.685745000000000005e+02,-7.933724863329608468e+01
4.685747929687499891e+02,-7.606656717779124222e+01
4.685750859375000346e+02,-8.470375795660021367e+01
4.685753789062500232e+02,-8.496128122590852172e+01
4.685756718750000118e+02,-7.708217553111568066e+01
4.685759648437500005e+02,-7.338266491371938116e+01
4.685762578124999891e+02,-7.256740075716552951e+01
4.685765507812500346e+02,-7.373991072696701110e+01
4.685768437500000232e+02,-7.537216914756750441e+01
4.685771367187500118e+02,-7.495133260530917596e+01
4.685774296875000005e+02,-8.172099842735602238e+01
4.685777226562499891e+02,-8.313613175447373749e+01
4.685780156250000346e+02,-7.751357284807713199e+01
4.685783085937500232e+02,-7.622351067801120905e+01
4.685786015625000118e+02,-7.656506482099837285e+01
4.685788945312500005e+02,-7.709116650012394700e+01
4.685791874999999891e+02,-7.742332289942977752e+01
4.685794804687500346e+02,-7.914678766582539993e+01
4.685797734375000232e+02,-8.385093452407964776e+01
4.685800664062500118e+02,-7.881915959944299743e+01
4.685803593750000005e+02,-7.854808865779668281e+01
4.685806523437499891e+02,-7.716052232779945541e+01
4.685809453125000346e+02,-8.270739102693129041e+01
4.685812382812500232e+02,-8.796492849006580172e+01
4.685815312500000118e+02,-8.059099264434875920e+01
4.685818242187500005e+02,-8.793252142971688556e+01
4.685821171874999891e+02,-8.295992475104370101e+01
4.685824101562500346e+02,-7.596251324908607216e+01
4.685827031250000232e+02,-7.891339749943736592e+01
4.685829960937500118e+02,-7.609175500341621046e+01
4.685832890625000005e+02,-8.995266576919919999e+01
4.685835820312499891e+02,-8.329744857664613278e+01
4.685838750000000346e+02,-7.885893234130779206e+01
4.685841679687500232e+02,-8.465889262066707488e+01
4.685844609375000118e+02,-8.444265733616839498e+01
4.685847539062500005e+02,-7.734489865479129378e+01
4.685850468749999891e+02,-7.830749684419481582e+01
4.685853398437500346e+02,-7.736275961035133264e+01
4.685856328125000232e+02,-8.577494043545502223e+01
4.685859257812500118e+02,-8.012299391341383625e+01
4.685862187500000005e+02,-7.621258071867990225e+01
4.685865117187499891e+02,-7.868550252703352044e+01
4.685868046875000346e+02,-8.344803730874849634e+01
4.685870976562500232e+02,-8.032203370441064294e+01
4.685873906250000118e+02,-7.863618523547275174e+01
4.685876835937500005e+02,-8.406225661907723179e+01
4.685879765624999891e+02,-8.236313077472522082e+01
4.685882695312500346e+02,-8.398876399191962605e+01
4.685885625000000232e+02,-7.663241264130834907e+01
4.685888554687500118e+02,-7.576558301920661620e+01
4.685891484375000005e+02,-8.609111635855023792e+01
4.685894414062499891e+02,-8.968023981413786316e+01
4.685897343750000346e+02,-8.379826735267882043e+01
4.685900273437500232e+02,-9.263833380647159288e+01
4.685903203125000118e+02,-8.380569762372566345e+01
4.685906132812500005e+02,-9.452856051405527182e+01
4.685909062499999891e+02,-8.089060065121442733e+01
4.685911992187500346e+02,-7.680065793854907952e+01
4.685914921875000232e+02,-1.060698536333053141e+02
4.685917851562500118e+02,-8.349230195199886850e+01
4.685920781250000005e+02,-8.067785183170970242e+01
4.685923710937499891e+02,-8.057542048001394619e+01
4.685926640625000346e+02,-9.475321109614499449e+01
4.685929570312500232e+02,-8.497227373297334907e+01
4.685932500000000118e+02,-8.159180205637986205e+01
4.685935429687500005e+02,-7.742590441943245594e+01
4.685938359374999891e+02,-8.383582949038513732e+01
4.685941289062500346e+02,-8.015782555953101962e+01
4.685944218750000232e+02,-7.580472386480518310e+01
4.685947148437500118e+02,-7.459988855770964733e+01
4.685950078125000005e+02,-8.425219004711294701e+01
4.685953007812499891e+02,-8.722178541815981134e+01
4.685955937500000346e+02,-8.169169540728174184e+01
4.685958867187500232e+02,-7.765869576491881787e+01
4.685961796875000118e+02,-8.064335897698634881e+01
4.685964726562500005e+02,-8.086692109032775022e+01
4.685967656249999891e+02,-7.599018804530938098e+01
4.685970585937500346e+02,-7.323894258497665533e+01
4.685973515625000232e+02,-7.727286903334022838e+01
4.685976445312500118e+02,-9.337359811851786162e+01
4.685979375000000005e+02,-8.384351307140471476e+01
4.685982304687499891e+02,-7.721594184729329413e+01
4.685985234375000346e+02,-7.864854854375334980e+01
4.685988164062500232e+02,-8.203992303891189408e+01
4.685991093750000118e+02,-7.928060504558101229e+01
4.685994023437500005e+02,-7.469908560511085227e+01
4.685996953124999891e+02,-7.546294565161764467e+01
4.685999882812500346e+02,-8.141078878834238708e+01
4.686002812500000232e+02,-8.757662724364458029e+01
4.686005742187500118e+02,-7.676791216548677710e+01
4.686008671875000005e+02,-7.710259141084472390e+01
4.686011601562499891e+02,-8.474707193439959951e+01
4.686014531250000346e+02,-8.952476969467815593e+01
4.686017460937500232e+02,-8.074453970976836104e+01
4.686020390625000118e+02,-7.892696924978919526e+01
4.686023320312500005e+02,-8.013386771431984812e+01
4.686026249999999891e+02,-8.261392321409651629e+01
4.686029179687500346e+02,-8.302389386552435724e+01
4.686032109375000232e+02,-7.924952523704564555e+01
4.686035039062500118e+02,-8.794953088141524233e+01
4.686037968750000005e+02,-8.629896711157941525e+01
4.686040898437499891e+02,-9.193251065233280883e+01
4.686043828125000346e+02,-8.379234639194561396e+01
4.686046757812500232e+02,-8.533592045743606036e+01
4.686049687500000118e+02,-8.084913806778720868e+01
4.686052617187500005e+02,-9.530777917525102794e+01
4.686055546874999891e+02,-8.255805937268755201e+01
4.686058476562500346e+02,-8.516165445517260935e+01
4.686061406250000232e+02,-7.939240274581391077e+01
4.686064335937500118e+02,-8.016564494311749911e+01
4.686067265625000005e+02,-8.508442576984877803e+01
4.686070195312499891e+02,-8.547005814582473704e+01
4.686073125000000346e+02,-8.733367701518363901e+01
4.686076054687500232e+02,-8.782423909271719253e+01
4.686078984375000118e+02,-9.726767333885804589e+01
4.686081914062500005e+02,-8.053520667812958322e+01
4.686084843749999891e+02,-7.586224748760929515e+01
4.686087773437500346e+02,-7.653234157992457654e+01
4.686090703125000232e+02,-8.392010694483957423e+01
4.686093632812500118e+02,-8.261175530951337009e+01
4.686096562500000005e+02,-9.058974945705232074e+01
4.686099492187499891e+02,-9.385912519029787404e+01
4.686102421875000346e+02,-8.891045492677619677e+01
4.686105351562500232e+02,-7.712477590889203327e+01
4.686108281250000118e+02,-7.303392554053993990e+01
4.686111210937500005e+02,-7.557403704197201932e+01
4.686114140624999891e+02,-8.153856366508195208e+01
4.686117070312500346e+02,-8.407037829181899724e+01
4.686120000000000232e+02,-8.273826713570720415e+01
4.686122929687500118e+02,-8.696029491718658733e+01
4.686125859375000005e+02,-8.455643137637099471e+01
4.686128789062499891e+02,-7.560039970183770208e+01
4.686131718750000346e+02,-7.211163226650690206e+01
4.686134648437500232e+02,-7.620263235923160039e+01
4.686137578125000118e+02,-8.124233960245985031e+01
4.686140507812500005e+02,-9.420069133267222128e+01
4.686143437499999891e+02,-8.765826697048957783e+01
4.686146367187500346e+02,-8.462979674054577117e+01
4.686149296875000232e+02,-9.137162045141211308e+01
4.686152226562500118e+02,-7.671542645292095131e+01
4.686155156250000005e+02,-7.204151365958989572e+01
4.686158085937499891e+02,-7.481909453877013050e+01
4.686161015625000346e+02,-9.557678110332047083e+01
4.686163945312500232e+02,-8.381378209031683468e+01
4.686166875000000118e+02,-9.166010294764512878e+01
4.686169804687500005e+02,-9.044662084538455815e+01
4.686172734374999891e+02,-9.536530232820865649e+01
4.686175664062500346e+02,-8.019962274564645099e+01
4.686178593750000232e+02,-7.306671034698450740e+01
4.686181523437500118e+02,-7.368212604138331301e+01
4.686184453125000005e+02,-7.962487967191204064e+01
4.686187382812499891e+02,-7.688525692469661976e+01
4.686190312500000346e+02,-8.158795515741637416e+01
4.686193242187500232e+02,-9.593187356457161741e+01
4.686196171875000118e+02,-9.369440940621019820e+01
4.686199101562500005e+02,-8.542442713892903328e+01
4.686202031249999891e+02,-7.793261320415572868e+01
4.686204960937500346e+02,-7.500627235961592021e+01
4.686207890625000232e+02,-7.575732074889143064e+01
4.686210820312500118e+02,-7.369052896228141947e+01
4.686213750000000005e+02,-7.634637189136374502e+01
4.686216679687499891e+02,-8.832269275128982144e+01
4.686219609375000346e+02,-8.578573129531542918e+01
4.686222539062500232e+02,-8.383058333466425438e+01
4.686225468750000118e+02,-8.650937575928787737e+01
4.686228398437500005e+02,-8.069557469848058417e+01
4.686231328124999891e+02,-7.652199557651002237e+01
4.686234257812500346e+02,-7.334958974400583998e+01
4.686237187500000232e+02,-7.469380637241867760e+01
4.686240117187500118e+02,-8.424969631880546217e+01
4.686243046875000005e+02,-8.804489806868430435e+01
4.686245976562499891e+02,-8.096577286871337265e+01
4.686248906250000346e+02,-8.499723785540447807e+01
4.686251835937500232e+02,-8.487636189716182855e+01
4.686254765625000118e+02,-8.133780796465400442e+01
4.686257695312500005e+02,-7.582887769344762319e+01
4.686260624999999891e+02,-7.523608989713733308e+01
4.686263554687500346e+02,-8.045825943417818849e+01
4.686266484375000232e+02,-9.149438471432559083e+01
4.686269414062500118e+02,-7.933123628329782662e+01
4.686272343750000005e+02,-8.381952852319464853e+01
4.686275273437499891e+02,-7.851689695311235084e+01
4.686278203125000346e+02,-9.868853153303135173e+01
4.686281132812500232e+02,-8.464411703283329302e+01
4.686284062500000118e+02,-8.421602188870231487e+01
4.686286992187500005e+02,-8.478703008660750129e+01
4.686289921874999891e+02,-8.663088202238269275e+01
4.686292851562500346e+02,-8.655675344897515799e+01
4.686295781250000232e+02,-8.348140093781266557e+01
4.686298710937500118e+02,-7.868965552051466261e+01
4.686301640625000005e+02,-8.254357536007780993e+01
4.686304570312499891e+02,-8.327232647007774347e+01
4.686307500000000346e+02,-8.673193125968337824e+01
4.686310429687500232e+02,-8.585489506553085448e+01
4.686313359375000118e+02,-8.362184614080564415e+01
4.686316289062500005e+02,-9.859262317467280923e+01
4.686319218749999891e+02,-8.188151944551231054e+01
4.686322148437500346e+02,-8.221841696838622227e+01
4.686325078125000232e+02,-8.337364416106061071e+01
4.686328007812500118e+02,-8.120255901035960733e+01
4.686330937500000005e+02,-7.977058049539077444e+01
4.686333867187499891e+02,-7.812337630247559161e+01
4.686336796875000346e+02,-8.047682854045142165e+01
4.686339726562500232e+02,-8.585893400509819173e+01
4.686342656250000118e+02,-8.339106909191292516e+01
4.686345585937500005e+02,-7.991177005105609510e+01
4.686348515624999891e+02,-8.526893094538888818e+01
4.686351445312500346e+02,-8.237618312147594679e+01
4.686354375000000232e+02,-8.048591125881900155e+01
4.686357304687500118e+02,-7.978024776203621116e+01
4.686360234375000005e+02,-8.038064014037769311e+01
4.686363164062499891e+02,-8.629887163786594328e+01
4.686366093750000346e+02,-9.106964407775770098e+01
4.686369023437500232e+02,-8.057180626123987111e+01
4.686371953125000118e+02,-8.075187645096556821e+01
4.686374882812500005e+02,-8.003896398191969297e+01
4.686377812499999891e+02,-8.092361173898611071e+01
4.686380742187500346e+02,-9.139833112770904222e+01
4.686383671875000232e+02,-8.595671566473184555e+01
4.686386601562500118e+02,-8.347324722873369751e+01
4.686389531250000005e+02,-8.528736168654612015e+01
4.686392460937499891e+02,-8.367174043254192384e+01
4.686395390625000346e+02,-7.878865184271258215e+01
4.686398320312500232e+02,-7.670972285509910193e+01
4.686401250000000118e+02,-7.767553875584542311e+01
4.686404179687500005e+02,-8.092505578967185897e+01
4.686407109374999891e+02,-8.241901686420122530e+01
4.686410039062500346e+02,-7.886705634534034459e+01
4.686412968750000232e+02,-7.845337417653712464e+01
4.686415898437500118e+02,-8.286863256990672255e+01
4.686418828125000005e+02,-8.168883568340544343e+01
4.686421757812499891e+02,-7.721623764030073289e+01
4.686424687500000346e+02,-7.792910521758984999e+01
4.686427617187500232e+02,-7.731185565087929490e+01
4.686430546875000118e+02,-7.701215769268463873e+01
4.686433476562500005e+02,-7.523982771032510186e+01
4.686436406249999891e+02,-7.431638044410837551e+01
4.686439335937500346e+02,-7.588269303111459863e+01
4.686442265625000232e+02,-8.166573639973714194e+01
4.686445195312500118e+02,-7.962964953864744189e+01
4.686448125000000005e+02,-7.980022151350277682e+01
4.686451054687499891e+02,-7.837529758646388700e+01
4.686453984375000346e+02,-7.556352748374635553e+01
4.686456914062500232e+02,-7.434717453298763701e+01
4.686459843750000118e+02,-7.305414032791384216e+01
4.686462773437500005e+02,-7.483861366762494072e+01
4.686465703124999891e+02,-7.822459040667443730e+01
4.686468632812500346e+02,-8.439029838625678792e+01
4.686471562500000232e+02,-8.441608749906964704e+01
4.686474492187500118e+02,-8.479237190675360125e+01
4.686477421875000005e+02,-7.740357951732205777e+01
4.686480351562499891e+02,-7.612624718454711115e+01
4.686483281250000346e+02,-7.506128576597474478e+01
4.686486210937500232e+02,-7.672729679058156194e+01
4.686489140625000118e+02,-7.854261710045000200e+01
4.686492070312500005e+02,-8.124945461688830051e+01
4.686494999999999891e+02,-9.670403270462392697e+01
4.686497929687500346e+02,-9.374140292964756327e+01
4.686500859375000232e+02,-7.907936049321223493e+01
4.686503789062500118e+02,-7.823186453947383256e+01
4.686506718750000005e+02,-8.049165804630469268e+01
4.686509648437499891e+02,-8.384407543863810020e+01
4.686512578125000346e+02,-8.519412935667483566e+01
4.686515507812500232e+02,-8.186347973097603870e+01
4.686518437500000118e+02,-8.915655312155928414e+01
4.686521367187500005e+02,-9.844656854899001530e+01
4.686524296874999891e+02,-7.886710933135870505e+01
4.686527226562500346e+02,-8.020870586231474419e+01
4.686530156250000232e+02,-9.093366422844067642e+01
4.686533085937500118e+02,-8.398472973966414656e+01
4.686536015625000005e+02,-8.068509147817970018e+01
4.686538945312499891e+02,-8.121800653015117177e+01
4.686541875000000346e+02,-8.406968266388878419e+01
4.686544804687500232e+02,-9.490831300595192488e+01
4.686547734375000118e+02,-8.015555183358982561e+01
4.686550664062500005e+02,-7.805469190309503347e+01
4.686553593749999891e+02,-8.662976158010330607e+01
4.686556523437500346e+02,-7.943843519330316383e+01
4.686559453125000232e+02,-7.596174578312916026e+01
4.686562382812500118e+02,-7.651135740727420398e+01
4.686565312500000005e+02,-7.816007293997435568e+01
4.686568242187499891e+02,-8.805273596399742075e+01
4.686571171875000346e+02,-8.084071710793713805e+01
4.686574101562500232e+02,-7.816466437438305093e+01
4.686577031250000118e+02,-8.064672883676770709e+01
4.686579960937500005e+02,-7.797826937486641441e+01
4.686582890624999891e+02,-7.541436386056801666e+01
4.686585820312500346e+02,-7.614585508672745107e+01
4.686588750000000232e+02,-7.547324349571815105e+01
4.686591679687500118e+02,-8.512656126446275096e+01
4.686594609375000005e+02,-8.312212771624722052e+01
4.686597539062499891e+02,-8.217682349885686222e+01
4.686600468750000346e+02,-8.043316549071336397e+01
4.686603398437500232e+02,-7.632107263218564697e+01
4.686606328125000118e+02,-7.589706218834207618e+01
4.686609257812500005e+02,-8.005632352776486016e+01
4.686612187499999891e+02,-7.773122051523989740e+01
4.686615117187500346e+02,-8.042330443001853268e+01
4.686618046875000232e+02,-8.316564201008969803e+01
4.686620976562500118e+02,-8.428992868276866091e+01
4.686623906250000005e+02,-8.467680277128354760e+01
4.686626835937499891e+02,-7.703777196151990836e+01
4.686629765625000346e+02,-7.469315399475883055e+01
4.686632695312500232e+02,-8.049078438709085503e+01
4.686635625000000118e+02,-9.557994228692049887e+01
4.686638554687500005e+02,-8.129648313827294714e+01
4.686641484374999891e+02,-8.827508321464870278e+01
4.686644414062500346e+02,-8.281648565117770033e+01
4.686647343750000232e+02,-9.229515821259248298e+01
4.686650273437500118e+02,-8.263505945204209979e+01
4.686653203125000005e+02,-7.495781960493305007e+01
4.686656132812499891e+02,-7.483358598141522577e+01
4.686659062500000346e+02,-7.913675341069082947e+01
4.686661992187500232e+02,-8.907824240002841520e+01
4.686664921875000118e+02,-8.339322659992527065e+01
4.686667851562500005e+02,-8.489268935745867850e+01
4.686670781249999891e+02,-8.289930668916689172e+01
4.686673710937500346e+02,-8.794978003163039659e+01
4.686676640625000232e+02,-8.131228022299991665e+01
4.686679570312500118e+02,-7.485809539765550369e+01
4.686682500000000005e+02,-7.446835389184016663e+01
4.686685429687499891e+02,-7.747075170843982050e+01
4.686688359375000346e+02,-8.027454913330785757e+01
4.686691289062500232e+02,-8.508166162887668804e+01
4.686694218750000118e+02,-8.166304815205138823e+01
4.686697148437500005e+02,-7.971484818378789328e+01
4.686700078124999891e+02,-8.663621230546615948e+01
4.686703007812500346e+02,-8.318553055959250742e+01
4.686705937500000232e+02,-7.617439625552029270e+01
4.686708867187500118e+02,-7.612241769255264501e+01
4.686711796875000005e+02,-7.882341256877319324e+01
4.686714726562499891e+02,-8.467190068681759385e+01
4.686717656250000346e+02,-8.868118477843971448e+01
4.686720585937500232e+02,-7.825393016502597732e+01
4.686723515625000118e+02,-7.973741383427343976e+01
4.686726445312500005e+02,-8.466782504653212982e+01
4.686729374999999891e+02,-8.484623228899485525e+01
4.686732304687500346e+02,-7.905713928951566061e+01
4.686735234375000232e+02,-7.899547593026360914e+01
4.686738164062500118e+02,-8.739867053515170880e+01
4.686741093750000005e+02,-8.556770204615415309e+01
4.686744023437499891e+02,-8.229857423244018833e+01
4.686746953125000346e+02,-8.048008643027402798e+01
4.686749882812500232e+02,-7.877361587599415316e+01
4.686752812500000118e+02,-8.254587551076983232e+01
4.686755742187500005e+02,-8.825248785202774116e+01
4.686758671874999891e+02,-8.599236677331376200e+01
4.686761601562500346e+02,-9.239370338276295058e+01
4.686764531250000232e+02,-8.398335322861079533e+01
4.686767460937500118e+02,-9.355205743935707119e+01
4.686770390625000005e+02,-8.305381425764232972e+01
4.686773320312499891e+02,-8.751342778443641635e+01
4.686776250000000346e+02,-7.945871225657326420e+01
4.686779179687500232e+02,-8.065814476375027198e+01
4.686782109375000118e+02,-8.333731570758671126e+01
4.686785039062500005e+02,-8.957268087156320746e+01
4.686787968749999891e+02,-8.526533492963639560e+01
4.686790898437500346e+02,-8.952468858979671040e+01
4.686793828125000232e+02,-8.005082525280668904e+01
4.686796757812500118e+02,-8.307734653425714555e+01
4.686799687500000005e+02,-8.928754268254385806e+01
4.686802617187499891e+02,-8.078131194208074817e+01
4.686805546875000346e+02,-8.023796329559216645e+01
4.686808476562500232e+02,-8.405598883897087603e+01
4.686811406250000118e+02,-8.679487008518560742e+01
4.686814335937500005e+02,-9.611051897355908125e+01
4.686817265624999891e+02,-7.865028654073645953e+01
4.686820195312500346e+02,-7.561789190834122110e+01
4.686823125000000232e+02,-8.149209642697786649e+01
4.686826054687500118e+02,-9.360357994456569486e+01
4.686828984375000005e+02,-8.320417804354664781e+01
4.686831914062499891e+02,-8.254440411849029147e+01
4.686834843750000346e+02,-8.808083737723998752e+01
4.686837773437500232e+02,-8.177447266458479191e+01
4.686840703125000118e+02,-8.252069439779482707e+01
4.686843632812500005e+02,-7.582526223281625732e+01
4.686846562499999891e+02,-7.616070597182998370e+01
4.686849492187500346e+02,-8.103132125632866689e+01
4.686852421875000232e+02,-8.508588341698141733e+01
4.686855351562500118e+02,-9.425548013802249159e+01
4.686858281250000005e+02,-9.116240782677704146e+01
4.686861210937499891e+02,-7.799046406008849885e+01
4.686864140625000346e+02,-7.719762719925334693e+01
4.686867070312500232e+02,-8.095602638308031374e+01
4.686870000000000118e+02,-7.649580672090392852e+01
4.686872929687500005e+02,-7.883388903937205328e+01
4.686875859374999891e+02,-7.947734871608571439e+01
4.686878789062500346e+02,-8.444147600237712936e+01
4.686881718750000232e+02,-8.745917186792453890e+01
4.686884648437500118e+02,-7.781533434922479842e+01
4.686887578125000005e+02,-7.507542553762051796e+01
4.686890507812499891e+02,-8.178965847169354220e+01
4.686893437500000346e+02,-8.256401835216024665e+01
4.686896367187500232e+02,-8.068553147066313613e+01
4.686899296875000118e+02,-7.923485171891803702e+01
4.686902226562500005e+02,-7.846130045925826835e+01
4.686905156249999891e+02,-8.102379054249573187e+01
4.686908085937500346e+02,-7.855416638430941134e+01
4.686911015625000232e+02,-7.647210214571924780e+01
4.686913945312500118e+02,-7.878606525046423315e+01
4.686916875000000005e+02,-9.143504935262006939e+01
4.686919804687499891e+02,-8.654179529372171942e+01
4.686922734375000346e+02,-8.385176222747999475e+01
4.686925664062500232e+02,-7.979272123648166826e+01
4.686928593750000118e+02,-7.922780506235034181e+01
4.686931523437500005e+02,-7.881630826514324895e+01
4.686934453124999891e+02,-8.028657933607242114e+01
4.686937382812500346e+02,-8.056062143696490807e+01
4.686940312500000232e+02,-8.240042316266402622e+01
4.686943242187500118e+02,-9.820188945140799319e+01
4.686946171875000005e+02,-8.958132892993425855e+01
4.686949101562499891e+02,-8.662496342643828484e+01
4.686952031250000346e+02,-8.149364745677736721e+01
4.686954960937500232e+02,-7.982297034811375624e+01
4.686957890625000118e+02,-8.427454811287776693e+01
4.686960820312500005e+02,-8.822936149112435089e+01
4.686963749999999891e+02,-8.272540176121989930e+01
4.686966679687500346e+02,-8.405675473190277103e+01
4.686969609375000232e+02,-8.707732627785406976e+01
4.686972539062500118e+02,-8.854165806405728745e+01
4.686975468750000005e+02,-9.827220329958149136e+01
4.686978398437499891e+02,-8.409363503687933417e+01
4.686981328125000346e+02,-8.207369761617127324e+01
4.686984257812500232e+02,-8.074211125770204944e+01
4.686987187500000118e+02,-8.027887285772550285e+01
4.686990117187500005e+02,-8.004590994234108337e+01
4.686993046874999891e+02,-8.621260839532968134e+01
4.686995976562500346e+02,-9.207985088602794121e+01
4.686998906250000232e+02,-8.512561795477395776e+01
4.687001835937500118e+02,-8.685335602434579982e+01
4.687004765625000005e+02,-8.268346982859164029e+01
4.687007695312499891e+02,-7.873209891160958307e+01
4.687010625000000346e+02,-7.708693493035073629e+01
4.687013554687500232e+02,-7.666424287990754749e+01
4.687016484375000118e+02,-8.129013410934501849e+01
4.687019414062500005e+02,-9.421864125062964490e+01
4.687022343749999891e+02,-8.707826698232574358e+01
4.687025273437500346e+02,-8.304018338153093737e+01
4.687028203125000232e+02,-8.154987428474974820e+01
4.687031132812500118e+02,-8.011273727780972820e+01
4.687034062500000005e+02,-7.757760175337460851e+01
4.687036992187499891e+02,-7.559971854837556293e+01
4.687039921875000346e+02,-7.833393505665681289e+01
4.687042851562500232e+02,-9.344111477619522077e+01
4.687045781250000118e+02,-8.459002029429225900e+01
4.687048710937500005e+02,-8.221854258818683547e+01
4.687051640624999891e+02,-7.983554942449009673e+01
4.687054570312500346e+02,-8.107537550671005988e+01
4.687057500000000232e+02,-8.285209119812111567e+01
4.687060429687500118e+02,-7.747230667980335284e+01
4.687063359375000005e+02,-7.707084841163934641e+01
4.687066289062499891e+02,-9.275840082794883301e+01
4.687069218750000346e+02,-8.253069626896410682e+01
4.687072148437500232e+02,-7.933819658783585282e+01
4.687075078125000118e+02,-7.973659712774656327e+01
4.687078007812500005e+02,-8.530061766480174867e+01
4.687080937499999891e+02,-9.096354899290906815e+01
4.687083867187500346e+02,-8.939652834038042784e+01
4.687086796875000232e+02,-7.906352595456786503e+01
4.687089726562500118e+02,-8.639871788793109886e+01
4.687092656250000005e+02,-9.185121215056651067e+01
4.687095585937499891e+02,-7.918684019109831240e+01
4.687098515625000346e+02,-7.811269253032693882e+01
4.687101445312500232e+02,-9.038897702966312409e+01
4.687104375000000118e+02,-8.245217748370826882e+01
4.687107304687500005e+02,-8.161631368075643422e+01
4.687110234374999891e+02,-9.589706628094803875e+01
4.687113164062500346e+02,-8.759742197297458688e+01
4.687116093750000232e+02,-1.095372137907255592e+02
4.687119023437500118e+02,-8.753522845060679458e+01
4.687121953125000005e+02,-7.733912478176760885e+01
4.687124882812499891e+02,-8.215891450674564567e+01
4.687127812500000346e+02,-8.344139892318321472e+01
4.687130742187500232e+02,-7.716278128992692587e+01
4.687133671875000118e+02,-8.119516773086409955e+01
4.687136601562500005e+02,-9.351288252692235403e+01
4.687139531249999891e+02,-9.156168843119972678e+01
4.687142460937500346e+02,-8.539483551519815308e+01
4.687145390625000232e+02,-8.513442534258103933e+01
4.687148320312500118e+02,-8.267152815150345191e+01
4.687151250000000005e+02,-8.551250288068013106e+01
4.687154179687499891e+02,-7.805421887069267939e+01
4.687157109375000346e+02,-7.777819189361071039e+01
4.687160039062500232e+02,-8.476631445888926919e+01
4.687162968750000118e+02,-8.952225715229536718e+01
4.687165898437500005e+02,-8.010792769889707188e+01
4.687168828124999891e+02,-8.464572280584042119e+01
4.687171757812500346e+02,-1.004083285726544830e+02
4.687174687500000232e+02,-9.096594135196964714e+01
4.687177617187500118e+02,-8.269761688852092618e+01
4.687180546875000005e+02,-7.969121828459719836e+01
4.687183476562499891e+02,-8.187760604681824361e+01
4.687186406250000346e+02,-8.992259966385647374e+01
4.687189335937500232e+02,-7.979347581611362727e+01
4.687192265625000118e+02,-7.971241306996822118e+01
4.687195195312500005e+02,-8.244137139380889323e+01
4.687198124999999891e+02,-8.971681004091372813e+01
4.687201054687500346e+02,-9.282394793800176558e+01
4.687203984375000232e+02,-8.334271330134865252e+01
4.687206914062500118e+02,-8.289598336149438751e+01
4.687209843750000005e+02,-8.563670413018742522e+01
4.687212773437499891e+02,-8.082222613020392998e+01
4.687215703125000346e+02,-8.099978653816066299e+01
4.687218632812500232e+02,-8.002952228619884067e+01
4.687221562500000118e+02,-8.075203739602480368e+01
4.687224492187500005e+02,-9.277742296919311116e+01
4.687227421874999891e+02,-8.631856914446561291e+01
4.687230351562500346e+02,-8.643067845425180451e+01
4.687233281250000232e+02,-9.095348105997052812e+01
4.687236210937500118e+02,-8.327123087245101374e+01
4.687239140625000005e+02,-8.519754132159839344e+01
4.687242070312499891e+02,-8.784156691647177695e+01
4.687245000000000346e+02,-8.120283656105128500e+01
4.687247929687500232e+02,-8.654239956451331750e+01
4.687250859375000118e+02,-9.031046723930006692e+01
4.687253789062500005e+02,-8.253400590877689069e+01
4.687256718749999891e+02,-8.776120295861568366e+01
4.687259648437500346e+02,-8.716011682189325427e+01
4.687262578125000232e+02,-1.084871564419399448e+02
4.687265507812500118e+02,-8.365845680022414399e+01
4.687268437500000005e+02,-9.250586733982422061e+01
4.687271367187499891e+02,-9.262410888264187747e+01
4.687274296875000346e+02,-9.038206529333450590e+01
4.687277226562500232e+02,-8.673747120539893274e+01
4.687280156250000118e+02,-8.581379385545548644e+01
4.687283085937500005e+02,-9.114381776602100160e+01
4.687286015624999891e+02,-8.231742175508250625e+01
4.687288945312500346e+02,-8.000881549324860487e+01
4.687291875000000232e+02,-7.813232772658030001e+01
4.687294804687500118e+02,-8.094663307968197330e+01
4.687297734375000005e+02,-8.450071631602101263e+01
4.687300664062499891e+02,-9.279500578029046665e+01
4.687303593750000346e+02,-8.599485920256084626e+01
4.687306523437500232e+02,-9.891725215363338464e+01
4.687309453125000118e+02,-7.912344418084282438e+01
4.687312382812500005e+02,-7.859883317351932419e+01
4.687315312499999891e+02,-7.690114419703004955e+01
4.687318242187500346e+02,-7.527969054225680168e+01
4.687321171875000232e+02,-7.979732676462417373e+01
4.687324101562500118e+02,-8.706569913895162927e+01
4.687327031250000005e+02,-8.786534838513941281e+01
4.687329960937499891e+02,-9.376710341813972605e+01
4.687332890625000346e+02,-8.103700158396114261e+01
4.687335820312500232e+02,-7.727191354180436633e+01
4.687338750000000118e+02,-8.068581524258041782e+01
4.687341679687500005e+02,-7.557948814036491569e+01
4.687344609374999891e+02,-7.777477369717925626e+01
4.687347539062500346e+02,-8.561489119412564719e+01
4.687350468750000232e+02,-8.989290126087725241e+01
4.687353398437500118e+02,-8.888117101478422910e+01
4.687356328125000005e+02,-8.393259645911868461e+01
4.687359257812499891e+02,-7.844062245529553934e+01
4.687362187500000346e+02,-8.319702958646045943e+01
4.687365117187500232e+02,-8.057342603939510184e+01
4.687368046875000118e+02,-7.877960320463451183e+01
4.687370976562500005e+02,-8.940047880658362089e+01
4.687373906249999891e+02,-9.036268537590352423e+01
4.687376835937500346e+02,-8.168989478477283228e+01
4.687379765625000232e+02,-8.370033140970760144e+01
4.687382695312500118e+02,-8.718666690295077615e+01
4.687385625000000005e+02,-8.893379443815777563e+01
4.687388554687499891e+02,-8.716780327239838755e+01
4.687391484375000346e+02,-8.679298726860400848e+01
4.687394414062500232e+02,-1.020204278704371035e+02
4.687397343750000118e+02,-8.805765631350280387e+01
4.687400273437500005e+02,-8.038452323033052949e+01
4.687403203124999891e+02,-8.047972363001362339e+01
4.687406132812500346e+02,-8.364525554799442375e+01
4.687409062500000232e+02,-9.317046569987218163e+01
4.687411992187500118e+02,-8.694780973196495211e+01
4.687414921875000005e+02,-8.390521603487738389e+01
4.687417851562499891e+02,-8.912099749751733668e+01
4.687420781250000346e+02,-8.521283808522395020e+01
4.687423710937500232e+02,-8.133164783094704831e+01
4.687426640625000118e+02,-7.988381927010097172e+01
4.687429570312500005e+02,-8.141243468599883215e+01
4.687432499999999891e+02,-8.190728645604684743e+01
4.687435429687500346e+02,-8.282191276294751958e+01
4.687438359375000232e+02,-8.483576727629058212e+01
4.687441289062500118e+02,-8.391415982156870257e+01
4.687444218750000005e+02,-8.569313587293083856e+01
4.687447148437499891e+02,-8.263989185257250369e+01
4.687450078125000346e+02,-8.110581375240070656e+01
4.687453007812500232e+02,-8.136133953653937567e+01
4.687455937500000118e+02,-8.188096431900430616e+01
4.687458867187500005e+02,-8.048734556085673830e+01
4.687461796874999891e+02,-8.568719135992026281e+01
4.687464726562500346e+02,-8.929524195048729496e+01
4.687467656250000232e+02,-8.621200149360164744e+01
4.687470585937500118e+02,-8.382294674948821012e+01
4.687473515625000005e+02,-8.428200352205416834e+01
4.687476445312499891e+02,-8.399260573843820055e+01
4.687479375000000346e+02,-8.396698332853021896e+01
4.687482304687500232e+02,-8.111467850826196013e+01
4.687485234375000118e+02,-8.087175343781039771e+01
4.687488164062500005e+02,-8.381041358604272773e+01
4.687491093749999891e+02,-9.012569580692377258e+01
4.687494023437500346e+02,-8.528828218621656276e+01
4.687496953125000232e+02,-8.627803704230541371e+01
4.687499882812500118e+02,-9.038056658288414269e+01
4.687502812500000005e+02,-8.189126865130909039e+01
4.687505742187499891e+02,-8.159167924941733929e+01
4.687508671875000346e+02,-7.949561062933247513e+01
4.687511601562500232e+02,-7.836792030559614375e+01
4.687514531250000118e+02,-8.255515744172373616e+01
4.687517460937500005e+02,-8.975215899701693445e+01
4.687520390624999891e+02,-8.438123209265543778e+01
4.687523320312500346e+02,-1.045553653552418041e+02
4.687526250000000232e+02,-8.110046532750129700e+01
4.687529179687500118e+02,-8.065756153349580870e+01
4.687532109375000005e+02,-8.142903923109427922e+01
4.687535039062499891e+02,-7.838896742804524820e+01
4.687537968750000346e+02,-7.821810713828446637e+01
4.687540898437500232e+02,-8.739435793066448355e+01
4.687543828125000118e+02,-8.574148833509414658e+01
4.687546757812500005e+02,-9.170655699804666483e+01
4.687549687499999891e+02,-8.344544141299226681e+01
4.687552617187500346e+02,-8.067523816849831064e+01
4.687555546875000232e+02,-8.235601325968974606e+01
4.687558476562500118e+02,-8.015667792626570076e+01
4.687561406250000005e+02,-8.034557483662452171e+01
4.687564335937499891e+02,-9.040583092064152027e+01
4.687567265625000346e+02,-9.027182341771543861e+01
4.687570195312500232e+02,-9.078872504765342910e+01
4.687573125000000118e+02,-8.843193538301214573e+01
4.687576054687500005e+02,-8.566668161658499514e+01
4.687578984374999891e+02,-8.344955411873291951e+01
4.687581914062500346e+02,-8.408481920253210262e+01
4.687584843750000232e+02,-8.571859140712759029e+01
4.687587773437500118e+02,-9.365890374699326060e+01
4.687590703125000005e+02,-8.472972014491818982e+01
4.687593632812499891e+02,-1.016250357899382948e+02
4.687596562500000346e+02,-8.429030213752363920e+01
4.687599492187500232e+02,-9.113507361857747924e+01
4.687602421875000118e+02,-9.086905500586257745e+01
4.687605351562500005e+02,-8.756825437735582796e+01
4.687608281249999891e+02,-9.123939481345594515e+01
4.687611210937500346e+02,-8.898955578405896460e+01
4.687614140625000232e+02,-8.344793989453359018e+01
4.687617070312500118e+02,-9.130218987438905742e+01
