Frequency_MHz,Power_dBHz
4.663620000000000232e+02,-9.514535794194138418e+01
4.663622929687500118e+02,-1.044715294036920739e+02
4.663625859375000005e+02,-9.477087814434611346e+01
4.663628789062499891e+02,-8.909457800477224509e+01
4.663631718750000346e+02,-8.844156243827256958e+01
4.663634648437500232e+02,-8.939465133457694890e+01
4.663637578125000118e+02,-9.220718979800820136e+01
4.663640507812500005e+02,-9.962033314748882162e+01
4.663643437499999891e+02,-9.222796629483026720e+01
4.663646367187500346e+02,-8.813707901008518775e+01
4.663649296875000232e+02,-8.809020330369364160e+01
4.663652226562500118e+02,-9.479058493925222706e+01
4.663655156250000005e+02,-9.078533462402818088e+01
4.663658085937499891e+02,-8.858183560284017233e+01
4.663661015625000346e+02,-1.031228108052735877e+02
4.663663945312500232e+02,-9.374645405059246173e+01
4.663666875000000118e+02,-9.077503126486328711e+01
4.663669804687500005e+02,-9.243903430034549729e+01
4.663672734374999891e+02,-9.146387752579677510e+01
4.663675664062500346e+02,-9.376528506329907486e+01
4.663678593750000232e+02,-9.996775942684499228e+01
4.663681523437500118e+02,-9.070240476588728029e+01
4.663684453125000005e+02,-8.995019370084074239e+01
4.663687382812499891e+02,-9.018989187438087640e+01
4.663690312500000346e+02,-9.231390188448811784e+01
4.663693242187500232e+02,-9.324130327910474136e+01
4.663696171875000118e+02,-1.030452763404050529e+02
4.663699101562500005e+02,-9.156358595227220576e+01
4.663702031249999891e+02,-9.307597520971397387e+01
4.663704960937500346e+02,-8.829124174297510308e+01
4.663707890625000232e+02,-8.547055091553542638e+01
4.663710820312500118e+02,-8.689245795787118709e+01
4.663713750000000005e+02,-9.089682262663231427e+01
4.663716679687499891e+02,-8.851797064813172256e+01
4.663719609375000346e+02,-8.914223417783199466e+01
4.663722539062500232e+02,-8.795802540107943912e+01
4.663725468750000118e+02,-1.088044945214497403e+02
4.663728398437500005e+02,-8.804139004541468694e+01
4.663731328124999891e+02,-8.824379473670654761e+01
4.663734257812500346e+02,-9.087661797272696163e+01
4.663737187500000232e+02,-8.907605940362253705e+01
4.663740117187500118e+02,-8.658936988924870093e+01
4.663743046875000005e+02,-9.513420629981132493e+01
4.663745976562499891e+02,-1.007537526830924151e+02
4.663748906250000346e+02,-9.598777449490108893e+01
4.663751835937500232e+02,-9.860936402178710125e+01
4.663754765625000118e+02,-1.042832181521422683e+02
4.663757695312500005e+02,-9.114261619895850686e+01
4.663760624999999891e+02,-8.832825628357906567e+01
4.663763554687500346e+02,-8.698243364054047788e+01
4.663766484375000232e+02,-9.534478022098134886e+01
4.663769414062500118e+02,-1.094330662836793238e+02
4.663772343750000005e+02,-9.756373155994440083e+01
4.663775273437499891e+02,-9.981887889161633609e+01
4.663778203125000346e+02,-1.031057960461493224e+02
4.663781132812500232e+02,-9.798189674850624442e+01
4.663784062500000118e+02,-9.550019717532751429e+01
4.663786992187500005e+02,-9.482555536493757131e+01
4.663789921874999891e+02,-8.852161171783129134e+01
4.663792851562500346e+02,-8.897481123447295204e+01
4.663795781250000232e+02,-9.585556195891321352e+01
4.663798710937500118e+02,-9.485825211923979339e+01
4.663801640625000005e+02,-9.798779201554117435e+01
4.663804570312499891e+02,-8.950228240881588704e+01
4.663807500000000346e+02,-9.057892339998824127e+01
4.663810429687500232e+02,-1.037273403756014432e+02
4.663813359375000118e+02,-9.003990275455268488e+01
4.663816289062500005e+02,-9.253982476468362961e+01
4.663819218749999891e+02,-8.926822905232172900e+01
4.663822148437500346e+02,-8.816001636921571105e+01
4.663825078125000232e+02,-8.973125186852648483e+01
4.663828007812500118e+02,-9.266566223065750307e+01
4.663830937500000005e+02,-8.972651314723789540e+01
4.663833867187499891e+02,-8.573667367540720363e+01
4.663836796875000346e+02,-9.060646785728813768e+01
4.663839726562500232e+02,-9.352388684105370942e+01
4.663842656250000118e+02,-9.113544944903809153e+01
4.663845585937500005e+02,-9.178359866119835431e+01
4.663848515624999891e+02,-9.150370306630655648e+01
4.663851445312500346e+02,-9.603191003860879960e+01
4.663854375000000232e+02,-8.804080232365481606e+01
4.663857304687500118e+02,-8.609987425980511944e+01
4.663860234375000005e+02,-8.750533984278050070e+01
4.663863164062499891e+02,-9.296573507984979301e+01
4.663866093750000346e+02,-9.137268817623987616e+01
4.663869023437500232e+02,-8.711658401628979220e+01
4.663871953125000118e+02,-8.882110622706655079e+01
4.663874882812500005e+02,-8.677456188828820416e+01
4.663877812499999891e+02,-9.241570567926922308e+01
4.663880742187500346e+02,-9.634065384852286229e+01
4.663883671875000232e+02,-9.027674757036827202e+01
4.663886601562500118e+02,-9.109592241758915065e+01
4.663889531250000005e+02,-9.277810882501212575e+01
4.663892460937499891e+02,-9.183405390195730433e+01
4.663895390625000346e+02,-9.625499220960726632e+01
4.663898320312500232e+02,-9.234315501200870813e+01
4.663901250000000118e+02,-9.283542473923331784e+01
4.663904179687500005e+02,-8.865868085526071241e+01
4.663907109374999891e+02,-8.978183271736902782e+01
4.663910039062500346e+02,-9.813043320230960376e+01
4.663912968750000232e+02,-1.038811804472568383e+02
4.663915898437500118e+02,-9.170746033877144043e+01
4.663918828125000005e+02,-8.788084372862611815e+01
4.663921757812499891e+02,-9.940269390373322267e+01
4.663924687500000346e+02,-9.643520313664099319e+01
4.663927617187500232e+02,-9.555579086855813387e+01
4.663930546875000118e+02,-9.030242713691453105e+01
4.663933476562500005e+02,-9.227634124902296264e+01
4.663936406249999891e+02,-1.075930486233827992e+02
4.663939335937500346e+02,-1.089986632833387432e+02
4.663942265625000232e+02,-9.175684735718910190e+01
4.663945195312500118e+02,-8.696588829102506679e+01
4.663948125000000005e+02,-9.003362515951293688e+01
4.663951054687499891e+02,-9.576715622542181450e+01
4.663953984375000346e+02,-9.280927572413801840e+01
4.663956914062500232e+02,-8.426738624445940218e+01
4.663959843750000118e+02,-8.533977800148875303e+01
4.663962773437500005e+02,-9.090270527853121507e+01
4.663965703124999891e+02,-8.993867697195882727e+01
4.663968632812500346e+02,-9.132557973858654066e+01
4.663971562500000232e+02,-9.060138551788156747e+01
4.663974492187500118e+02,-1.039636730059627467e+02
4.663977421875000005e+02,-9.767971246875255531e+01
4.663980351562499891e+02,-8.847700725133117317e+01
4.663983281250000346e+02,-9.151075660347424900e+01
4.663986210937500232e+02,-9.897197073840672488e+01
4.663989140625000118e+02,-8.825365542832911103e+01
4.663992070312500005e+02,-8.648599200775439044e+01
4.663994999999999891e+02,-9.651728198120491697e+01
4.663997929687500346e+02,-9.492594842738405703e+01
4.664000859375000232e+02,-9.688562421969533034e+01
4.664003789062500118e+02,-9.272752561239050806e+01
4.664006718750000005e+02,-8.678686519473868088e+01
4.664009648437499891e+02,-8.458288775207054755e+01
4.664012578125000346e+02,-8.562645628806718889e+01
4.664015507812500232e+02,-9.317266216934667966e+01
4.664018437500000118e+02,-9.511504552842033888e+01
4.664021367187500005e+02,-8.993514295419380744e+01
4.664024296874999891e+02,-1.032832738758136202e+02
4.664027226562500346e+02,-8.674673379534033302e+01
4.664030156250000232e+02,-9.910436501478142191e+01
4.664033085937500118e+02,-9.696812113780852371e+01
4.664036015625000005e+02,-9.248700564766389220e+01
4.664038945312499891e+02,-1.036327743206807384e+02
4.664041875000000346e+02,-8.887810666036881457e+01
4.664044804687500232e+02,-8.571769808480709685e+01
4.664047734375000118e+02,-9.239500770113221506e+01
4.664050664062500005e+02,-1.003791303380266697e+02
4.664053593749999891e+02,-9.380402333516558144e+01
4.664056523437500346e+02,-1.027616951667818199e+02
4.664059453125000232e+02,-9.020959350834419865e+01
4.664062382812500118e+02,-8.971277361184479560e+01
4.664065312500000005e+02,-9.327388413812649048e+01
4.664068242187499891e+02,-9.227886969901985026e+01
4.664071171875000346e+02,-9.036140965210790910e+01
4.664074101562500232e+02,-8.729703790249956796e+01
4.664077031250000118e+02,-9.458474929455701385e+01
4.664079960937500005e+02,-1.115401612899673580e+02
4.664082890624999891e+02,-1.047388983296404916e+02
4.664085820312500346e+02,-9.019155433735390659e+01
4.664088750000000232e+02,-8.614757483919994741e+01
4.664091679687500118e+02,-8.855939493856118361e+01
4.664094609375000005e+02,-9.007938791116370680e+01
4.664097539062499891e+02,-8.746517392610996922e+01
4.664100468750000346e+02,-9.113713208768167817e+01
4.664103398437500232e+02,-1.039245759797009896e+02
4.664106328125000118e+02,-8.821627953063442362e+01
4.664109257812500005e+02,-9.086478999156916814e+01
4.664112187499999891e+02,-1.033801851188928964e+02
4.664115117187500346e+02,-1.075754305509248496e+02
4.664118046875000232e+02,-9.034735039656808908e+01
4.664120976562500118e+02,-9.280123328220911105e+01
4.664123906250000005e+02,-9.251751674097278055e+01
4.664126835937499891e+02,-9.391268757391176791e+01
4.664129765625000346e+02,-8.870598460724990275e+01
4.664132695312500232e+02,-8.709839201895334782e+01
4.664135625000000118e+02,-8.615697578173370630e+01
4.664138554687500005e+02,-9.098263377515401373e+01
4.664141484374999891e+02,-9.499233526632870905e+01
4.664144414062500346e+02,-9.209067533777657388e+01
4.664147343750000232e+02,-9.371595497309023415e+01
4.664150273437500118e+02,-9.942354248279458773e+01
4.664153203125000005e+02,-1.046013653378433048e+02
4.664156132812499891e+02,-9.157035286073083569e+01
4.664159062500000346e+02,-9.918693038088727576e+01
4.664161992187500232e+02,-9.240756835800210922e+01
4.664164921875000118e+02,-9.286119822827375003e+01
4.664167851562500005e+02,-1.049169621106404549e+02
4.664170781249999891e+02,-9.582028560209863599e+01
4.664173710937500346e+02,-9.351536520458361679e+01
4.664176640625000232e+02,-9.357440281385098046e+01
4.664179570312500118e+02,-9.438821189319770610e+01
4.664182500000000005e+02,-8.884606742429568271e+01
4.664185429687499891e+02,-9.664655747130419172e+01
4.664188359375000346e+02,-1.022642797533987959e+02
4.664191289062500232e+02,-9.646915660322505914e+01
4.664194218750000118e+02,-9.878491336769383224e+01
4.664197148437500005e+02,-9.296526378276091407e+01
4.664200078124999891e+02,-8.997963264815297180e+01
4.664203007812500346e+02,-8.566428809066513850e+01
4.664205937500000232e+02,-9.189262646573270388e+01
4.664208867187500118e+02,-9.966723706505933933e+01
4.664211796875000005e+02,-9.719455267017140443e+01
4.664214726562499891e+02,-9.366622099747807795e+01
4.664217656250000346e+02,-1.120601597990372511e+02
4.664220585937500232e+02,-1.022387400690546002e+02
4.664223515625000118e+02,-9.064887879361124590e+01
4.664226445312500005e+02,-8.866801060074594432e+01
4.664229374999999891e+02,-8.727084571329216089e+01
4.664232304687500346e+02,-9.310499596142220469e+01
4.664235234375000232e+02,-1.103836347948914067e+02
4.664238164062500118e+02,-9.916663230262896889e+01
4.664241093750000005e+02,-8.711015093278903976e+01
4.664244023437499891e+02,-8.683309019611400004e+01
4.664246953125000346e+02,-9.413604628433093069e+01
4.664249882812500232e+02,-9.353550466709224054e+01
4.664252812500000118e+02,-1.059435520072813830e+02
4.664255742187500005e+02,-8.916065210076072844e+01
4.664258671874999891e+02,-8.721576342658559611e+01
4.664261601562500346e+02,-9.090910591883115899e+01
4.664264531250000232e+02,-8.677816988740856630e+01
4.664267460937500118e+02,-8.589350591561225201e+01
4.664270390625000005e+02,-8.538995744921862752e+01
4.664273320312499891e+02,-8.412188340106789042e+01
4.664276250000000346e+02,-8.875449490015503784e+01
4.664279179687500232e+02,-9.067459858100711756e+01
4.664282109375000118e+02,-8.985102930228057971e+01
4.664285039062500005e+02,-8.603886948866119155e+01
4.664287968749999891e+02,-9.232729509524874345e+01
4.664290898437500346e+02,-9.244699477040528279e+01
4.664293828125000232e+02,-9.881201967030632716e+01
4.664296757812500118e+02,-9.558123444364761667e+01
4.664299687500000005e+02,-8.522429511875370167e+01
4.664302617187499891e+02,-8.116451722427571269e+01
4.664305546875000346e+02,-8.615807095910084001e+01
4.664308476562500232e+02,-8.865011244714355598e+01
4.664311406250000118e+02,-8.592328666857187613e+01
4.664314335937500005e+02,-9.882881750620869354e+01
4.664317265624999891e+02,-8.659533558121842134e+01
4.664320195312500346e+02,-9.059633072022390365e+01
4.664323125000000232e+02,-1.007541732400964634e+02
4.664326054687500118e+02,-9.710146004543999254e+01
4.664328984375000005e+02,-9.403032697113154370e+01
4.664331914062499891e+02,-9.607117748967338855e+01
4.664334843750000346e+02,-9.029441565013425475e+01
4.664337773437500232e+02,-9.318237607489226093e+01
4.664340703125000118e+02,-9.242585320101753155e+01
4.664343632812500005e+02,-8.835829412016578033e+01
4.664346562499999891e+02,-8.594340955975857810e+01
4.664349492187500346e+02,-8.576339197845985041e+01
4.664352421875000232e+02,-8.510304183791089372e+01
4.664355351562500118e+02,-8.625330072712793594e+01
4.664358281250000005e+02,-9.042326636982444654e+01
4.664361210937499891e+02,-8.740046003340525260e+01
4.664364140625000346e+02,-8.485597054712150111e+01
4.664367070312500232e+02,-8.618266549922493880e+01
4.664370000000000118e+02,-8.958800706223591703e+01
4.664372929687500005e+02,-8.863981788003752627e+01
4.664375859374999891e+02,-8.915057811556594913e+01
4.664378789062500346e+02,-9.313111801121011979e+01
4.664381718750000232e+02,-9.238714935939093209e+01
4.664384648437500118e+02,-9.096654591263737188e+01
4.664387578125000005e+02,-8.998792726135208397e+01
4.664390507812499891e+02,-8.409090813697831379e+01
4.664393437500000346e+02,-8.775974111071624861e+01
4.664396367187500232e+02,-8.926652720048156198e+01
4.664399296875000118e+02,-9.404550718165695855e+01
4.664402226562500005e+02,-8.711066270823680213e+01
4.664405156249999891e+02,-9.306831518395830471e+01
4.664408085937500346e+02,-8.588429018454536390e+01
4.664411015625000232e+02,-8.579697507823860292e+01
4.664413945312500118e+02,-8.474516344438634974e+01
4.664416875000000005e+02,-8.533693203602959443e+01
4.664419804687499891e+02,-9.105034501933482716e+01
4.664422734375000346e+02,-9.486856605086380512e+01
4.664425664062500232e+02,-9.155865166740211691e+01
4.664428593750000118e+02,-9.417271670004554096e+01
4.664431523437500005e+02,-8.918642674426246231e+01
4.664434453124999891e+02,-9.262003462768254280e+01
4.664437382812500346e+02,-9.006595155200241720e+01
4.664440312500000232e+02,-8.851823422676382336e+01
4.664443242187500118e+02,-8.753080229690664282e+01
4.664446171875000005e+02,-8.974099413246720758e+01
4.664449101562499891e+02,-9.337805303853744476e+01
4.664452031250000346e+02,-9.632737052352034368e+01
4.664454960937500232e+02,-8.978439770603016257e+01
4.664457890625000118e+02,-8.871611835589497730e+01
4.664460820312500005e+02,-9.165877048580472319e+01
4.664463749999999891e+02,-9.722947032729584294e+01
4.664466679687500346e+02,-9.289720853713501469e+01
4.664469609375000232e+02,-9.461125149308659843e+01
4.664472539062500118e+02,-9.741685995746129834e+01
4.664475468750000005e+02,-8.949877368744427031e+01
4.664478398437499891e+02,-8.726760339996246785e+01
4.664481328125000346e+02,-8.599195547723346067e+01
4.664484257812500232e+02,-9.885106796830035591e+01
4.664487187500000118e+02,-8.808371512834780503e+01
4.664490117187500005e+02,-8.827293334643862011e+01
4.664493046874999891e+02,-9.214443344855845908e+01
4.664495976562500346e+02,-9.218698276445684314e+01
4.664498906250000232e+02,-1.106253712939910230e+02
4.664501835937500118e+02,-9.898447616766321744e+01
4.664504765625000005e+02,-8.890706670683539414e+01
4.664507695312499891e+02,-9.162251577492637011e+01
4.664510625000000346e+02,-9.738942306488858947e+01
4.664513554687500232e+02,-8.636444692244762678e+01
4.664516484375000118e+02,-8.639511083201395536e+01
4.664519414062500005e+02,-9.282991646681509224e+01
4.664522343749999891e+02,-9.414145221577491895e+01
4.664525273437500346e+02,-1.045356761255217037e+02
4.664528203125000232e+02,-9.383117120625428242e+01
4.664531132812500118e+02,-1.161859407386461669e+02
4.664534062500000005e+02,-9.201150808385793312e+01
4.664536992187499891e+02,-9.008721777780536399e+01
4.664539921875000346e+02,-8.648626254037104388e+01
4.664542851562500232e+02,-8.794947942853292489e+01
4.664545781250000118e+02,-8.950340357455615958e+01
4.664548710937500005e+02,-9.186729075682509915e+01
4.664551640624999891e+02,-9.361458072476530390e+01
4.664554570312500346e+02,-8.695240190362525823e+01
4.664557500000000232e+02,-8.730981457111647615e+01
4.664560429687500118e+02,-9.285131437326725745e+01
4.664563359375000005e+02,-9.302143948029140574e+01
4.664566289062499891e+02,-8.943957117232862686e+01
4.664569218750000346e+02,-9.419510466663395221e+01
4.664572148437500232e+02,-1.013775544012819410e+02
4.664575078125000118e+02,-8.769353460159918257e+01
4.664578007812500005e+02,-9.113681073035807856e+01
4.664580937499999891e+02,-9.535610363315439031e+01
4.664583867187500346e+02,-8.867057253914853732e+01
4.664586796875000232e+02,-9.072272631934862375e+01
4.664589726562500118e+02,-8.536385211855233024e+01
4.664592656250000005e+02,-8.776594712558633660e+01
4.664595585937499891e+02,-9.018943806061001567e+01
4.664598515625000346e+02,-9.584418815588207963e+01
4.664601445312500232e+02,-9.433224557434877511e+01
4.664604375000000118e+02,-1.052619005831627561e+02
4.664607304687500005e+02,-1.031459824215677941e+02
4.664610234374999891e+02,-9.778141145053959349e+01
4.664613164062500346e+02,-8.941720882017465044e+01
4.664616093750000232e+02,-8.774669222456097373e+01
4.664619023437500118e+02,-8.870175950335149651e+01
4.664621953125000005e+02,-9.233811882192013343e+01
4.664624882812499891e+02,-9.069089664682026353e+01
4.664627812500000346e+02,-9.070902544746913065e+01
4.664630742187500232e+02,-9.153540273826936868e+01
4.664633671875000118e+02,-9.906326284731503051e+01
4.664636601562500005e+02,-9.322807481714905009e+01
4.664639531249999891e+02,-8.966969093049115713e+01
4.664642460937500346e+02,-9.237572521900509059e+01
4.664645390625000232e+02,-9.230236750529749656e+01
4.664648320312500118e+02,-9.124809948200926613e+01
4.664651250000000005e+02,-9.687548754915950155e+01
4.664654179687499891e+02,-9.599757852535145730e+01
4.664657109375000346e+02,-8.512577884202001144e+01
4.664660039062500232e+02,-8.539245954886649770e+01
4.664662968750000118e+02,-8.488845931094532204e+01
4.664665898437500005e+02,-8.855410771303698425e+01
4.664668828124999891e+02,-9.466402630906024740e+01
4.664671757812500346e+02,-1.109603350214274542e+02
4.664674687500000232e+02,-1.014782905522576186e+02
4.664677617187500118e+02,-9.621960668543557915e+01
4.664680546875000005e+02,-9.172234839257137651e+01
4.664683476562499891e+02,-9.961284705367633308e+01
4.664686406250000346e+02,-9.412421798736164646e+01
4.664689335937500232e+02,-9.803740587714612786e+01
4.664692265625000118e+02,-8.890869899872862447e+01
4.664695195312500005e+02,-9.668077538523448311e+01
4.664698124999999891e+02,-8.991133132512433690e+01
4.664701054687500346e+02,-9.064138905985768702e+01
4.664703984375000232e+02,-8.828816921945684726e+01
4.664706914062500118e+02,-9.673142086550981844e+01
4.664709843750000005e+02,-8.978552295810489170e+01
4.664712773437499891e+02,-8.879352083864019107e+01
4.664715703125000346e+02,-9.145082417484098869e+01
4.664718632812500232e+02,-8.785432740165754240e+01
4.664721562500000118e+02,-8.666952792292399010e+01
4.664724492187500005e+02,-9.181792787270616429e+01
4.664727421874999891e+02,-8.733467467284496877e+01
4.664730351562500346e+02,-8.951063659537632589e+01
4.664733281250000232e+02,-8.757620101396440759e+01
4.664736210937500118e+02,-8.748521394887561087e+01
4.664739140625000005e+02,-8.833170334750718666e+01
4.664742070312499891e+02,-9.272171634333999179e+01
4.664745000000000346e+02,-8.600461448019034094e+01
4.664747929687500232e+02,-8.471306359048291768e+01
4.664750859375000118e+02,-9.478420699014165507e+01
4.664753789062500005e+02,-1.003192963472253041e+02
4.664756718749999891e+02,-8.973156934092418169e+01
4.664759648437500346e+02,-9.185473822506733654e+01
4.664762578125000232e+02,-1.006100145341616638e+02
4.664765507812500118e+02,-9.499784800585574374e+01
4.664768437500000005e+02,-8.553080359576276237e+01
4.664771367187499891e+02,-8.625609075280547700e+01
4.664774296875000346e+02,-9.522325109014843747e+01
4.664777226562500232e+02,-9.162371132434250853e+01
4.664780156250000118e+02,-8.680485410136364521e+01
4.664783085937500005e+02,-9.166095085472107939e+01
4.664786015624999891e+02,-9.029668879587801200e+01
4.664788945312500346e+02,-8.787080433235827570e+01
4.664791875000000232e+02,-9.179273743699424415e+01
4.664794804687500118e+02,-8.642124998642849221e+01
4.664797734375000005e+02,-8.895776888138421157e+01
4.664800664062499891e+02,-8.972881567700267169e+01
4.664803593750000346e+02,-8.479880825942161948e+01
4.664806523437500232e+02,-8.274432307644282503e+01
4.664809453125000118e+02,-9.237048289087277908e+01
4.664812382812500005e+02,-9.313803340069527792e+01
4.664815312499999891e+02,-9.033017379564438443e+01
4.664818242187500346e+02,-9.308674878513596695e+01
4.664821171875000232e+02,-8.997526964710490915e+01
4.664824101562500118e+02,-1.013621928876182068e+02
4.664827031250000005e+02,-8.654563418324799784e+01
4.664829960937499891e+02,-8.813586722450287425e+01
4.664832890625000346e+02,-9.822830789569573540e+01
4.664835820312500232e+02,-9.159002130165718825e+01
4.664838750000000118e+02,-9.289620439086972681e+01
4.664841679687500005e+02,-9.550841682855300974e+01
4.664844609374999891e+02,-9.073656991003323924e+01
4.664847539062500346e+02,-9.111764548356221383e+01
4.664850468750000232e+02,-8.462606049910894512e+01
4.664853398437500118e+02,-8.529262826797862829e+01
4.664856328125000005e+02,-8.969867497817132573e+01
4.664859257812499891e+02,-9.337486123103353464e+01
4.664862187500000346e+02,-9.746673679457315131e+01
4.664865117187500232e+02,-8.781877660691003484e+01
4.664868046875000118e+02,-8.557310278580196439e+01
4.664870976562500005e+02,-8.468412393163580987e+01
4.664873906249999891e+02,-8.231790617902959184e+01
4.664876835937500346e+02,-8.397474189605441097e+01
4.664879765625000232e+02,-9.096291850642812449e+01
4.664882695312500118e+02,-9.144330545594620219e+01
4.664885625000000005e+02,-8.971027705427012222e+01
4.664888554687499891e+02,-1.094815447130619503e+02
4.664891484375000346e+02,-1.003531707644885529e+02
4.664894414062500232e+02,-9.201189507385434752e+01
4.664897343750000118e+02,-1.200643467115836103e+02
4.664900273437500005e+02,-8.761230722575012919e+01
4.664903203124999891e+02,-8.808260520119654302e+01
4.664906132812500346e+02,-9.290012456152645370e+01
4.664909062500000232e+02,-9.707195563677464634e+01
4.664911992187500118e+02,-9.336878068051487389e+01
4.664914921875000005e+02,-8.700167152430175577e+01
4.664917851562499891e+02,-9.210318274890838097e+01
4.664920781250000346e+02,-9.132757649398008937e+01
4.664923710937500232e+02,-9.845708071996595834e+01
4.664926640625000118e+02,-8.441822644264645703e+01
4.664929570312500005e+02,-8.479031004565413809e+01
4.664932499999999891e+02,-8.621263658219739057e+01
4.664935429687500346e+02,-8.660877348530223685e+01
4.664938359375000232e+02,-9.505563028794500724e+01
4.664941289062500118e+02,-9.266377305576702383e+01
4.664944218750000005e+02,-8.845134724657123115e+01
4.664947148437499891e+02,-8.688194078317357594e+01
4.664950078125000346e+02,-8.908217142210786221e+01
4.664953007812500232e+02,-9.712023801665353062e+01
4.664955937500000118e+02,-9.270706570177259209e+01
4.664958867187500005e+02,-1.067193142218573740e+02
4.664961796874999891e+02,-9.613710376729544294e+01
4.664964726562500346e+02,-1.008832946229760239e+02
4.664967656250000232e+02,-8.956667988279963311e+01
4.664970585937500118e+02,-8.874358972620797203e+01
4.664973515625000005e+02,-8.250008006981735775e+01
4.664976445312499891e+02,-8.097956684217324153e+01
4.664979375000000346e+02,-9.132624839391482396e+01
4.664982304687500232e+02,-9.107030275224708760e+01
4.664985234375000118e+02,-8.751014315609467076e+01
4.664988164062500005e+02,-8.837542539615854764e+01
4.664991093749999891e+02,-8.745440600139056642e+01
4.664994023437500346e+02,-8.854403926207334052e+01
4.664996953125000232e+02,-8.795852368173576963e+01
4.664999882812500118e+02,-8.787212449428398031e+01
4.665002812500000005e+02,-9.125647949231579048e+01
4.665005742187499891e+02,-1.013800727127747052e+02
4.665008671875000346e+02,-1.036534914733212247e+02
4.665011601562500232e+02,-9.036171085619700705e+01
4.665014531250000118e+02,-9.139685925754611162e+01
4.665017460937500005e+02,-8.668322825694474432e+01
4.665020390624999891e+02,-9.148558144824407634e+01
4.665023320312500346e+02,-9.662962857418901308e+01
4.665026250000000232e+02,-9.401232623225035923e+01
4.665029179687500118e+02,-8.471189671498699170e+01
4.665032109375000005e+02,-8.219285199715905321e+01
4.665035039062499891e+02,-8.607743992500044783e+01
4.665037968750000346e+02,-9.011954133519502363e+01
4.665040898437500232e+02,-8.766585020445668874e+01
4.665043828125000118e+02,-8.523026594269114753e+01
4.665046757812500005e+02,-8.596795469904172649e+01
4.665049687499999891e+02,-8.584403058037226231e+01
4.665052617187500346e+02,-8.735704737263459663e+01
4.665055546875000232e+02,-8.864145859499430458e+01
4.665058476562500118e+02,-8.450851854539722297e+01
4.665061406250000005e+02,-8.481229282738880215e+01
4.665064335937499891e+02,-8.613242265610895743e+01
4.665067265625000346e+02,-9.903252514455972744e+01
4.665070195312500232e+02,-9.048353238683770883e+01
4.665073125000000118e+02,-9.481839558976292892e+01
4.665076054687500005e+02,-9.365675171461143123e+01
4.665078984374999891e+02,-1.006006157025571213e+02
4.665081914062500346e+02,-9.960772961610163634e+01
4.665084843750000232e+02,-9.280458819464486453e+01
4.665087773437500118e+02,-9.187314718538127067e+01
4.665090703125000005e+02,-8.396805559251036755e+01
4.665093632812499891e+02,-8.519656888290199959e+01
4.665096562500000346e+02,-9.183251574547227847e+01
4.665099492187500232e+02,-9.187430008653220170e+01
4.665102421875000118e+02,-9.291533161196448987e+01
4.665105351562500005e+02,-1.053461242712050705e+02
4.665108281249999891e+02,-9.126635036579182270e+01
4.665111210937500346e+02,-8.923395385275165381e+01
4.665114140625000232e+02,-9.220169535183592302e+01
4.665117070312500118e+02,-8.841630501724205260e+01
4.665120000000000005e+02,-9.073977363925959594e+01
4.665122929687499891e+02,-9.033547307213785871e+01
4.665125859375000346e+02,-9.141964091530286396e+01
4.665128789062500232e+02,-1.071686626721078142e+02
4.665131718750000118e+02,-9.533042958830355929e+01
4.665134648437500005e+02,-1.073829287140786732e+02
4.665137578124999891e+02,-9.439481874516231130e+01
4.665140507812500346e+02,-9.443475310805581557e+01
4.665143437500000232e+02,-8.770471626832674872e+01
4.665146367187500118e+02,-8.650947333133593986e+01
4.665149296875000005e+02,-8.623774514839448102e+01
4.665152226562499891e+02,-8.564573912870342554e+01
4.665155156250000346e+02,-8.833182438847435947e+01
4.665158085937500232e+02,-9.250232287882562332e+01
4.665161015625000118e+02,-8.573846474589942090e+01
4.665163945312500005e+02,-8.504608284818641550e+01
4.665166874999999891e+02,-9.200724216944783507e+01
4.665169804687500346e+02,-9.182384282318258784e+01
4.665172734375000232e+02,-9.207135478992050537e+01
4.665175664062500118e+02,-1.064493503936001417e+02
4.665178593750000005e+02,-9.255949687582597107e+01
4.665181523437499891e+02,-9.041218745708738425e+01
4.665184453125000346e+02,-8.667931839461262200e+01
4.665187382812500232e+02,-1.002964573780726596e+02
4.665190312500000118e+02,-1.035328177500881139e+02
4.665193242187500005e+02,-9.823826676418163117e+01
4.665196171874999891e+02,-9.665448143404984194e+01
4.665199101562500346e+02,-8.885034600101649005e+01
4.665202031250000232e+02,-9.146898144551273901e+01
4.665204960937500118e+02,-9.310507913359020904e+01
4.665207890625000005e+02,-9.776383486960483538e+01
4.665210820312499891e+02,-9.142809556819236150e+01
4.665213750000000346e+02,-9.055595745816347630e+01
4.665216679687500232e+02,-8.785875688177178233e+01
4.665219609375000118e+02,-8.752791936278379126e+01
4.665222539062500005e+02,-8.509267535009391281e+01
4.665225468749999891e+02,-8.748121852445063951e+01
4.665228398437500346e+02,-9.890229719022975985e+01
4.665231328125000232e+02,-9.299412850615485127e+01
4.665234257812500118e+02,-9.782267920791638005e+01
4.665237187500000005e+02,-1.000841442507454531e+02
4.665240117187499891e+02,-9.697744478485446962e+01
4.665243046875000346e+02,-1.108296623432088950e+02
4.665245976562500232e+02,-1.075100721186902462e+02
4.665248906250000118e+02,-9.595897904830945890e+01
4.665251835937500005e+02,-8.580009612554796661e+01
4.665254765624999891e+02,-8.933470684874463075e+01
4.665257695312500346e+02,-9.313771211247411941e+01
4.665260625000000232e+02,-8.901888399712966304e+01
4.665263554687500118e+02,-9.025417001198812272e+01
4.665266484375000005e+02,-9.534079286785834029e+01
4.665269414062499891e+02,-8.999191237531833565e+01
4.665272343750000346e+02,-9.319518023789004246e+01
4.665275273437500232e+02,-8.957735825582540201e+01
4.665278203125000118e+02,-9.409529269863055845e+01
4.665281132812500005e+02,-9.660204248099091728e+01
4.665284062499999891e+02,-9.508496304198202154e+01
4.665286992187500346e+02,-9.433317896469034736e+01
4.665289921875000232e+02,-9.014727260888619753e+01
4.665292851562500118e+02,-8.746504144906936062e+01
4.665295781250000005e+02,-9.244668835295422582e+01
4.665298710937499891e+02,-9.042598642558365896e+01
4.665301640625000346e+02,-9.340331405579058810e+01
4.665304570312500232e+02,-8.933918167829523327e+01
4.665307500000000118e+02,-8.493278544745314207e+01
4.665310429687500005e+02,-8.846860074318817624e+01
4.665313359374999891e+02,-9.807047936563704127e+01
4.665316289062500346e+02,-9.161867620208398932e+01
4.665319218750000232e+02,-9.508015052252943633e+01
4.665322148437500118e+02,-1.012859759494475753e+02
4.665325078125000005e+02,-1.041760290220674960e+02
4.665328007812499891e+02,-9.316199253156854354e+01
4.665330937500000346e+02,-8.415370829527815033e+01
4.665333867187500232e+02,-8.395220931993009117e+01
4.665336796875000118e+02,-8.723913067163982760e+01
4.665339726562500005e+02,-9.814661721035456310e+01
4.665342656249999891e+02,-8.979829514303054339e+01
4.665345585937500346e+02,-8.436981123189042364e+01
4.665348515625000232e+02,-8.719254265866096887e+01
4.665351445312500118e+02,-9.057696985712128424e+01
4.665354375000000005e+02,-9.566671559974645334e+01
4.665357304687499891e+02,-9.387545678727448717e+01
4.665360234375000346e+02,-8.679388295838094791e+01
4.665363164062500232e+02,-8.332515273426595570e+01
4.665366093750000118e+02,-8.433634256523946249e+01
4.665369023437500005e+02,-1.006644051797888295e+02
4.665371953124999891e+02,-9.192271704923356879e+01
4.665374882812500346e+02,-9.425774036419272761e+01
4.665377812500000232e+02,-8.986590850392936147e+01
4.665380742187500118e+02,-8.591823351603622427e+01
4.665383671875000005e+02,-9.783512543718616428e+01
4.665386601562499891e+02,-8.920825593722511826e+01
4.665389531250000346e+02,-9.084983301473440065e+01
4.665392460937500232e+02,-9.920412188043539459e+01
4.665395390625000118e+02,-1.011750740452962702e+02
4.665398320312500005e+02,-9.691301511934278778e+01
4.665401249999999891e+02,-8.671469686950015898e+01
4.665404179687500346e+02,-9.035201756512910265e+01
4.665407109375000232e+02,-9.264431762607920007e+01
4.665410039062500118e+02,-8.938002214562148140e+01
4.665412968750000005e+02,-9.844397128287243959e+01
4.665415898437499891e+02,-9.458396595148529684e+01
4.665418828125000346e+02,-9.337253930692084225e+01
4.665421757812500232e+02,-9.189843505370787113e+01
4.665424687500000118e+02,-1.012983906343507812e+02
4.665427617187500005e+02,-9.045814307390052988e+01
4.665430546874999891e+02,-8.664495961832498949e+01
4.665433476562500346e+02,-8.792285223925557602e+01
4.665436406250000232e+02,-9.138953619390235872e+01
4.665439335937500118e+02,-8.626463822285782612e+01
4.665442265625000005e+02,-8.256593827817462738e+01
4.665445195312499891e+02,-8.053758984099323470e+01
4.665448125000000346e+02,-8.251302390872180581e+01
4.665451054687500232e+02,-8.375645776110442853e+01
4.665453984375000118e+02,-8.830225202895482539e+01
4.665456914062500005e+02,-8.928272026697312924e+01
4.665459843749999891e+02,-8.862844795261004549e+01
4.665462773437500346e+02,-8.570121475809500566e+01
4.665465703125000232e+02,-8.476182435404153637e+01
4.665468632812500118e+02,-9.631900929517202314e+01
4.665471562500000005e+02,-1.006341147953716018e+02
4.665474492187499891e+02,-8.528627200282946319e+01
4.665477421875000346e+02,-8.343472154433786159e+01
4.665480351562500232e+02,-9.068855284458888377e+01
4.665483281250000118e+02,-9.292963225837516461e+01
4.665486210937500005e+02,-8.840701591659910719e+01
4.665489140624999891e+02,-8.933838056429470953e+01
4.665492070312500346e+02,-1.116940277243708834e+02
4.665495000000000232e+02,-9.775999804305249086e+01
4.665497929687500118e+02,-9.946787125270084573e+01
4.665500859375000005e+02,-8.601343373074676890e+01
4.665503789062499891e+02,-8.647798340667125672e+01
4.665506718750000346e+02,-8.779571063602313075e+01
4.665509648437500232e+02,-8.796686245788178837e+01
4.665512578125000118e+02,-1.032963548765519732e+02
4.665515507812500005e+02,-9.333308707519670122e+01
4.665518437499999891e+02,-8.951415700151321175e+01
4.665521367187500346e+02,-9.785775943044511394e+01
4.665524296875000232e+02,-9.089983105281174858e+01
4.665527226562500118e+02,-8.779595217178982125e+01
4.665530156250000005e+02,-9.120554188047022137e+01
4.665533085937499891e+02,-8.815299996145519401e+01
4.665536015625000346e+02,-9.305480475870631096e+01
4.665538945312500232e+02,-9.305782069766672748e+01
4.665541875000000118e+02,-1.167550900046580296e+02
4.665544804687500005e+02,-8.920592988536560597e+01
4.665547734374999891e+02,-8.447520500330936954e+01
4.665550664062500346e+02,-8.193371367484432710e+01
4.665553593750000232e+02,-8.637789485437281201e+01
4.665556523437500118e+02,-8.718405273187245541e+01
4.665559453125000005e+02,-8.347968117393091347e+01
4.665562382812499891e+02,-8.781209064271402553e+01
4.665565312500000346e+02,-9.144670834053252406e+01
4.665568242187500232e+02,-8.348072607968823888e+01
4.665571171875000118e+02,-8.274527806910018057e+01
4.665574101562500005e+02,-8.665761270320423648e+01
4.665577031249999891e+02,-8.156612509495991503e+01
4.665579960937500346e+02,-8.399880879586341109e+01
4.665582890625000232e+02,-9.159801073206544686e+01
4.665585820312500118e+02,-9.047470960813416241e+01
4.665588750000000005e+02,-8.645515078170951995e+01
4.665591679687499891e+02,-8.518620762989144168e+01
4.665594609375000346e+02,-9.114133868822734996e+01
4.665597539062500232e+02,-9.376495049871931542e+01
4.665600468750000118e+02,-8.542751546696104015e+01
4.665603398437500005e+02,-8.839700763923003990e+01
4.665606328124999891e+02,-9.055940120775220237e+01
4.665609257812500346e+02,-8.741932942888453795e+01
4.665612187500000232e+02,-9.352616143067353960e+01
4.665615117187500118e+02,-9.533189050402562259e+01
4.665618046875000005e+02,-8.776723626508785969e+01
4.665620976562499891e+02,-8.879509161891741087e+01
4.665623906250000346e+02,-1.128751382750373153e+02
4.665626835937500232e+02,-8.772664206914924989e+01
4.665629765625000118e+02,-8.316334185432117465e+01
4.665632695312500005e+02,-8.501662436177973348e+01
4.665635624999999891e+02,-8.841148585376940616e+01
4.665638554687500346e+02,-8.195263762572757571e+01
4.665641484375000232e+02,-8.065827746601350157e+01
4.665644414062500118e+02,-8.607198075340150467e+01
4.665647343750000005e+02,-8.489085932797956957e+01
4.665650273437499891e+02,-8.868719221963344523e+01
4.665653203125000346e+02,-9.585944535201102212e+01
4.665656132812500232e+02,-8.782149557233918813e+01
4.665659062500000118e+02,-8.506766777216411413e+01
4.665661992187500005e+02,-8.438322620212142056e+01
4.665664921874999891e+02,-8.712326518589466673e+01
4.665667851562500346e+02,-8.748120762884346391e+01
4.665670781250000232e+02,-8.397706202995547642e+01
4.665673710937500118e+02,-8.494191982543526365e+01
4.665676640625000005e+02,-8.425067216731223141e+01
4.665679570312499891e+02,-8.852620561870585902e+01
4.665682500000000346e+02,-9.297970031255351842e+01
4.665685429687500232e+02,-9.274290636844742153e+01
4.665688359375000118e+02,-8.870492880458762386e+01
4.665691289062500005e+02,-8.820692133744296370e+01
4.665694218749999891e+02,-9.234562421403886390e+01
4.665697148437500346e+02,-9.295746707274638254e+01
4.665700078125000232e+02,-9.977545181642673811e+01
4.665703007812500118e+02,-8.843564442237968137e+01
4.665705937500000005e+02,-8.246348509926050951e+01
4.665708867187499891e+02,-8.252476865492148761e+01
4.665711796875000346e+02,-8.728969273956911934e+01
4.665714726562500232e+02,-8.539066567769515359e+01
4.665717656250000118e+02,-8.471813143286466641e+01
4.665720585937500005e+02,-9.548976525245250002e+01
4.665723515624999891e+02,-9.660332466759911085e+01
4.665726445312500346e+02,-8.743822732397336495e+01
4.665729375000000232e+02,-8.490432746880122750e+01
4.665732304687500118e+02,-8.668945922833830764e+01
4.665735234375000005e+02,-9.370139931365503116e+01
4.665738164062499891e+02,-9.297910931042895299e+01
4.665741093750000346e+02,-9.305800774418528931e+01
4.665744023437500232e+02,-9.899659289767726023e+01
4.665746953125000118e+02,-8.610980341782470759e+01
4.665749882812500005e+02,-8.337468475148035907e+01
4.665752812499999891e+02,-8.913443305634805824e+01
4.665755742187500346e+02,-9.261568815071754557e+01
4.665758671875000232e+02,-8.984565538153000830e+01
4.665761601562500118e+02,-9.396574311373700539e+01
4.665764531250000005e+02,-8.395012462552459453e+01
4.665767460937499891e+02,-8.725489742850265884e+01
4.665770390625000346e+02,-8.781266325726056721e+01
4.665773320312500232e+02,-9.531657454076520253e+01
4.665776250000000118e+02,-8.485462458279910436e+01
4.665779179687500005e+02,-8.510066950575614442e+01
4.665782109374999891e+02,-9.827416869871163385e+01
4.665785039062500346e+02,-8.876964232199173921e+01
4.665787968750000232e+02,-9.294037947305319847e+01
4.665790898437500118e+02,-8.760288041952290428e+01
4.665793828125000005e+02,-8.542987995897073006e+01
4.665796757812499891e+02,-9.591250562802943591e+01
4.665799687500000346e+02,-9.009162224387254980e+01
4.665802617187500232e+02,-9.509109889615504585e+01
4.665805546875000118e+02,-9.237128101407975578e+01
4.665808476562500005e+02,-9.084322502683895095e+01
4.665811406249999891e+02,-8.517823167431711795e+01
4.665814335937500346e+02,-8.822342745082866600e+01
4.665817265625000232e+02,-9.007678887371176302e+01
4.665820195312500118e+02,-8.578630553698317840e+01
4.665823125000000005e+02,-8.771334875629052874e+01
4.665826054687499891e+02,-8.959608775250332258e+01
4.665828984375000346e+02,-1.024428371959214843e+02
4.665831914062500232e+02,-9.900572806139862791e+01
4.665834843750000118e+02,-9.085532514437552720e+01
4.665837773437500005e+02,-9.165429126774250790e+01
4.665840703124999891e+02,-9.084501740400628478e+01
4.665843632812500346e+02,-9.787400822234133102e+01
4.665846562500000232e+02,-1.063109209611835979e+02
4.665849492187500118e+02,-9.092931356089736994e+01
4.665852421875000005e+02,-8.924192423756851156e+01
4.665855351562499891e+02,-9.607057967879109128e+01
4.665858281250000346e+02,-8.775453980980826429e+01
4.665861210937500232e+02,-8.622201716981359709e+01
4.665864140625000118e+02,-8.682060640024523934e+01
4.665867070312500005e+02,-8.749317997173221784e+01
4.665869999999999891e+02,-8.476553323887081604e+01
4.665872929687500346e+02,-9.296314604849042951e+01
4.665875859375000232e+02,-8.811314308841849652e+01
4.665878789062500118e+02,-9.359613705291577901e+01
4.665881718750000005e+02,-9.006260827785729361e+01
4.665884648437499891e+02,-8.711512020284689584e+01
4.665887578125000346e+02,-9.145750732035432407e+01
4.665890507812500232e+02,-8.456419174730150701e+01
4.665893437500000118e+02,-8.303076698543438283e+01
4.665896367187500005e+02,-9.234064991929712107e+01
4.665899296874999891e+02,-9.478425626062552567e+01
4.665902226562500346e+02,-8.840971746078633942e+01
4.665905156250000232e+02,-8.548834784458604474e+01
4.665908085937500118e+02,-9.393076284073133309e+01
4.665911015625000005e+02,-8.578935441498741454e+01
4.665913945312499891e+02,-8.815286676521762388e+01
4.665916875000000346e+02,-8.320089165825366706e+01
4.665919804687500232e+02,-8.715359789310794270e+01
4.665922734375000118e+02,-8.853738331138029594e+01
4.665925664062500005e+02,-9.422962289221869980e+01
4.665928593749999891e+02,-9.161886423564210702e+01
4.665931523437500346e+02,-8.818189150037405000e+01
4.665934453125000232e+02,-9.417669653587080347e+01
4.665937382812500118e+02,-8.624064614314703192e+01
4.665940312500000005e+02,-9.037885435264598755e+01
4.665943242187499891e+02,-9.018385772703533121e+01
4.665946171875000346e+02,-9.910506978392450605e+01
4.665949101562500232e+02,-8.529609416524998267e+01
4.665952031250000118e+02,-8.929902624699309399e+01
4.665954960937500005e+02,-9.467384291777761973e+01
4.665957890624999891e+02,-9.171700281106224395e+01
4.665960820312500346e+02,-9.298345175658184303e+01
4.665963750000000232e+02,-8.524798112918048787e+01
4.665966679687500118e+02,-8.223267772785824548e+01
4.665969609375000005e+02,-8.517150186708425963e+01
4.665972539062499891e+02,-9.307838522712386009e+01
4.665975468750000346e+02,-8.559859647390865689e+01
4.665978398437500232e+02,-8.943846399474401210e+01
4.665981328125000118e+02,-8.463845231847214734e+01
4.665984257812500005e+02,-8.774207108643709319e+01
4.665987187499999891e+02,-9.286854890735865808e+01
4.665990117187500346e+02,-9.038789702310177177e+01
4.665993046875000232e+02,-9.347462168515683345e+01
4.665995976562500118e+02,-9.223400444319922542e+01
4.665998906250000005e+02,-9.017103206315928787e+01
4.666001835937499891e+02,-9.451664099138697850e+01
4.666004765625000346e+02,-1.008756467162944972e+02
4.666007695312500232e+02,-9.368480643624606330e+01
4.666010625000000118e+02,-8.445513249480156048e+01
4.666013554687500005e+02,-8.515051343852177013e+01
4.666016484374999891e+02,-8.985861583983947298e+01
4.666019414062500346e+02,-8.264962638207077816e+01
4.666022343750000232e+02,-9.098577301932843397e+01
4.666025273437500118e+02,-8.456794790918010563e+01
4.666028203125000005e+02,-8.715941961593662768e+01
4.666031132812499891e+02,-8.494852177844764185e+01
4.666034062500000346e+02,-8.349344642795577442e+01
4.666036992187500232e+02,-8.230688129710451051e+01
4.666039921875000118e+02,-8.606278191901984087e+01
4.666042851562500005e+02,-9.244768031966336252e+01
4.666045781249999891e+02,-1.002247875490587461e+02
4.666048710937500346e+02,-9.097644193285651681e+01
4.666051640625000232e+02,-8.608940954850466198e+01
4.666054570312500118e+02,-8.920670723210167807e+01
4.666057500000000005e+02,-9.426078699030784946e+01
4.666060429687499891e+02,-9.029290173033622580e+01
4.666063359375000346e+02,-9.050187854815715127e+01
4.666066289062500232e+02,-8.828631587999900887e+01
4.666069218750000118e+02,-9.131497438072656792e+01
4.666072148437500005e+02,-8.993678924453929824e+01
4.666075078124999891e+02,-8.580047594936920063e+01
4.666078007812500346e+02,-9.229664635965939112e+01
4.666080937500000232e+02,-9.001392891754687753e+01
4.666083867187500118e+02,-9.935493969344574339e+01
4.666086796875000005e+02,-8.415126127489693886e+01
4.666089726562499891e+02,-8.339985828164380166e+01
4.666092656250000346e+02,-8.369180680961952135e+01
4.666095585937500232e+02,-8.881776696253353975e+01
4.666098515625000118e+02,-8.542981601136742142e+01
4.666101445312500005e+02,-8.598384039156725578e+01
4.666104374999999891e+02,-8.966114073719782596e+01
4.666107304687500346e+02,-8.461913068414679628e+01
4.666110234375000232e+02,-8.195752860127164752e+01
4.666113164062500118e+02,-8.372655269681493451e+01
4.666116093750000005e+02,-8.461213322542620574e+01
4.666119023437499891e+02,-8.232945449674870986e+01
4.666121953125000346e+02,-8.499871037385264572e+01
4.666124882812500232e+02,-9.390814927386330169e+01
4.666127812500000118e+02,-8.770267724264421361e+01
4.666130742187500005e+02,-8.713830646160579363e+01
4.666133671874999891e+02,-8.955651079696647798e+01
4.666136601562500346e+02,-9.214252383568309313e+01
4.666139531250000232e+02,-8.852580013223897026e+01
4.666142460937500118e+02,-8.656592294363218798e+01
4.666145390625000005e+02,-8.720510669861124597e+01
4.666148320312499891e+02,-8.682934548313505729e+01
4.666151250000000346e+02,-8.915398506151902325e+01
4.666154179687500232e+02,-8.556059216126412537e+01
4.666157109375000118e+02,-8.222887126453267115e+01
4.666160039062500005e+02,-8.083711995101705838e+01
4.666162968749999891e+02,-8.112695934983371160e+01
4.666165898437500346e+02,-8.150417817293613609e+01
4.666168828125000232e+02,-8.376012921545785161e+01
4.666171757812500118e+02,-9.196553112258015972e+01
4.666174687500000005e+02,-9.954308231175866695e+01
4.666177617187499891e+02,-9.089150996432941554e+01
4.666180546875000346e+02,-8.911938204303793043e+01
4.666183476562500232e+02,-8.738975480835111398e+01
4.666186406250000118e+02,-1.017660120445051462e+02
4.666189335937500005e+02,-9.190808515150220614e+01
4.666192265624999891e+02,-9.148012643210842043e+01
4.666195195312500346e+02,-9.271545606296294295e+01
4.666198125000000232e+02,-9.179449731624885089e+01
4.666201054687500118e+02,-8.985652409891926595e+01
4.666203984375000005e+02,-9.362718097619165292e+01
4.666206914062499891e+02,-9.336142223302752541e+01
4.666209843750000346e+02,-8.715841512169794214e+01
4.666212773437500232e+02,-8.941346890835413319e+01
4.666215703125000118e+02,-8.566087587610076071e+01
4.666218632812500005e+02,-8.251439195930061032e+01
4.666221562499999891e+02,-8.501570927083713514e+01
4.666224492187500346e+02,-8.072887524452784191e+01
4.666227421875000232e+02,-8.253428472828794327e+01
4.666230351562500118e+02,-9.252479505748181055e+01
4.666233281250000005e+02,-9.209793467094586106e+01
4.666236210937499891e+02,-8.639663042762236955e+01
4.666239140625000346e+02,-9.143261431002500217e+01
4.666242070312500232e+02,-9.120685901333786205e+01
4.666245000000000118e+02,-9.897448513752109989e+01
4.666247929687500005e+02,-9.502223941045014044e+01
4.666250859374999891e+02,-9.325191394671034573e+01
4.666253789062500346e+02,-8.997314846242485942e+01
4.666256718750000232e+02,-1.025384216368970272e+02
4.666259648437500118e+02,-9.091298076651918336e+01
4.666262578125000005e+02,-8.998835536218918207e+01
4.666265507812499891e+02,-1.167623794503005286e+02
4.666268437500000346e+02,-9.371768944188089279e+01
4.666271367187500232e+02,-1.032313699373903404e+02
4.666274296875000118e+02,-8.954414756961523381e+01
4.666277226562500005e+02,-9.215367447588997152e+01
4.666280156249999891e+02,-8.760064475514779758e+01
4.666283085937500346e+02,-9.136323871189694046e+01
4.666286015625000232e+02,-1.009526860678977869e+02
4.666288945312500118e+02,-9.620592121513652728e+01
4.666291875000000005e+02,-8.959949236147775764e+01
4.666294804687499891e+02,-1.019365056700019068e+02
4.666297734375000346e+02,-8.583923674207343879e+01
4.666300664062500232e+02,-9.094627578818790425e+01
4.666303593750000118e+02,-9.621558253785852344e+01
4.666306523437500005e+02,-9.266481344244915874e+01
4.666309453124999891e+02,-9.446625525661642087e+01
4.666312382812500346e+02,-9.416332204464417543e+01
4.666315312500000232e+02,-8.884249421397898061e+01
4.666318242187500118e+02,-9.152346231301764590e+01
4.666321171875000005e+02,-8.908684544424613705e+01
4.666324101562499891e+02,-8.758284589257890218e+01
4.666327031250000346e+02,-8.174416522950107833e+01
4.666329960937500232e+02,-8.670258817264854656e+01
4.666332890625000118e+02,-8.514990896357181782e+01
4.666335820312500005e+02,-8.679013924033078808e+01
4.666338749999999891e+02,-8.747436264282708862e+01
4.666341679687500346e+02,-9.217420767759873002e+01
4.666344609375000232e+02,-9.220560670558319316e+01
4.666347539062500118e+02,-9.145553487593699060e+01
4.666350468750000005e+02,-8.512781833571364132e+01
4.666353398437499891e+02,-8.598107499394365050e+01
4.666356328125000346e+02,-8.561160114914639507e+01
4.666359257812500232e+02,-9.094902619756439321e+01
4.666362187500000118e+02,-8.588844695610946189e+01
4.666365117187500005e+02,-8.795238150592555826e+01
4.666368046874999891e+02,-9.907620793755936006e+01
4.666370976562500346e+02,-8.842930720288954660e+01
4.666373906250000232e+02,-8.906649309807696113e+01
4.666376835937500118e+02,-9.214484219600419124e+01
4.666379765625000005e+02,-9.147927195104406906e+01
4.666382695312499891e+02,-8.566537831588691176e+01
4.666385625000000346e+02,-8.663308327454413416e+01
4.666388554687500232e+02,-9.015911616138156148e+01
4.666391484375000118e+02,-9.494022073837459175e+01
4.666394414062500005e+02,-9.020344852085082721e+01
4.666397343749999891e+02,-8.809651172091304261e+01
4.666400273437500346e+02,-9.078814115220296799e+01
4.666403203125000232e+02,-8.627909799339606423e+01
4.666406132812500118e+02,-8.316986409831835658e+01
4.666409062500000005e+02,-8.438896519834671039e+01
4.666411992187499891e+02,-8.501240079526225202e+01
4.666414921875000346e+02,-8.967295328380195940e+01
4.666417851562500232e+02,-8.607792513010667790e+01
4.666420781250000118e+02,-9.030194937933777055e+01
4.666423710937500005e+02,-8.808892315592858324e+01
4.666426640624999891e+02,-9.002676552307882218e+01
4.666429570312500346e+02,-9.992891358825899317e+01
4.666432500000000232e+02,-9.842448141246448756e+01
4.666435429687500118e+02,-9.127214379652153298e+01
4.666438359375000005e+02,-8.984895751416101461e+01
4.666441289062499891e+02,-9.169046336447165402e+01
4.666444218750000346e+02,-8.475418152215522127e+01
4.666447148437500232e+02,-8.996093783828564483e+01
4.666450078125000118e+02,-9.583881480635812977e+01
4.666453007812500005e+02,-8.938787167699793201e+01
4.666455937499999891e+02,-9.054546742164805551e+01
4.666458867187500346e+02,-8.142011631983996267e+01
4.666461796875000232e+02,-7.930787707786051044e+01
4.666464726562500118e+02,-8.560420108246131576e+01
4.666467656250000005e+02,-8.465847927127785510e+01
4.666470585937499891e+02,-8.522679084631720059e+01
4.666473515625000346e+02,-8.672345574409550295e+01
4.666476445312500232e+02,-9.040317173581387067e+01
4.666479375000000118e+02,-8.923031257315045650e+01
4.666482304687500005e+02,-8.391466610462830999e+01
4.666485234374999891e+02,-8.625585504591889219e+01
4.666488164062500346e+02,-9.646772973802418960e+01
4.666491093750000232e+02,-9.494350945449022561e+01
4.666494023437500118e+02,-9.427458149303186019e+01
4.666496953125000005e+02,-9.067661083745691997e+01
4.666499882812499891e+02,-8.953246129645069118e+01
4.666502812500000346e+02,-8.925978839172783807e+01
4.666505742187500232e+02,-9.128526793629680469e+01
4.666508671875000118e+02,-9.582746011991241630e+01
4.666511601562500005e+02,-9.319534135448185452e+01
4.666514531249999891e+02,-8.511336969878985315e+01
4.666517460937500346e+02,-8.358854951782316789e+01
4.666520390625000232e+02,-8.454083734655925753e+01
4.666523320312500118e+02,-8.243041313941121473e+01
4.666526250000000005e+02,-8.568523968639148336e+01
4.666529179687499891e+02,-9.544550328111098736e+01
4.666532109375000346e+02,-8.902990172549996828e+01
4.666535039062500232e+02,-8.281903558676255273e+01
4.666537968750000118e+02,-8.502476339671170535e+01
4.666540898437500005e+02,-8.878700698252636414e+01
4.666543828124999891e+02,-8.335115040941880693e+01
4.666546757812500346e+02,-8.929633955216567642e+01
4.666549687500000232e+02,-9.039563502220813973e+01
4.666552617187500118e+02,-8.463446548000072767e+01
4.666555546875000005e+02,-8.632913831859599441e+01
4.666558476562499891e+02,-9.158959954976218398e+01
4.666561406250000346e+02,-8.752158590231915980e+01
4.666564335937500232e+02,-8.684118953719519141e+01
4.666567265625000118e+02,-8.823319404230112184e+01
4.666570195312500005e+02,-9.002184101970581764e+01
4.666573124999999891e+02,-9.020652041326597725e+01
4.666576054687500346e+02,-8.350708808728111876e+01
4.666578984375000232e+02,-8.367708268760104318e+01
4.666581914062500118e+02,-8.794326534769773218e+01
4.666584843750000005e+02,-9.234541746431025899e+01
4.666587773437499891e+02,-8.783683911438664893e+01
4.666590703125000346e+02,-8.513967877444081012e+01
4.666593632812500232e+02,-8.324664437972914754e+01
4.666596562500000118e+02,-8.462258825375042193e+01
4.666599492187500005e+02,-8.804759649318972947e+01
4.666602421874999891e+02,-8.580699619582789239e+01
4.666605351562500346e+02,-8.564047063994557618e+01
4.666608281250000232e+02,-8.706801343243904512e+01
4.666611210937500118e+02,-1.127906065982721202e+02
4.666614140625000005e+02,-9.161185726755516612e+01
4.666617070312499891e+02,-8.905949844920931469e+01
4.666620000000000346e+02,-8.426282626764685801e+01
4.666622929687500232e+02,-8.881597871887196050e+01
4.666625859375000118e+02,-1.109907538488885734e+02
4.666628789062500005e+02,-9.392486258915864994e+01
4.666631718749999891e+02,-9.003371850507569718e+01
4.666634648437500346e+02,-1.093266507425525731e+02
4.666637578125000232e+02,-9.139200261119765401e+01
4.666640507812500118e+02,-9.078386535061514451e+01
4.666643437500000005e+02,-9.024313960697122639e+01
4.666646367187499891e+02,-8.677997185155277293e+01
4.666649296875000346e+02,-8.064642883868108925e+01
4.666652226562500232e+02,-8.077754437877803184e+01
4.666655156250000118e+02,-8.366211820351026063e+01
4.666658085937500005e+02,-8.143986879027704617e+01
4.666661015624999891e+02,-8.362680583907449261e+01
4.666663945312500346e+02,-9.302153261359131875e+01
4.666666875000000232e+02,-8.865792863729227236e+01
4.666669804687500118e+02,-9.370362257780307402e+01
4.666672734375000005e+02,-9.310886052340215713e+01
4.666675664062499891e+02,-8.651932640076810799e+01
4.666678593750000346e+02,-9.185957917603381873e+01
4.666681523437500232e+02,-9.413573279268592842e+01
4.666684453125000118e+02,-9.577237618810649167e+01
4.666687382812500005e+02,-8.639762655307552563e+01
4.666690312499999891e+02,-8.349430806452348008e+01
4.666693242187500346e+02,-8.310624534964344434e+01
4.666696171875000232e+02,-8.414490175877133993e+01
4.666699101562500118e+02,-8.888145137259189710e+01
4.666702031250000005e+02,-9.229237547513076834e+01
4.666704960937499891e+02,-9.498030094113968858e+01
4.666707890625000346e+02,-9.717019968766993543e+01
4.666710820312500232e+02,-8.911827050411528717e+01
4.666713750000000118e+02,-8.186213560689579083e+01
4.666716679687500005e+02,-9.057037169360908990e+01
4.666719609374999891e+02,-9.148097587796405605e+01
4.666722539062500346e+02,-8.846845158261322695e+01
4.666725468750000232e+02,-8.611155219275700290e+01
4.666728398437500118e+02,-8.786086349633515624e+01
4.666731328125000005e+02,-9.094817935176658352e+01
4.666734257812499891e+02,-8.857402898389739221e+01
4.666737187500000346e+02,-8.561545571644390407e+01
4.666740117187500232e+02,-8.938564945898809810e+01
4.666743046875000118e+02,-8.900967928170840082e+01
4.666745976562500005e+02,-8.435386004069667365e+01
4.666748906249999891e+02,-8.831594689347778626e+01
4.666751835937500346e+02,-9.321978612320437207e+01
4.666754765625000232e+02,-8.919169503950968192e+01
4.666757695312500118e+02,-9.353439437598792949e+01
4.666760625000000005e+02,-1.028486537038560584e+02
4.666763554687499891e+02,-9.474408138226486642e+01
4.666766484375000346e+02,-8.602653219415068975e+01
4.666769414062500232e+02,-9.079477228742254624e+01
4.666772343750000118e+02,-8.860743554483086371e+01
4.666775273437500005e+02,-8.369370529323131791e+01
4.666778203124999891e+02,-8.943571065215135718e+01
4.666781132812500346e+02,-9.750046687340130802e+01
4.666784062500000232e+02,-8.475584878706108327e+01
4.666786992187500118e+02,-8.231091163054588833e+01
4.666789921875000005e+02,-8.656858655389763157e+01
4.666792851562499891e+02,-8.291076513846849139e+01
4.666795781250000346e+02,-8.179016137147451104e+01
4.666798710937500232e+02,-8.355890124957916498e+01
4.666801640625000118e+02,-8.191059923277671828e+01
4.666804570312500005e+02,-8.657084679486871437e+01
4.666807499999999891e+02,-8.759469571388024178e+01
4.666810429687500346e+02,-8.369705563450023078e+01
4.666813359375000232e+02,-9.270409579590810267e+01
4.666816289062500118e+02,-9.206969799154732925e+01
4.666819218750000005e+02,-9.687356096872511557e+01
4.666822148437499891e+02,-8.806922651228464360e+01
4.666825078125000346e+02,-8.240829395597550899e+01
4.666828007812500232e+02,-8.230055376087793206e+01
4.666830937500000118e+02,-8.915304537243086713e+01
4.666833867187500005e+02,-9.648179358379039172e+01
4.666836796874999891e+02,-8.141685476243992525e+01
4.666839726562500346e+02,-8.019634445913915499e+01
4.666842656250000232e+02,-8.658517845323123652e+01
4.666845585937500118e+02,-8.873233146853306152e+01
4.666848515625000005e+02,-9.090656472173554903e+01
4.666851445312499891e+02,-8.568485039918128621e+01
4.666854375000000346e+02,-8.511129427585180451e+01
4.666857304687500232e+02,-9.485293085234117427e+01
4.666860234375000118e+02,-9.292734689949497806e+01
4.666863164062500005e+02,-8.826591334837324609e+01
4.666866093749999891e+02,-8.763414178265840349e+01
4.666869023437500346e+02,-8.931721063610655165e+01
4.666871953125000232e+02,-8.705503840862701281e+01
4.666874882812500118e+02,-9.039992902924143436e+01
4.666877812500000005e+02,-8.787116004885484699e+01
4.666880742187499891e+02,-8.953789996328298173e+01
4.666883671875000346e+02,-8.564733607710280694e+01
4.666886601562500232e+02,-9.172361988852162540e+01
4.666889531250000118e+02,-8.926560484973313692e+01
4.666892460937500005e+02,-8.671663252122928611e+01
4.666895390624999891e+02,-8.025717099964312240e+01
4.666898320312500346e+02,-8.076018062702254952e+01
4.666901250000000232e+02,-8.037394266285410538e+01
4.666904179687500118e+02,-8.034515286552961300e+01
4.666907109375000005e+02,-8.365351951589499890e+01
4.666910039062499891e+02,-8.832180773877584556e+01
4.666912968750000346e+02,-9.012630104327057268e+01
4.666915898437500232e+02,-9.644520351907584654e+01
4.666918828125000118e+02,-1.050540913034210462e+02
4.666921757812500005e+02,-8.837230344376908420e+01
4.666924687499999891e+02,-8.387560780428125895e+01
4.666927617187500346e+02,-8.603742748895513159e+01
4.666930546875000232e+02,-9.373878316414588596e+01
4.666933476562500118e+02,-9.233778892456567178e+01
4.666936406250000005e+02,-8.248967304087022967e+01
4.666939335937499891e+02,-8.243464753477633167e+01
4.666942265625000346e+02,-9.135796000348079815e+01
4.666945195312500232e+02,-8.910377090475526529e+01
4.666948125000000118e+02,-8.358836488778551654e+01
4.666951054687500005e+02,-8.424455157558153928e+01
4.666953984374999891e+02,-7.987063167515651685e+01
4.666956914062500346e+02,-7.509100848009785523e+01
4.666959843750000232e+02,-7.917300169940615717e+01
4.666962773437500118e+02,-8.653675850779910661e+01
4.666965703125000005e+02,-8.603511582993009199e+01
4.666968632812499891e+02,-8.256925082274776173e+01
4.666971562500000346e+02,-8.129616378427741097e+01
4.666974492187500232e+02,-8.410133574610200924e+01
4.666977421875000118e+02,-8.414282601133521666e+01
4.666980351562500005e+02,-8.746328894714851288e+01
4.666983281249999891e+02,-8.570509610567739855e+01
4.666986210937500346e+02,-8.795145906207856967e+01
4.666989140625000232e+02,-9.119673651223823185e+01
4.666992070312500118e+02,-8.594636494443460606e+01
4.666995000000000005e+02,-8.541162149138881432e+01
4.666997929687499891e+02,-8.991512247326423335e+01
4.667000859375000346e+02,-9.440396021384830760e+01
4.667003789062500232e+02,-1.005781341539200753e+02
4.667006718750000118e+02,-8.460370836968677111e+01
4.667009648437500005e+02,-8.022622930791520446e+01
4.667012578124999891e+02,-8.079652993948634787e+01
4.667015507812500346e+02,-9.045484821204162529e+01
4.667018437500000232e+02,-9.566351525024370517e+01
4.667021367187500118e+02,-9.927747665880686156e+01
4.667024296875000005e+02,-8.814777710273020261e+01
4.667027226562499891e+02,-8.033120034983210189e+01
4.667030156250000346e+02,-8.022239759587640151e+01
4.667033085937500232e+02,-8.312035600341170039e+01
4.667036015625000118e+02,-8.086303557536757580e+01
4.667038945312500005e+02,-8.413215185579416300e+01
4.667041874999999891e+02,-8.297873901659811224e+01
4.667044804687500346e+02,-8.033354855564425634e+01
4.667047734375000232e+02,-8.396240402687482174e+01
4.667050664062500118e+02,-9.859998788405626158e+01
4.667053593750000005e+02,-8.470959839643968792e+01
4.667056523437499891e+02,-8.212946055175899573e+01
4.667059453125000346e+02,-8.701096210167656864e+01
4.667062382812500232e+02,-8.440882373297468177e+01
4.667065312500000118e+02,-9.052925109374240265e+01
4.667068242187500005e+02,-8.912750474133750345e+01
4.667071171874999891e+02,-8.782938504798616464e+01
4.667074101562500346e+02,-9.790342354361258970e+01
4.667077031250000232e+02,-9.660342289840743035e+01
4.667079960937500118e+02,-7.965253161329425780e+01
4.667082890625000005e+02,-7.967639372462562619e+01
4.667085820312499891e+02,-8.318061275120567188e+01
4.667088750000000346e+02,-8.037848420656870019e+01
4.667091679687500232e+02,-7.980924987385444069e+01
4.667094609375000118e+02,-8.304158286425162316e+01
4.667097539062500005e+02,-9.159334358803691600e+01
4.667100468749999891e+02,-1.037064105371232756e+02
4.667103398437500346e+02,-8.796844474858730223e+01
4.667106328125000232e+02,-8.042025591333492684e+01
4.667109257812500118e+02,-8.152359900562274220e+01
4.667112187500000005e+02,-8.332982359937832939e+01
4.667115117187499891e+02,-8.896088336400512731e+01
4.667118046875000346e+02,-1.074501375897980751e+02
4.667120976562500232e+02,-8.317413780276996249e+01
4.667123906250000118e+02,-7.994442000058172937e+01
4.667126835937500005e+02,-8.086385800504153565e+01
4.667129765624999891e+02,-8.416500580704226309e+01
4.667132695312500346e+02,-8.416198895166124316e+01
4.667135625000000232e+02,-8.392366039174574155e+01
4.667138554687500118e+02,-8.839908969152151030e+01
4.667141484375000005e+02,-9.071561443188200258e+01
4.667144414062499891e+02,-8.592476054560839316e+01
4.667147343750000346e+02,-8.847740630729046529e+01
4.667150273437500232e+02,-8.484858920452806785e+01
4.667153203125000118e+02,-8.315031496127835453e+01
4.667156132812500005e+02,-8.873187058421646611e+01
4.667159062499999891e+02,-9.008153815273610121e+01
4.667161992187500346e+02,-8.457741021308463303e+01
4.667164921875000232e+02,-8.297956186712968929e+01
4.667167851562500118e+02,-7.837749199452576931e+01
4.667170781250000005e+02,-8.408055516593205425e+01
4.667173710937499891e+02,-9.394243653602471511e+01
4.667176640625000346e+02,-8.243453527828542349e+01
4.667179570312500232e+02,-7.904430568635406473e+01
4.667182500000000118e+02,-8.426115395837994981e+01
4.667185429687500005e+02,-8.891884325583001214e+01
4.667188359374999891e+02,-8.685587458042890319e+01
4.667191289062500346e+02,-8.854043409383100993e+01
4.667194218750000232e+02,-9.565755348645963352e+01
4.667197148437500118e+02,-8.669823658949893286e+01
4.667200078125000005e+02,-8.607250618983235313e+01
4.667203007812499891e+02,-1.011463566719716027e+02
4.667205937500000346e+02,-1.015834770094726309e+02
4.667208867187500232e+02,-8.596398801927699651e+01
4.667211796875000118e+02,-8.814755749407284213e+01
4.667214726562500005e+02,-8.321672935415008965e+01
4.667217656249999891e+02,-8.341023920003553371e+01
4.667220585937500346e+02,-8.635671862936678167e+01
4.667223515625000232e+02,-9.556674654582917583e+01
4.667226445312500118e+02,-9.008337557053525302e+01
4.667229375000000005e+02,-8.772570395579968761e+01
4.667232304687499891e+02,-9.256935924622125356e+01
4.667235234375000346e+02,-8.552526014936961474e+01
4.667238164062500232e+02,-8.207714748716819031e+01
4.667241093750000118e+02,-8.241518210901094221e+01
4.667244023437500005e+02,-9.022489839435846193e+01
4.667246953124999891e+02,-9.579562900240162548e+01
4.667249882812500346e+02,-9.090839454690618027e+01
4.667252812500000232e+02,-8.285615538971492811e+01
4.667255742187500118e+02,-8.030226309736841017e+01
4.667258671875000005e+02,-8.332055080818375359e+01
4.667261601562499891e+02,-8.198069219105383354e+01
4.667264531250000346e+02,-8.228641984244148944e+01
4.667267460937500232e+02,-8.918589654019956470e+01
4.667270390625000118e+02,-8.648827154823587193e+01
4.667273320312500005e+02,-9.045082881325241431e+01
4.667276249999999891e+02,-9.579954325873364951e+01
4.667279179687500346e+02,-8.679353519419423435e+01
4.667282109375000232e+02,-8.380192806389894145e+01
4.667285039062500118e+02,-8.658515707728099642e+01
4.667287968750000005e+02,-8.858301427315650756e+01
4.667290898437499891e+02,-9.195800048872179389e+01
4.667293828125000346e+02,-8.668141959219448722e+01
4.667296757812500232e+02,-8.440557762497577698e+01
4.667299687500000118e+02,-8.796366164914144292e+01
4.667302617187500005e+02,-9.269447517753475552e+01
4.667305546874999891e+02,-8.659208823220495788e+01
4.667308476562500346e+02,-8.428702478697955769e+01
4.667311406250000232e+02,-8.580187638936648398e+01
4.667314335937500118e+02,-1.034686731740770540e+02
4.667317265625000005e+02,-8.911998146883408367e+01
4.667320195312499891e+02,-9.181038928965863022e+01
4.667323125000000346e+02,-8.965570268993310776e+01
4.667326054687500232e+02,-8.755462608920279877e+01
4.667328984375000118e+02,-8.589752981056000181e+01
4.667331914062500005e+02,-9.289601740127187668e+01
4.667334843749999891e+02,-8.290407737824467915e+01
4.667337773437500346e+02,-8.212117974171766832e+01
4.667340703125000232e+02,-8.897267939047625873e+01
4.667343632812500118e+02,-9.240565704191445207e+01
4.667346562500000005e+02,-8.887946303356866906e+01
4.667349492187499891e+02,-8.187303761851397610e+01
4.667352421875000346e+02,-8.169541591704543748e+01
4.667355351562500232e+02,-8.348787771526335177e+01
4.667358281250000118e+02,-8.637886688453372130e+01
4.667361210937500005e+02,-8.485729430336425594e+01
4.667364140624999891e+02,-9.045959774961102084e+01
4.667367070312500346e+02,-8.704968639927515994e+01
4.667370000000000232e+02,-8.013691394852492067e+01
4.667372929687500118e+02,-8.128388922102892877e+01
4.667375859375000005e+02,-8.093948353164489617e+01
4.667378789062499891e+02,-8.184108252342112166e+01
4.667381718750000346e+02,-8.763876676269262589e+01
4.667384648437500232e+02,-8.866413955815519898e+01
4.667387578125000118e+02,-8.847828279112525252e+01
4.667390507812500005e+02,-8.304690174007377834e+01
4.667393437499999891e+02,-7.996983773183933408e+01
4.667396367187500346e+02,-8.489870963448881014e+01
4.667399296875000232e+02,-8.314860753023205575e+01
4.667402226562500118e+02,-8.290751010791092313e+01
4.667405156250000005e+02,-8.407795148446052735e+01
4.667408085937499891e+02,-8.473950069550329545e+01
4.667411015625000346e+02,-8.512719225686929292e+01
4.667413945312500232e+02,-8.753736077853189101e+01
4.667416875000000118e+02,-8.389311577038851908e+01
4.667419804687500005e+02,-8.445943515062141671e+01
4.667422734374999891e+02,-8.764566201412590374e+01
4.667425664062500346e+02,-9.024643293685687695e+01
4.667428593750000232e+02,-9.759747339652727760e+01
4.667431523437500118e+02,-8.483871244491483310e+01
4.667434453125000005e+02,-8.395880155211996509e+01
4.667437382812499891e+02,-8.849327983844256096e+01
4.667440312500000346e+02,-8.750488334437663696e+01
4.667443242187500232e+02,-7.840039743205886680e+01
4.667446171875000118e+02,-8.137076074106283841e+01
4.667449101562500005e+02,-8.473166593376932099e+01
4.667452031249999891e+02,-8.439070868885528398e+01
4.667454960937500346e+02,-9.035452725891531145e+01
4.667457890625000232e+02,-8.213027816919863255e+01
4.667460820312500118e+02,-8.332451187832887740e+01
4.667463750000000005e+02,-8.555288873526903615e+01
4.667466679687499891e+02,-8.245861125678797521e+01
4.667469609375000346e+02,-8.083659659217069304e+01
4.667472539062500232e+02,-8.210516197435119068e+01
4.667475468750000118e+02,-8.796146977814382240e+01
4.667478398437500005e+02,-7.986400318576413326e+01
4.667481328124999891e+02,-8.190366636177934367e+01
4.667484257812500346e+02,-8.560762558238354814e+01
4.667487187500000232e+02,-8.363900377817984122e+01
4.667490117187500118e+02,-9.026035839969085828e+01
4.667493046875000005e+02,-8.612223252184391242e+01
4.667495976562499891e+02,-9.226160760514254378e+01
4.667498906250000346e+02,-8.431592847889925224e+01
4.667501835937500232e+02,-8.822436976090804706e+01
4.667504765625000118e+02,-7.975744070968633537e+01
4.667507695312500005e+02,-8.246975218757617654e+01
4.667510624999999891e+02,-9.685762512407221436e+01
4.667513554687500346e+02,-8.379042693896182925e+01
4.667516484375000232e+02,-8.759652685721431453e+01
4.667519414062500118e+02,-8.445402805658972056e+01
4.667522343750000005e+02,-8.150146672778724621e+01
4.667525273437499891e+02,-7.857398420706962838e+01
4.667528203125000346e+02,-8.070378775090098600e+01
4.667531132812500232e+02,-8.634662642383372599e+01
4.667534062500000118e+02,-8.455388677152159005e+01
4.667536992187500005e+02,-8.312592850176818615e+01
4.667539921874999891e+02,-8.090567393233175153e+01
4.667542851562500346e+02,-8.593700230296943232e+01
4.667545781250000232e+02,-1.026849565148319527e+02
4.667548710937500118e+02,-8.595263083541497906e+01
4.667551640625000005e+02,-8.376086732969362458e+01
4.667554570312499891e+02,-8.706059154658578336e+01
4.667557500000000346e+02,-8.312904251542096290e+01
4.667560429687500232e+02,-8.429042655285746832e+01
4.667563359375000118e+02,-8.118102865536150148e+01
4.667566289062500005e+02,-7.905341036449632952e+01
4.667569218749999891e+02,-8.396316029172160711e+01
4.667572148437500346e+02,-8.705629461150547854e+01
4.667575078125000232e+02,-8.925543424665303860e+01
4.667578007812500118e+02,-8.730429821324773343e+01
4.667580937500000005e+02,-8.309529342406204933e+01
4.667583867187499891e+02,-8.938892950016379757e+01
4.667586796875000346e+02,-9.057047166903033997e+01
4.667589726562500232e+02,-8.782792252861541726e+01
4.667592656250000118e+02,-8.027702811373973191e+01
4.667595585937500005e+02,-7.990276512062824565e+01
4.667598515624999891e+02,-8.273169116520512034e+01
4.667601445312500346e+02,-8.505213307418321733e+01
4.667604375000000232e+02,-8.740273091681140727e+01
4.667607304687500118e+02,-9.158872146437343531e+01
4.667610234375000005e+02,-8.518507337286547454e+01
4.667613164062499891e+02,-8.579515523203993155e+01
4.667616093750000346e+02,-9.333384235205184609e+01
4.667619023437500232e+02,-8.304767983601350068e+01
4.667621953125000118e+02,-8.399377304772991693e+01
4.667624882812500005e+02,-8.385411412147517751e+01
4.667627812499999891e+02,-8.686971299569364646e+01
4.667630742187500346e+02,-1.058611693153430764e+02
4.667633671875000232e+02,-8.867024115154498531e+01
4.667636601562500118e+02,-9.621779485082079475e+01
4.667639531250000005e+02,-9.005648550679890718e+01
4.667642460937499891e+02,-9.361668755675067644e+01
4.667645390625000346e+02,-8.826588853998123341e+01
4.667648320312500232e+02,-8.269587051092153729e+01
4.667651250000000118e+02,-8.248858323215598887e+01
4.667654179687500005e+02,-8.478971701353944468e+01
4.667657109374999891e+02,-8.226868781904767047e+01
4.667660039062500346e+02,-8.869638150176189129e+01
4.667662968750000232e+02,-8.221879424780269119e+01
4.667665898437500118e+02,-7.954930650903692424e+01
4.667668828125000005e+02,-8.360186122086849991e+01
4.667671757812499891e+02,-8.595153518472606891e+01
4.667674687500000346e+02,-8.241064463440410748e+01
4.667677617187500232e+02,-7.876180055201508878e+01
4.667680546875000118e+02,-7.755493215143116004e+01
4.667683476562500005e+02,-7.966120286472951761e+01
4.667686406249999891e+02,-8.696529419636392788e+01
4.667689335937500346e+02,-9.072125568385905581e+01
4.667692265625000232e+02,-8.160715003427293368e+01
4.667695195312500118e+02,-8.011047977301225842e+01
4.667698125000000005e+02,-8.936007546416118430e+01
4.667701054687499891e+02,-9.189633519899074088e+01
4.667703984375000346e+02,-1.019375023393872084e+02
4.667706914062500232e+02,-9.682621783272280425e+01
4.667709843750000118e+02,-9.142894853209858752e+01
4.667712773437500005e+02,-8.528389592116575102e+01
4.667715703124999891e+02,-8.635945791116012060e+01
4.667718632812500346e+02,-9.341794380222857797e+01
4.667721562500000232e+02,-9.175494781759041985e+01
4.667724492187500118e+02,-9.072528466714503281e+01
4.667727421875000005e+02,-8.952514370326022686e+01
4.667730351562499891e+02,-9.765490186942862749e+01
4.667733281250000346e+02,-9.861134910652975805e+01
4.667736210937500232e+02,-9.379529913440501332e+01
4.667739140625000118e+02,-9.363997934399877465e+01
4.667742070312500005e+02,-9.005432025727033363e+01
4.667744999999999891e+02,-8.915736769766958503e+01
4.667747929687500346e+02,-8.341491167850395527e+01
4.667750859375000232e+02,-8.034883381764217347e+01
4.667753789062500118e+02,-8.880536762867868106e+01
4.667756718750000005e+02,-8.390927390211295744e+01
4.667759648437499891e+02,-9.232205097652908421e+01
4.667762578125000346e+02,-8.646184788782488795e+01
4.667765507812500232e+02,-9.224873950436705172e+01
4.667768437500000118e+02,-9.122522451245777120e+01
4.667771367187500005e+02,-8.738961757294822519e+01
4.667774296874999891e+02,-9.266714216976347984e+01
4.667777226562500346e+02,-9.120342881524075551e+01
4.667780156250000232e+02,-9.413792822701468310e+01
4.667783085937500118e+02,-8.638018284325696072e+01
4.667786015625000005e+02,-8.893559500089965297e+01
4.667788945312499891e+02,-8.964999288318909976e+01
4.667791875000000346e+02,-9.254954374685570428e+01
4.667794804687500232e+02,-8.269382010484295620e+01
4.667797734375000118e+02,-8.302150152403272898e+01
4.667800664062500005e+02,-9.989950616044639276e+01
4.667803593749999891e+02,-9.201129795640687803e+01
4.667806523437500346e+02,-9.563302309055788442e+01
4.667809453125000232e+02,-8.409371350109763910e+01
4.667812382812500118e+02,-8.567990094707778326e+01
4.667815312500000005e+02,-9.521950212431151783e+01
4.667818242187499891e+02,-8.780580905703811823e+01
4.667821171875000346e+02,-8.798309535858537345e+01
4.667824101562500232e+02,-1.049660061354493052e+02
4.667827031250000118e+02,-8.866608239927811042e+01
4.667829960937500005e+02,-8.832008578825734446e+01
4.667832890624999891e+02,-8.660768055677033317e+01
4.667835820312500346e+02,-8.668682656215443671e+01
4.667838750000000232e+02,-1.012228377751680455e+02
4.667841679687500118e+02,-9.069439998407075620e+01
4.667844609375000005e+02,-8.944675761924224844e+01
4.667847539062499891e+02,-9.055900353801668246e+01
4.667850468750000346e+02,-8.617798237668128536e+01
4.667853398437500232e+02,-1.032447581444315574e+02
4.667856328125000118e+02,-8.718947551582618871e+01
4.667859257812500005e+02,-8.847261211675811410e+01
4.667862187499999891e+02,-8.593102474352399156e+01
4.667865117187500346e+02,-8.148432107722675255e+01
4.667868046875000232e+02,-8.365636219822094688e+01
4.667870976562500118e+02,-8.376663622995093306e+01
4.667873906250000005e+02,-8.372660435305473925e+01
4.667876835937499891e+02,-8.116753386337325082e+01
4.667879765625000346e+02,-8.278287773434131225e+01
4.667882695312500232e+02,-8.504072531850275141e+01
4.667885625000000118e+02,-8.412145894757003362e+01
4.667888554687500005e+02,-8.947591521359004219e+01
4.667891484374999891e+02,-8.929197189255241085e+01
4.667894414062500346e+02,-9.811849191025163464e+01
4.667897343750000232e+02,-8.472881917287374165e+01
4.667900273437500118e+02,-8.971152283015896955e+01
4.667903203125000005e+02,-8.780477934361746861e+01
4.667906132812499891e+02,-8.352558422394588433e+01
4.667909062500000346e+02,-8.568692611651628965e+01
4.667911992187500232e+02,-8.855631793253698447e+01
4.667914921875000118e+02,-8.942626487539735081e+01
4.667917851562500005e+02,-8.283298195455463997e+01
4.667920781249999891e+02,-8.744231392219947452e+01
4.667923710937500346e+02,-8.735487383904619207e+01
4.667926640625000232e+02,-8.536186005125551901e+01
4.667929570312500118e+02,-8.894729982631321263e+01
4.667932500000000005e+02,-9.045044317705847448e+01
4.667935429687499891e+02,-8.942624338121076732e+01
4.667938359375000346e+02,-8.109721967812760113e+01
4.667941289062500232e+02,-8.057407071252880826e+01
4.667944218750000118e+02,-9.907258647864738066e+01
4.667947148437500005e+02,-8.323672273142683764e+01
4.667950078124999891e+02,-9.501901771028431654e+01
4.667953007812500346e+02,-8.692725471952061866e+01
4.667955937500000232e+02,-9.209905861879207123e+01
4.667958867187500118e+02,-8.851048409835159703e+01
4.667961796875000005e+02,-9.019241809072556748e+01
4.667964726562499891e+02,-9.264755844844542310e+01
4.667967656250000346e+02,-8.541507956172449667e+01
4.667970585937500232e+02,-9.067669385790645720e+01
4.667973515625000118e+02,-8.411769912672092175e+01
4.667976445312500005e+02,-8.191524981635886604e+01
4.667979374999999891e+02,-8.881836705456051106e+01
4.667982304687500346e+02,-8.801763005582989763e+01
4.667985234375000232e+02,-8.289561160236621618e+01
4.667988164062500118e+02,-8.672537760054768796e+01
4.667991093750000005e+02,-8.346223534986114601e+01
4.667994023437499891e+02,-7.879040435101344997e+01
4.667996953125000346e+02,-7.996872318138375135e+01
4.667999882812500232e+02,-8.282270185911954741e+01
4.668002812500000118e+02,-9.035790633203481548e+01
4.668005742187500005e+02,-8.759774582592237380e+01
4.668008671874999891e+02,-8.205661356568353426e+01
4.668011601562500346e+02,-8.893246105670128543e+01
4.668014531250000232e+02,-9.526085493527082804e+01
4.668017460937500118e+02,-1.013595723791427616e+02
4.668020390625000005e+02,-9.228542369048892624e+01
4.668023320312499891e+02,-9.063819400581287766e+01
4.668026250000000346e+02,-9.479308365578984308e+01
4.668029179687500232e+02,-8.585936308967377784e+01
4.668032109375000118e+02,-8.718785709441057463e+01
4.668035039062500005e+02,-8.784801566522264693e+01
4.668037968749999891e+02,-8.434164449066707903e+01
4.668040898437500346e+02,-8.739851248207600065e+01
4.668043828125000232e+02,-9.080694132427240106e+01
4.668046757812500118e+02,-8.608302650710838577e+01
4.668049687500000005e+02,-9.548899603492398569e+01
4.668052617187499891e+02,-8.741256508961535587e+01
4.668055546875000346e+02,-8.182886926533242899e+01
4.668058476562500232e+02,-8.200085865746817149e+01
4.668061406250000118e+02,-9.800173453406020485e+01
4.668064335937500005e+02,-9.771721054086157210e+01
4.668067265624999891e+02,-8.557542479074251673e+01
4.668070195312500346e+02,-8.275028184270527731e+01
4.668073125000000232e+02,-8.767123637527554081e+01
4.668076054687500118e+02,-8.944607599073484039e+01
4.668078984375000005e+02,-8.502175101247584621e+01
4.668081914062499891e+02,-7.902855893607886628e+01
4.668084843750000346e+02,-8.166088064235682964e+01
4.668087773437500232e+02,-8.581969140491693793e+01
4.668090703125000118e+02,-8.263524646734495605e+01
4.668093632812500005e+02,-8.284478332390082755e+01
4.668096562499999891e+02,-8.963244037713621992e+01
4.668099492187500346e+02,-9.183691038261984829e+01
4.668102421875000232e+02,-7.902370754614024406e+01
4.668105351562500118e+02,-7.919843498245471380e+01
4.668108281250000005e+02,-8.069143992539592602e+01
4.668111210937499891e+02,-8.018452159025102333e+01
4.668114140625000346e+02,-8.046601122847256704e+01
4.668117070312500232e+02,-7.883781828584534423e+01
4.668120000000000118e+02,-7.905813663720627460e+01
4.668122929687500005e+02,-8.348068097681965583e+01
4.668125859374999891e+02,-9.090272149429843296e+01
4.668128789062500346e+02,-8.773881143589585463e+01
4.668131718750000232e+02,-8.585965167253331742e+01
4.668134648437500118e+02,-8.133912021207224541e+01
4.668137578125000005e+02,-8.185585113477827690e+01
4.668140507812499891e+02,-8.513991626291884529e+01
4.668143437500000346e+02,-8.913683306401962625e+01
4.668146367187500232e+02,-8.629149108350263475e+01
4.668149296875000118e+02,-8.252181675075702572e+01
4.668152226562500005e+02,-9.342452743869829135e+01
4.668155156249999891e+02,-9.347890735172852317e+01
4.668158085937500346e+02,-8.233026191255822823e+01
4.668161015625000232e+02,-7.802988208492354261e+01
4.668163945312500118e+02,-8.316266126650842239e+01
4.668166875000000005e+02,-8.969961369356654757e+01
4.668169804687499891e+02,-9.599331315445297719e+01
4.668172734375000346e+02,-8.022955206938686956e+01
4.668175664062500232e+02,-8.584130949851873993e+01
4.668178593750000118e+02,-8.898460775960924707e+01
4.668181523437500005e+02,-8.108076525004932478e+01
4.668184453124999891e+02,-7.727176167552451602e+01
4.668187382812500346e+02,-8.039661128381320054e+01
4.668190312500000232e+02,-8.267473318734653276e+01
4.668193242187500118e+02,-8.366810190706442540e+01
4.668196171875000005e+02,-8.278040565703869902e+01
4.668199101562499891e+02,-8.494444570421528340e+01
4.668202031250000346e+02,-8.952775850688101400e+01
4.668204960937500232e+02,-8.591307589925166610e+01
4.668207890625000118e+02,-9.313402647543495050e+01
4.668210820312500005e+02,-8.307131235818799553e+01
4.668213749999999891e+02,-8.562348186301073838e+01
4.668216679687500346e+02,-8.369738020976741666e+01
4.668219609375000232e+02,-8.819066347046742749e+01
4.668222539062500118e+02,-8.202876422853543659e+01
4.668225468750000005e+02,-8.050748034976243162e+01
4.668228398437499891e+02,-8.658687979839343996e+01
4.668231328125000346e+02,-8.521904753485081585e+01
4.668234257812500232e+02,-8.312079712146682198e+01
4.668237187500000118e+02,-9.697805705293568224e+01
4.668240117187500005e+02,-8.719884407226717826e+01
4.668243046874999891e+02,-8.326377280300704342e+01
4.668245976562500346e+02,-7.980788230727388566e+01
4.668248906250000232e+02,-8.844815668146260634e+01
4.668251835937500118e+02,-8.377888487645267901e+01
4.668254765625000005e+02,-8.092960797272469620e+01
4.668257695312499891e+02,-8.085786186008581922e+01
4.668260625000000346e+02,-8.082528846267635458e+01
4.668263554687500232e+02,-7.817118498978754815e+01
4.668266484375000118e+02,-7.633510623666404626e+01
4.668269414062500005e+02,-8.008879726461699988e+01
4.668272343749999891e+02,-9.015869947685180819e+01
4.668275273437500346e+02,-8.479638746457968068e+01
4.668278203125000232e+02,-8.164132599894209363e+01
4.668281132812500118e+02,-8.268432401921791097e+01
4.668284062500000005e+02,-8.657565549731161525e+01
4.668286992187499891e+02,-9.081539877904913283e+01
4.668289921875000346e+02,-9.449005305264476817e+01
4.668292851562500232e+02,-8.707154700612660747e+01
4.668295781250000118e+02,-8.109764648194293102e+01
4.668298710937500005e+02,-8.097632263323015422e+01
4.668301640624999891e+02,-8.229511849765000875e+01
4.668304570312500346e+02,-8.527655950445749511e+01
4.668307500000000232e+02,-8.648238414863648416e+01
4.668310429687500118e+02,-8.225657773378077309e+01
4.668313359375000005e+02,-8.502244553332943156e+01
4.668316289062499891e+02,-8.456165128357343974e+01
4.668319218750000346e+02,-8.117587302823156392e+01
4.668322148437500232e+02,-8.346887467208088651e+01
4.668325078125000118e+02,-8.086588895511135888e+01
4.668328007812500005e+02,-8.063811265478372547e+01
4.668330937499999891e+02,-8.134654120526062115e+01
4.668333867187500346e+02,-8.487500913262259417e+01
4.668336796875000232e+02,-8.473241958099885096e+01
4.668339726562500118e+02,-8.062505546126494949e+01
4.668342656250000005e+02,-8.208864620377480037e+01
4.668345585937499891e+02,-8.518066294956665274e+01
4.668348515625000346e+02,-8.814312716819431159e+01
4.668351445312500232e+02,-8.470240800488357991e+01
4.668354375000000118e+02,-8.155792233684472592e+01
4.668357304687500005e+02,-8.558171709331965360e+01
4.668360234374999891e+02,-8.131450812170477604e+01
4.668363164062500346e+02,-7.833226631514540372e+01
4.668366093750000232e+02,-8.980921137315208114e+01
4.668369023437500118e+02,-8.650900138311158116e+01
4.668371953125000005e+02,-9.215903623958324431e+01
4.668374882812499891e+02,-8.475169701886757423e+01
4.668377812500000346e+02,-9.953127802744421615e+01
4.668380742187500232e+02,-8.480537868771503440e+01
4.668383671875000118e+02,-8.558581233045707393e+01
4.668386601562500005e+02,-8.867965896873995746e+01
4.668389531249999891e+02,-8.828831709489662671e+01
4.668392460937500346e+02,-1.026775077637987863e+02
4.668395390625000232e+02,-9.657313173012126128e+01
4.668398320312500118e+02,-8.306267838094100853e+01
4.668401250000000005e+02,-8.271775180429499130e+01
4.668404179687499891e+02,-8.356880238212198719e+01
4.668407109375000346e+02,-7.879031449261334785e+01
4.668410039062500232e+02,-8.085060704842675250e+01
4.668412968750000118e+02,-8.620100177347077874e+01
4.668415898437500005e+02,-8.088318916266462111e+01
4.668418828124999891e+02,-8.053093909460513089e+01
4.668421757812500346e+02,-8.169930454633490058e+01
4.668424687500000232e+02,-8.397672503704757219e+01
4.668427617187500118e+02,-8.067009165117779901e+01
4.668430546875000005e+02,-8.330546074525400968e+01
4.668433476562499891e+02,-8.671342291421242976e+01
4.668436406250000346e+02,-8.126146522259946892e+01
4.668439335937500232e+02,-8.873058763954945505e+01
4.668442265625000118e+02,-8.942685461245234535e+01
4.668445195312500005e+02,-8.330995526638466231e+01
4.668448124999999891e+02,-9.558214366349822910e+01
4.668451054687500346e+02,-8.279765140053454786e+01
4.668453984375000232e+02,-8.993460219649961118e+01
4.668456914062500118e+02,-9.309666054113590405e+01
4.668459843750000005e+02,-9.219322857096805990e+01
4.668462773437499891e+02,-8.458090513090567697e+01
4.668465703125000346e+02,-8.339567277736443884e+01
4.668468632812500232e+02,-9.018112983725588094e+01
4.668471562500000118e+02,-9.336307970198932082e+01
4.668474492187500005e+02,-9.205636310625946805e+01
4.668477421874999891e+02,-8.395820635387502762e+01
4.668480351562500346e+02,-8.197019609259660911e+01
4.668483281250000232e+02,-8.323552374666961384e+01
4.668486210937500118e+02,-8.338843514709995475e+01
4.668489140625000005e+02,-8.098650857297431571e+01
4.668492070312499891e+02,-8.136518669359901423e+01
4.668495000000000346e+02,-9.428353285377943394e+01
4.668497929687500232e+02,-8.632711952673696487e+01
4.668500859375000118e+02,-9.881695883763214283e+01
4.668503789062500005e+02,-9.043369437926750720e+01
4.668506718749999891e+02,-8.550648809119599036e+01
4.668509648437500346e+02,-9.178488287288926983e+01
4.668512578125000232e+02,-8.856427243028483076e+01
4.668515507812500118e+02,-8.915713336470255967e+01
4.668518437500000005e+02,-1.050309926494889936e+02
4.668521367187499891e+02,-8.759326496826503217e+01
4.668524296875000346e+02,-7.945451360785820327e+01
4.668527226562500232e+02,-7.907587566029796733e+01
4.668530156250000118e+02,-8.555600549932776744e+01
4.668533085937500005e+02,-9.325747672064439087e+01
4.668536015624999891e+02,-8.713769269002632711e+01
4.668538945312500346e+02,-8.134152305902796343e+01
4.668541875000000232e+02,-8.603819192443626207e+01
4.668544804687500118e+02,-8.231120557867808429e+01
4.668547734375000005e+02,-8.456510299194640368e+01
4.668550664062499891e+02,-9.943727481547395541e+01
4.668553593750000346e+02,-8.259430932810778359e+01
4.668556523437500232e+02,-9.753111091293256152e+01
4.668559453125000118e+02,-8.994167685586511141e+01
4.668562382812500005e+02,-8.773691518377029297e+01
4.668565312499999891e+02,-9.566751734261315221e+01
4.668568242187500346e+02,-8.451877814966186975e+01
4.668571171875000232e+02,-8.266386322288254007e+01
4.668574101562500118e+02,-9.122552156739793361e+01
4.668577031250000005e+02,-8.118098351932550827e+01
4.668579960937499891e+02,-8.002107681942413819e+01
4.668582890625000346e+02,-1.010805464329504986e+02
4.668585820312500232e+02,-8.580439414112271379e+01
4.668588750000000118e+02,-9.248881803667279655e+01
4.668591679687500005e+02,-9.002740193081993425e+01
4.668594609374999891e+02,-8.095402297191255059e+01
4.668597539062500346e+02,-8.139904793083425716e+01
4.668600468750000232e+02,-8.854039265250554536e+01
4.668603398437500118e+02,-8.063272164023786104e+01
4.668606328125000005e+02,-7.647151952465395652e+01
4.668609257812499891e+02,-7.946528225828978975e+01
4.668612187500000346e+02,-9.515920725183181617e+01
4.668615117187500232e+02,-8.691109917401874441e+01
4.668618046875000118e+02,-9.291974191084176482e+01
4.668620976562500005e+02,-8.352113906147289413e+01
4.668623906249999891e+02,-8.149668075504479248e+01
4.668626835937500346e+02,-8.459575136904621218e+01
4.668629765625000232e+02,-9.438038274779813719e+01
4.668632695312500118e+02,-9.380424174116780023e+01
4.668635625000000005e+02,-8.783788693008547455e+01
4.668638554687499891e+02,-8.218250965911637707e+01
4.668641484375000346e+02,-7.966635382506729002e+01
4.668644414062500232e+02,-8.750742889664738300e+01
4.668647343750000118e+02,-8.827722533815709482e+01
4.668650273437500005e+02,-8.598941409446085515e+01
4.668653203124999891e+02,-8.776867531145695978e+01
4.668656132812500346e+02,-8.286358606299479845e+01
4.668659062500000232e+02,-7.809096516961841417e+01
4.668661992187500118e+02,-7.885264780388554584e+01
4.668664921875000005e+02,-8.489984634932268648e+01
4.668667851562499891e+02,-8.049326666142641784e+01
4.668670781250000346e+02,-7.881893861507697352e+01
4.668673710937500232e+02,-9.767654679869022516e+01
4.668676640625000118e+02,-7.975742301356245889e+01
4.668679570312500005e+02,-7.879883979559636487e+01
4.668682499999999891e+02,-8.591706103058513122e+01
4.668685429687500346e+02,-8.555983900085216476e+01
4.668688359375000232e+02,-8.350671873683560875e+01
4.668691289062500118e+02,-9.086918829950904808e+01
4.668694218750000005e+02,-8.245231002055676583e+01
4.668697148437499891e+02,-8.324808957804913234e+01
4.668700078125000346e+02,-9.753025597070620734e+01
4.668703007812500232e+02,-9.098549649684544249e+01
4.668705937500000118e+02,-9.138079089038875225e+01
4.668708867187500005e+02,-7.938736784120901291e+01
4.668711796874999891e+02,-7.492937935767260171e+01
4.668714726562500346e+02,-7.498738676267289804e+01
4.668717656250000232e+02,-7.715515339916349546e+01
4.668720585937500118e+02,-7.925663148703968375e+01
4.668723515625000005e+02,-8.233478444896734061e+01
4.668726445312499891e+02,-9.400478920771095659e+01
4.668729375000000346e+02,-8.437435211682542047e+01
4.668732304687500232e+02,-8.051598948575372106e+01
4.668735234375000118e+02,-8.091902064539493722e+01
4.668738164062500005e+02,-8.598324175814920522e+01
4.668741093749999891e+02,-8.930241788612292453e+01
4.668744023437500346e+02,-8.044361937070337376e+01
4.668746953125000232e+02,-8.219448714003718237e+01
4.668749882812500118e+02,-8.663443992139102079e+01
4.668752812500000005e+02,-8.231651646335092209e+01
4.668755742187499891e+02,-7.778651388533909028e+01
4.668758671875000346e+02,-7.947310443959096915e+01
4.668761601562500232e+02,-9.018303282406600374e+01
4.668764531250000118e+02,-8.372451540527627856e+01
4.668767460937500005e+02,-8.643087458006769452e+01
4.668770390624999891e+02,-8.917444750852649804e+01
4.668773320312500346e+02,-8.250018646592651805e+01
4.668776250000000232e+02,-8.305462066869532123e+01
4.668779179687500118e+02,-8.556110033633815704e+01
4.668782109375000005e+02,-8.703356943069397289e+01
4.668785039062499891e+02,-8.610110142501206099e+01
4.668787968750000346e+02,-8.290097396330871504e+01
4.668790898437500232e+02,-8.211289151579678958e+01
4.668793828125000118e+02,-8.704054764921137632e+01
4.668796757812500005e+02,-7.988394947679454106e+01
4.668799687499999891e+02,-8.342573140642596741e+01
4.668802617187500346e+02,-8.636685570198842754e+01
4.668805546875000232e+02,-8.328368994254230984e+01
4.668808476562500118e+02,-9.176845186785004671e+01
4.668811406250000005e+02,-8.693971263220879564e+01
4.668814335937499891e+02,-8.238572960235217124e+01
4.668817265625000346e+02,-8.925253073847113683e+01
4.668820195312500232e+02,-8.353868227017683523e+01
4.668823125000000118e+02,-7.909021728419543251e+01
4.668826054687500005e+02,-8.474320522705427550e+01
4.668828984374999891e+02,-9.202118408558284557e+01
4.668831914062500346e+02,-9.335510841820627093e+01
4.668834843750000232e+02,-8.618468303125382590e+01
4.668837773437500118e+02,-8.237531489654872985e+01
4.668840703125000005e+02,-8.024156406154040155e+01
4.668843632812499891e+02,-8.074588768727704746e+01
4.668846562500000346e+02,-8.077422100720427522e+01
4.668849492187500232e+02,-7.789543090236156786e+01
4.668852421875000118e+02,-7.808419464010880517e+01
4.668855351562500005e+02,-8.916536873783117301e+01
4.668858281249999891e+02,-9.275146691401891985e+01
4.668861210937500346e+02,-8.177882690620521089e+01
4.668864140625000232e+02,-8.200416681009473052e+01
4.668867070312500118e+02,-8.760439566359268326e+01
4.668870000000000005e+02,-8.649574624560639791e+01
4.668872929687499891e+02,-8.465406837392799844e+01
4.668875859375000346e+02,-8.666367441522460524e+01
4.668878789062500232e+02,-8.594481149647593554e+01
4.668881718750000118e+02,-8.574333773289593807e+01
4.668884648437500005e+02,-9.317450113285006807e+01
4.668887578124999891e+02,-9.688918464053469393e+01
4.668890507812500346e+02,-8.753557330699155159e+01
4.668893437500000232e+02,-8.219534318772197423e+01
4.668896367187500118e+02,-7.964992629998732809e+01
4.668899296875000005e+02,-8.457328804638146380e+01
4.668902226562499891e+02,-8.066464446612809525e+01
4.668905156250000346e+02,-8.479566777746401840e+01
4.668908085937500232e+02,-8.756707913185780967e+01
4.668911015625000118e+02,-9.010681567288914096e+01
4.668913945312500005e+02,-8.707695933743202943e+01
4.668916874999999891e+02,-8.637606565460018260e+01
4.668919804687500346e+02,-8.080808333970468027e+01
4.668922734375000232e+02,-8.283253791450076164e+01
4.668925664062500118e+02,-8.533186748821358947e+01
4.668928593750000005e+02,-8.122766010590252961e+01
4.668931523437499891e+02,-8.104317998739489326e+01
4.668934453125000346e+02,-8.099022616026088883e+01
4.668937382812500232e+02,-8.181856483423253223e+01
4.668940312500000118e+02,-8.259202597095450926e+01
4.668943242187500005e+02,-8.361799633346514327e+01
4.668946171874999891e+02,-8.757650197779491918e+01
4.668949101562500346e+02,-9.540734236213197050e+01
4.668952031250000232e+02,-8.719708096104898232e+01
4.668954960937500118e+02,-8.893056521800608039e+01
4.668957890625000005e+02,-8.212767013909369496e+01
4.668960820312499891e+02,-8.110663059631669114e+01
4.668963750000000346e+02,-9.494823605840528558e+01
4.668966679687500232e+02,-1.028727837963460559e+02
4.668969609375000118e+02,-9.236131794341643797e+01
4.668972539062500005e+02,-8.025022214859122016e+01
4.668975468749999891e+02,-8.058438206623380040e+01
4.668978398437500346e+02,-8.605676074441842616e+01
4.668981328125000232e+02,-8.564315576342710301e+01
4.668984257812500118e+02,-9.123680819210807158e+01
4.668987187500000005e+02,-8.469559818401117468e+01
4.668990117187499891e+02,-8.218739898488577467e+01
4.668993046875000346e+02,-8.401061099286239653e+01
4.668995976562500232e+02,-8.540363165955201907e+01
4.668998906250000118e+02,-8.097049521794851046e+01
4.669001835937500005e+02,-7.962049350998618991e+01
4.669004765624999891e+02,-8.652098906381888810e+01
4.669007695312500346e+02,-9.044798477848841856e+01
4.669010625000000232e+02,-8.072388727524476337e+01
4.669013554687500118e+02,-8.117848957511675678e+01
4.669016484375000005e+02,-8.322758522176881968e+01
4.669019414062499891e+02,-7.859927494735374864e+01
4.669022343750000346e+02,-8.058320084392062199e+01
4.669025273437500232e+02,-8.771099154263721687e+01
4.669028203125000118e+02,-8.505602645230422354e+01
4.669031132812500005e+02,-8.792087815272955709e+01
4.669034062499999891e+02,-8.679817912235948540e+01
4.669036992187500346e+02,-8.792661073361713875e+01
4.669039921875000232e+02,-8.311224452918621353e+01
4.669042851562500118e+02,-8.271320507276563205e+01
4.669045781250000005e+02,-8.255504497092951510e+01
4.669048710937499891e+02,-8.607125195150982222e+01
4.669051640625000346e+02,-8.168540350102264824e+01
4.669054570312500232e+02,-7.976817000321740636e+01
4.669057500000000118e+02,-8.074335086776038395e+01
4.669060429687500005e+02,-8.327135166189371773e+01
4.669063359374999891e+02,-9.024613840887016636e+01
4.669066289062500346e+02,-8.641858083052764528e+01
4.669069218750000232e+02,-8.845631103690971031e+01
4.669072148437500118e+02,-1.017225828227744273e+02
4.669075078125000005e+02,-8.485119544634413558e+01
4.669078007812499891e+02,-8.698262931929816943e+01
4.669080937500000346e+02,-8.419137642247068243e+01
4.669083867187500232e+02,-8.715848697366521947e+01
4.669086796875000118e+02,-8.858349697277279233e+01
4.669089726562500005e+02,-8.309350878798205997e+01
4.669092656249999891e+02,-8.137510254048264358e+01
4.669095585937500346e+02,-8.110768579623834285e+01
4.669098515625000232e+02,-9.810532628210928863e+01
4.669101445312500118e+02,-8.742911647309945522e+01
4.669104375000000005e+02,-8.354921886657913888e+01
4.669107304687499891e+02,-8.142991720109546350e+01
4.669110234375000346e+02,-8.497969882230285066e+01
4.669113164062500232e+02,-9.113701290293346347e+01
4.669116093750000118e+02,-9.590832418912040680e+01
4.669119023437500005e+02,-8.637200445576849006e+01
4.669121953124999891e+02,-7.721841704255774630e+01
4.669124882812500346e+02,-8.011615014033743876e+01
4.669127812500000232e+02,-8.240728583886303227e+01
4.669130742187500118e+02,-8.098680278788796727e+01
4.669133671875000005e+02,-8.387368624152246355e+01
4.669136601562499891e+02,-8.607174717014467547e+01
4.669139531250000346e+02,-8.149053962435283438e+01
4.669142460937500232e+02,-8.652465321664323028e+01
4.669145390625000118e+02,-8.658472764685231482e+01
4.669148320312500005e+02,-8.251014060035674902e+01
4.669151249999999891e+02,-9.979967003239096357e+01
4.669154179687500346e+02,-8.426422439929896768e+01
4.669157109375000232e+02,-1.119247631541900887e+02
4.669160039062500118e+02,-8.107247413862479846e+01
4.669162968750000005e+02,-8.168371715808504518e+01
4.669165898437499891e+02,-8.402520891157217875e+01
4.669168828125000346e+02,-8.536870969671761600e+01
4.669171757812500232e+02,-8.944123231618426928e+01
4.669174687500000118e+02,-8.073312616901307592e+01
4.669177617187500005e+02,-8.142653708500274945e+01
4.669180546874999891e+02,-7.798444548852940272e+01
4.669183476562500346e+02,-8.026913452988686970e+01
4.669186406250000232e+02,-8.178923460875283524e+01
4.669189335937500118e+02,-8.089850204099019493e+01
4.669192265625000005e+02,-8.096059944050279000e+01
4.669195195312499891e+02,-8.776815708469888477e+01
4.669198125000000346e+02,-8.869878965041614549e+01
4.669201054687500232e+02,-8.195168486848268685e+01
4.669203984375000118e+02,-8.468965342313380518e+01
4.669206914062500005e+02,-1.029474039804192103e+02
4.669209843749999891e+02,-8.567585280066811038e+01
4.669212773437500346e+02,-8.233360954782818908e+01
4.669215703125000232e+02,-8.212882575528584539e+01
4.669218632812500118e+02,-8.699496973899024965e+01
4.669221562500000005e+02,-8.783957450451464410e+01
4.669224492187499891e+02,-8.888197831248561442e+01
4.669227421875000346e+02,-8.639413191913072865e+01
4.669230351562500232e+02,-9.018480307426530374e+01
4.669233281250000118e+02,-9.120048209393560512e+01
4.669236210937500005e+02,-9.539301859547622087e+01
4.669239140624999891e+02,-8.639959595995779296e+01
4.669242070312500346e+02,-8.174621766980622795e+01
4.669245000000000232e+02,-7.757216564096368927e+01
4.669247929687500118e+02,-7.930888694913349468e+01
4.669250859375000005e+02,-8.217072881803160556e+01
4.669253789062499891e+02,-8.412652473276773435e+01
4.669256718750000346e+02,-8.365616368008292625e+01
4.669259648437500232e+02,-1.019301669736948810e+02
4.669262578125000118e+02,-8.266289143415150420e+01
4.669265507812500005e+02,-8.148334102935785950e+01
4.669268437499999891e+02,-8.908774424724846597e+01
4.669271367187500346e+02,-8.780726687399207719e+01
4.669274296875000232e+02,-8.626087384329483143e+01
4.669277226562500118e+02,-8.396378072696991524e+01
4.669280156250000005e+02,-8.129783313181945914e+01
4.669283085937499891e+02,-7.901995646497995551e+01
4.669286015625000346e+02,-8.057621419256710737e+01
4.669288945312500232e+02,-9.216515211913750250e+01
4.669291875000000118e+02,-8.849689304858445382e+01
4.669294804687500005e+02,-9.135634136265581162e+01
4.669297734374999891e+02,-8.106218617568343632e+01
4.669300664062500346e+02,-8.579080471134366803e+01
4.669303593750000232e+02,-8.359286720638885981e+01
4.669306523437500118e+02,-8.050367462423501763e+01
4.669309453125000005e+02,-8.777165459835211436e+01
4.669312382812499891e+02,-8.396529554809171714e+01
4.669315312500000346e+02,-8.190063846647127832e+01
4.669318242187500232e+02,-8.611915325941185984e+01
4.669321171875000118e+02,-9.194184469750726407e+01
4.669324101562500005e+02,-8.145117671115113467e+01
4.669327031249999891e+02,-8.118590697851480797e+01
4.669329960937500346e+02,-8.161894107442554969e+01
4.669332890625000232e+02,-8.056077736381450904e+01
4.669335820312500118e+02,-8.329799154728968347e+01
4.669338750000000005e+02,-8.692501622710759079e+01
4.669341679687499891e+02,-9.381492385462406958e+01
4.669344609375000346e+02,-8.654846958618783503e+01
4.669347539062500232e+02,-8.830097682866426112e+01
4.669350468750000118e+02,-1.016965308271492319e+02
4.669353398437500005e+02,-9.458275791719556480e+01
4.669356328124999891e+02,-1.027587059933025557e+02
4.669359257812500346e+02,-8.470068954267054551e+01
4.669362187500000232e+02,-8.501659537595006100e+01
4.669365117187500118e+02,-8.910740813655212378e+01
4.669368046875000005e+02,-8.412314859987665727e+01
4.669370976562499891e+02,-8.643698703380718484e+01
4.669373906250000346e+02,-8.587725856586504847e+01
4.669376835937500232e+02,-8.398812683892154496e+01
4.669379765625000118e+02,-8.020780047300783622e+01
4.669382695312500005e+02,-8.156074016577825603e+01
4.669385624999999891e+02,-8.670608511589101397e+01
4.669388554687500346e+02,-8.674592145049471981e+01
4.669391484375000232e+02,-8.711402060909247780e+01
4.669394414062500118e+02,-1.021027638002737490e+02
4.669397343750000005e+02,-9.618002928745212898e+01
4.669400273437499891e+02,-8.987719196074471029e+01
4.669403203125000346e+02,-8.682416349211935369e+01
4.669406132812500232e+02,-8.306203447689668451e+01
4.669409062500000118e+02,-8.132540547807261078e+01
4.669411992187500005e+02,-8.678319298499694412e+01
4.669414921874999891e+02,-8.396179140519532780e+01
4.669417851562500346e+02,-8.555330695701121613e+01
4.669420781250000232e+02,-8.286507540205704458e+01
4.669423710937500118e+02,-8.577493972381168419e+01
4.669426640625000005e+02,-9.136827623313905633e+01
4.669429570312499891e+02,-8.044772967808378894e+01
4.669432500000000346e+02,-7.728341315464469119e+01
4.669435429687500232e+02,-7.842796036837168572e+01
4.669438359375000118e+02,-8.055311779589530374e+01
4.669441289062500005e+02,-8.245984024061905870e+01
4.669444218749999891e+02,-8.383072953302232122e+01
4.669447148437500346e+02,-8.438975120792234463e+01
4.669450078125000232e+02,-9.064280791875616217e+01
4.669453007812500118e+02,-9.086372405833601817e+01
4.669455937500000005e+02,-8.195941382294751065e+01
4.669458867187499891e+02,-8.005174577870067765e+01
4.669461796875000346e+02,-8.742313553754337363e+01
4.669464726562500232e+02,-8.874215313846475794e+01
4.669467656250000118e+02,-8.507633186837520611e+01
4.669470585937500005e+02,-8.806378893671464425e+01
4.669473515624999891e+02,-8.789931423501235486e+01
4.669476445312500346e+02,-8.385697120067888477e+01
4.669479375000000232e+02,-8.500293726824503437e+01
4.669482304687500118e+02,-8.545719661989485871e+01
4.669485234375000005e+02,-8.066765654835229782e+01
4.669488164062499891e+02,-7.863737892638954463e+01
4.669491093750000346e+02,-7.731261487358416673e+01
4.669494023437500232e+02,-8.351938401012557733e+01
4.669496953125000118e+02,-8.979783183381996992e+01
4.669499882812500005e+02,-1.068538710794028503e+02
4.669502812499999891e+02,-8.985346259495710797e+01
4.669505742187500346e+02,-8.390898730389318416e+01
4.669508671875000232e+02,-8.232576908230151957e+01
4.669511601562500118e+02,-8.160032422771465122e+01
4.669514531250000005e+02,-8.043871121459410745e+01
4.669517460937499891e+02,-8.071087240352602521e+01
4.669520390625000346e+02,-8.490429344212137153e+01
4.669523320312500232e+02,-8.376830699938832936e+01
4.669526250000000118e+02,-7.898842492026251705e+01
4.669529179687500005e+02,-7.653108590500360719e+01
4.669532109374999891e+02,-8.114490801461114700e+01
4.669535039062500346e+02,-9.316323790433821728e+01
4.669537968750000232e+02,-8.637908212128408536e+01
4.669540898437500118e+02,-8.619907880594176675e+01
4.669543828125000005e+02,-7.813963700881328123e+01
4.669546757812499891e+02,-8.366990684656641974e+01
4.669549687500000346e+02,-8.879450103268474948e+01
4.669552617187500232e+02,-8.684540575210776581e+01
4.669555546875000118e+02,-8.111707453355290909e+01
4.669558476562500005e+02,-7.736136283895561405e+01
4.669561406249999891e+02,-8.534373828137537998e+01
4.669564335937500346e+02,-8.773717878434703721e+01
4.669567265625000232e+02,-7.974459129676604618e+01
4.669570195312500118e+02,-7.830699247870458635e+01
4.669573125000000005e+02,-7.886082567166153012e+01
4.669576054687499891e+02,-7.558036973649346635e+01
4.669578984375000346e+02,-7.694114865612667131e+01
4.669581914062500232e+02,-8.092501921794259090e+01
4.669584843750000118e+02,-8.295588409189767276e+01
4.669587773437500005e+02,-8.499079841683905556e+01
4.669590703124999891e+02,-8.226404276006562100e+01
4.669593632812500346e+02,-8.355730936557623068e+01
4.669596562500000232e+02,-8.590108200007703942e+01
4.669599492187500118e+02,-9.300431278792176215e+01
4.669602421875000005e+02,-8.330242968613598009e+01
4.669605351562499891e+02,-8.416966465469405989e+01
4.669608281250000346e+02,-8.522023940080163129e+01
4.669611210937500232e+02,-8.414536358933193583e+01
4.669614140625000118e+02,-8.156485967967230977e+01
4.669617070312500005e+02,-8.849599136181375059e+01
4.669619999999999891e+02,-8.195178833217235592e+01
4.669622929687500346e+02,-8.592170664917983913e+01
4.669625859375000232e+02,-8.957935609490718321e+01
4.669628789062500118e+02,-9.310189848295003401e+01
4.669631718750000005e+02,-7.696852005256032214e+01
4.669634648437499891e+02,-7.500678633716231047e+01
4.669637578125000346e+02,-7.896714932328337966e+01
4.669640507812500232e+02,-8.269593092663762945e+01
4.669643437500000118e+02,-7.822200938854210506e+01
4.669646367187500005e+02,-8.118739623667795513e+01
4.669649296874999891e+02,-8.654187058737673510e+01
4.669652226562500346e+02,-8.659459409207285319e+01
4.669655156250000232e+02,-8.913482090443970662e+01
4.669658085937500118e+02,-8.658744547212295117e+01
4.669661015625000005e+02,-8.439137478428273198e+01
4.669663945312499891e+02,-8.176272602496611341e+01
4.669666875000000346e+02,-8.005528069052738260e+01
4.669669804687500232e+02,-8.301777035613102385e+01
4.669672734375000118e+02,-8.335912027480713959e+01
4.669675664062500005e+02,-7.833358924136257428e+01
4.669678593749999891e+02,-7.768310083313755854e+01
4.669681523437500346e+02,-8.542583414967745625e+01
4.669684453125000232e+02,-8.342189922042754802e+01
4.669687382812500118e+02,-1.106857493400205499e+02
4.669690312500000005e+02,-8.530859641307679908e+01
4.669693242187499891e+02,-8.132455311986694824e+01
4.669696171875000346e+02,-7.764229201689008164e+01
4.669699101562500232e+02,-7.662782671494591114e+01
4.669702031250000118e+02,-8.478406378502819507e+01
4.669704960937500005e+02,-8.475601688306247183e+01
4.669707890624999891e+02,-8.278827807155522578e+01
4.669710820312500346e+02,-9.015762741836547889e+01
4.669713750000000232e+02,-9.617847827933729832e+01
4.669716679687500118e+02,-8.638523151822118962e+01
4.669719609375000005e+02,-8.904015506361386656e+01
4.669722539062499891e+02,-8.699088945880075130e+01
4.669725468750000346e+02,-9.169211070515002859e+01
4.669728398437500232e+02,-9.403151876891141114e+01
4.669731328125000118e+02,-8.026108990165064938e+01
4.669734257812500005e+02,-8.194857137029636363e+01
4.669737187499999891e+02,-9.197948880426326923e+01
4.669740117187500346e+02,-8.209629936286776797e+01
4.669743046875000232e+02,-8.601687746576091342e+01
4.669745976562500118e+02,-8.377609750237618869e+01
4.669748906250000005e+02,-8.428320451289904724e+01
4.669751835937499891e+02,-8.287271550246650520e+01
4.669754765625000346e+02,-8.409340319805872355e+01
4.669757695312500232e+02,-8.520565601092498298e+01
4.669760625000000118e+02,-9.047110489022422541e+01
4.669763554687500005e+02,-8.206488555473353586e+01
4.669766484374999891e+02,-7.859249657798483213e+01
4.669769414062500346e+02,-7.749893020825417977e+01
4.669772343750000232e+02,-7.862880045019616659e+01
4.669775273437500118e+02,-8.279821673436677543e+01
4.669778203125000005e+02,-8.933635568114895875e+01
4.669781132812499891e+02,-8.658682501040897250e+01
4.669784062500000346e+02,-8.491221831545300347e+01
4.669786992187500232e+02,-8.573053057492674611e+01
4.669789921875000118e+02,-1.025227627261318588e+02
4.669792851562500005e+02,-8.902574484796764409e+01
4.669795781249999891e+02,-8.247098029661250962e+01
4.669798710937500346e+02,-9.254121612153420529e+01
4.669801640625000232e+02,-9.179341204671770527e+01
4.669804570312500118e+02,-8.835472993717664281e+01
4.669807500000000005e+02,-8.687754836215341925e+01
4.669810429687499891e+02,-9.301078731552608758e+01
4.669813359375000346e+02,-8.245597596701402665e+01
4.669816289062500232e+02,-8.521083815602558786e+01
4.669819218750000118e+02,-8.761493406956327590e+01
4.669822148437500005e+02,-8.366959720443553294e+01
4.669825078124999891e+02,-8.504167319432161776e+01
4.669828007812500346e+02,-8.412175502689271411e+01
4.669830937500000232e+02,-8.850355834636087593e+01
4.669833867187500118e+02,-8.750253252447916452e+01
4.669836796875000005e+02,-9.132893458775509998e+01
4.669839726562499891e+02,-8.240756017785426479e+01
4.669842656250000346e+02,-8.029474091829912652e+01
4.669845585937500232e+02,-8.456337951440276868e+01
4.669848515625000118e+02,-9.298121741494712467e+01
4.669851445312500005e+02,-9.045103429367759418e+01
4.669854374999999891e+02,-8.054318498875423415e+01
4.669857304687500346e+02,-8.658128026915935038e+01
4.669860234375000232e+02,-8.593022041077405504e+01
4.669863164062500118e+02,-7.914506378003098064e+01
4.669866093750000005e+02,-8.154862895276382062e+01
4.669869023437499891e+02,-8.750625162682182179e+01
4.669871953125000346e+02,-9.022064488490372014e+01
4.669874882812500232e+02,-8.511924575007125782e+01
4.669877812500000118e+02,-8.632028803052227772e+01
4.669880742187500005e+02,-9.863653831401173022e+01
4.669883671874999891e+02,-8.537306622213475293e+01
4.669886601562500346e+02,-8.624177021027173851e+01
4.669889531250000232e+02,-9.019324524924971342e+01
4.669892460937500118e+02,-8.783168248343622508e+01
4.669895390625000005e+02,-8.995386047827308573e+01
4.669898320312499891e+02,-8.246472786864246984e+01
4.669901250000000346e+02,-8.906899455030961121e+01
4.669904179687500232e+02,-8.935148461018327737e+01
4.669907109375000118e+02,-8.657153716049896275e+01
4.669910039062500005e+02,-8.690032525449792900e+01
4.669912968749999891e+02,-8.669266804086342404e+01
4.669915898437500346e+02,-8.991763270006424591e+01
4.669918828125000232e+02,-8.239463515470824007e+01
4.669921757812500118e+02,-8.018063119006654915e+01
4.669924687500000005e+02,-7.912623477247767312e+01
4.669927617187499891e+02,-8.609517490069117684e+01
4.669930546875000346e+02,-8.326037607760343917e+01
4.669933476562500232e+02,-8.457710161248971303e+01
4.669936406250000118e+02,-8.852541292387482486e+01
4.669939335937500005e+02,-9.144831594861878443e+01
4.669942265624999891e+02,-1.052078391024257797e+02
4.669945195312500346e+02,-9.034608765204886538e+01
4.669948125000000232e+02,-1.142057128630453633e+02
4.669951054687500118e+02,-8.525627737956050112e+01
4.669953984375000005e+02,-8.428487116991004768e+01
4.669956914062499891e+02,-7.943635941981972337e+01
4.669959843750000346e+02,-8.221171808104267598e+01
4.669962773437500232e+02,-8.044094321030445371e+01
4.669965703125000118e+02,-7.880797715516970925e+01
4.669968632812500005e+02,-7.955572031633754193e+01
4.669971562499999891e+02,-9.030246771593178323e+01
4.669974492187500346e+02,-8.544235803261669560e+01
4.669977421875000232e+02,-9.777156156298644873e+01
4.669980351562500118e+02,-8.720728837940248468e+01
4.669983281250000005e+02,-8.344884053054327921e+01
4.669986210937499891e+02,-8.310063628927181867e+01
4.669989140625000346e+02,-8.395345454743318214e+01
4.669992070312500232e+02,-8.907099099091857397e+01
4.669995000000000118e+02,-8.556009332222228636e+01
4.669997929687500005e+02,-9.002565895310621613e+01
4.670000859374999891e+02,-8.806645900621938949e+01
4.670003789062500346e+02,-9.523041353412949661e+01
4.670006718750000232e+02,-8.363054113023707714e+01
4.670009648437500118e+02,-8.731493283429600183e+01
4.670012578125000005e+02,-8.468561669863595398e+01
4.670015507812499891e+02,-8.148681212532893881e+01
4.670018437500000346e+02,-7.998854641764073392e+01
4.670021367187500232e+02,-7.838934409432995665e+01
4.670024296875000118e+02,-7.522097067182738783e+01
4.670027226562500005e+02,-7.499510073287878242e+01
4.670030156249999891e+02,-8.160925244635400588e+01
4.670033085937500346e+02,-8.884404082636761757e+01
4.670036015625000232e+02,-8.036595507342616429e+01
4.670038945312500118e+02,-7.879915263149990778e+01
4.670041875000000005e+02,-8.214634122603007427e+01
4.670044804687499891e+02,-9.177865508972251973e+01
4.670047734375000346e+02,-9.188962389646883366e+01
4.670050664062500232e+02,-8.702469991209207478e+01
4.670053593750000118e+02,-7.883180749275565802e+01
4.670056523437500005e+02,-8.020595332296642255e+01
4.670059453124999891e+02,-8.253561396920716220e+01
4.670062382812500346e+02,-8.790657753467668556e+01
4.670065312500000232e+02,-7.922272812465779168e+01
4.670068242187500118e+02,-8.133354571306794867e+01
4.670071171875000005e+02,-9.014187599166378106e+01
4.670074101562499891e+02,-8.403287781373947496e+01
4.670077031250000346e+02,-7.839264982282205096e+01
4.670079960937500232e+02,-7.983559348029010039e+01
4.670082890625000118e+02,-8.176928919960234055e+01
4.670085820312500005e+02,-8.158468348450634267e+01
4.670088749999999891e+02,-8.647605313724945120e+01
4.670091679687500346e+02,-9.298949881353708236e+01
4.670094609375000232e+02,-8.592002017712130169e+01
4.670097539062500118e+02,-8.430654177500360902e+01
4.670100468750000005e+02,-9.245084382550977864e+01
4.670103398437499891e+02,-8.273120356990963842e+01
4.670106328125000346e+02,-8.699750806842742179e+01
4.670109257812500232e+02,-7.933801547203374582e+01
4.670112187500000118e+02,-7.739105927341489632e+01
4.670115117187500005e+02,-9.099771610211263351e+01
4.670118046874999891e+02,-8.362542301796923994e+01
4.670120976562500346e+02,-7.977700493362492296e+01
4.670123906250000232e+02,-7.664263623217547661e+01
4.670126835937500118e+02,-7.629974727707181614e+01
4.670129765625000005e+02,-7.976003630799399957e+01
4.670132695312499891e+02,-7.867562782167223645e+01
4.670135625000000346e+02,-8.309880589178300170e+01
4.670138554687500232e+02,-8.459821117664482415e+01
4.670141484375000118e+02,-7.983054986697291611e+01
4.670144414062500005e+02,-8.263139535186327578e+01
4.670147343749999891e+02,-8.220681340633660739e+01
4.670150273437500346e+02,-8.268871390506426167e+01
4.670153203125000232e+02,-9.142899024447410739e+01
4.670156132812500118e+02,-8.355230229402438624e+01
4.670159062500000005e+02,-9.689174695217987221e+01
4.670161992187499891e+02,-8.509847154505419553e+01
4.670164921875000346e+02,-8.123519327546345892e+01
4.670167851562500232e+02,-8.031561834653129495e+01
4.670170781250000118e+02,-8.001773503567854107e+01
4.670173710937500005e+02,-8.024769162732667382e+01
4.670176640624999891e+02,-8.111195719172657448e+01
4.670179570312500346e+02,-9.617755618672559592e+01
4.670182500000000232e+02,-8.016979137389984089e+01
4.670185429687500118e+02,-8.162921612386362824e+01
4.670188359375000005e+02,-8.120865505475856594e+01
4.670191289062499891e+02,-8.147827228343450656e+01
4.670194218750000346e+02,-8.454630797443718393e+01
4.670197148437500232e+02,-8.676697516974866176e+01
4.670200078125000118e+02,-9.064045932193482713e+01
4.670203007812500005e+02,-9.100093800540679467e+01
4.670205937499999891e+02,-9.412885554333726645e+01
4.670208867187500346e+02,-9.039554110194839609e+01
4.670211796875000232e+02,-8.320284076006603868e+01
4.670214726562500118e+02,-8.115602963042155693e+01
4.670217656250000005e+02,-8.261777672213136725e+01
4.670220585937499891e+02,-8.377518407124058797e+01
4.670223515625000346e+02,-8.605104477317540557e+01
4.670226445312500232e+02,-8.372952645990034171e+01
4.670229375000000118e+02,-7.992056916438708924e+01
4.670232304687500005e+02,-8.511507140026003526e+01
4.670235234374999891e+02,-9.052153102249477001e+01
4.670238164062500346e+02,-8.575607075879746333e+01
4.670241093750000232e+02,-9.254006838157758352e+01
4.670244023437500118e+02,-8.763235358308975265e+01
4.670246953125000005e+02,-8.522147901805629999e+01
4.670249882812499891e+02,-8.152805527765707438e+01
4.670252812500000346e+02,-7.838873585221058704e+01
4.670255742187500232e+02,-8.160137527756285181e+01
4.670258671875000118e+02,-9.306576952705954398e+01
4.670261601562500005e+02,-1.098175073696983475e+02
4.670264531249999891e+02,-1.103965803161169248e+02
4.670267460937500346e+02,-8.317509333582343345e+01
4.670270390625000232e+02,-8.456171157629945867e+01
4.670273320312500118e+02,-8.104999612860356706e+01
4.670276250000000005e+02,-7.750880629778768593e+01
4.670279179687499891e+02,-8.311259794618381136e+01
4.670282109375000346e+02,-9.174081003605991214e+01
4.670285039062500232e+02,-8.221822458729798200e+01
4.670287968750000118e+02,-8.428963184097588623e+01
4.670290898437500005e+02,-9.960357395020096760e+01
4.670293828124999891e+02,-9.266188504099700651e+01
4.670296757812500346e+02,-8.280351087206403804e+01
4.670299687500000232e+02,-7.893166542197161561e+01
4.670302617187500118e+02,-8.201795683770681933e+01
4.670305546875000005e+02,-8.414268485238355311e+01
4.670308476562499891e+02,-9.150679732705225433e+01
4.670311406250000346e+02,-8.907169288038417676e+01
4.670314335937500232e+02,-8.608812300062199085e+01
4.670317265625000118e+02,-8.616664148704538206e+01
4.670320195312500005e+02,-8.486653410254672281e+01
4.670323124999999891e+02,-8.585907008735587453e+01
4.670326054687500346e+02,-8.685393088977400566e+01
4.670328984375000232e+02,-1.014104364900718451e+02
4.670331914062500118e+02,-8.469621675343866229e+01
4.670334843750000005e+02,-8.579379122967318949e+01
4.670337773437499891e+02,-8.820402391314097201e+01
4.670340703125000346e+02,-8.736382284295957845e+01
4.670343632812500232e+02,-8.928436918884143836e+01
4.670346562500000118e+02,-8.759312315140769556e+01
4.670349492187500005e+02,-9.421640494292495305e+01
4.670352421874999891e+02,-8.391851355257102796e+01
4.670355351562500346e+02,-8.036238847814402675e+01
4.670358281250000232e+02,-8.346221293741521663e+01
4.670361210937500118e+02,-8.728852660958574461e+01
4.670364140625000005e+02,-8.278776958197414615e+01
4.670367070312499891e+02,-8.250466356359218878e+01
4.670370000000000346e+02,-8.153798035139192280e+01
4.670372929687500232e+02,-8.909304719518486593e+01
4.670375859375000118e+02,-8.658973864657659192e+01
4.670378789062500005e+02,-8.329111278089469295e+01
4.670381718749999891e+02,-8.046105024470304556e+01
4.670384648437500346e+02,-8.465888839077982198e+01
4.670387578125000232e+02,-8.935852511585343905e+01
4.670390507812500118e+02,-8.492229125723176253e+01
4.670393437500000005e+02,-8.708538638808930443e+01
4.670396367187499891e+02,-8.384624191159730344e+01
4.670399296875000346e+02,-8.558994156077079651e+01
4.670402226562500232e+02,-8.332876176688188252e+01
4.670405156250000118e+02,-8.162093752045043971e+01
4.670408085937500005e+02,-8.197287477428463376e+01
4.670411015624999891e+02,-8.122225507389515542e+01
4.670413945312500346e+02,-8.316557010576718767e+01
4.670416875000000232e+02,-7.947683330447190997e+01
4.670419804687500118e+02,-8.286275293902315298e+01
4.670422734375000005e+02,-8.613586084351304351e+01
4.670425664062499891e+02,-8.413115593639213330e+01
4.670428593750000346e+02,-9.137316714164674636e+01
4.670431523437500232e+02,-8.474885912110153185e+01
4.670434453125000118e+02,-8.534419208168328908e+01
4.670437382812500005e+02,-9.351505869894162970e+01
4.670440312499999891e+02,-8.622979815065988873e+01
4.670443242187500346e+02,-7.891233087157560533e+01
4.670446171875000232e+02,-8.525578654072752727e+01
4.670449101562500118e+02,-8.651524971341154924e+01
4.670452031250000005e+02,-9.010667246747878778e+01
4.670454960937499891e+02,-8.572579590508239278e+01
4.670457890625000346e+02,-8.302394183203055888e+01
4.670460820312500232e+02,-8.901209459252467582e+01
4.670463750000000118e+02,-9.707373675966033488e+01
4.670466679687500005e+02,-8.556529511733430127e+01
4.670469609374999891e+02,-8.629824209912223409e+01
4.670472539062500346e+02,-7.885786525419274540e+01
4.670475468750000232e+02,-7.550203182364543864e+01
4.670478398437500118e+02,-7.694324210619089399e+01
4.670481328125000005e+02,-8.958591636660440827e+01
4.670484257812499891e+02,-8.544366134158481429e+01
4.670487187500000346e+02,-8.398199898103671046e+01
4.670490117187500232e+02,-8.252807816820556752e+01
4.670493046875000118e+02,-9.758332336237299387e+01
4.670495976562500005e+02,-8.677315990167909376e+01
4.670498906249999891e+02,-8.646088285992286160e+01
4.670501835937500346e+02,-8.660802033981170212e+01
4.670504765625000232e+02,-8.639433110853502740e+01
4.670507695312500118e+02,-8.391292977668483388e+01
4.670510625000000005e+02,-8.283786203173404772e+01
4.670513554687499891e+02,-8.258605852814470438e+01
4.670516484375000346e+02,-8.776073538403126406e+01
4.670519414062500232e+02,-8.794449446828144801e+01
4.670522343750000118e+02,-9.049507200543899899e+01
4.670525273437500005e+02,-8.269006252828553727e+01
4.670528203124999891e+02,-8.256088693345444085e+01
4.670531132812500346e+02,-8.821472239415400907e+01
4.670534062500000232e+02,-8.366761204844453914e+01
4.670536992187500118e+02,-7.856746963045462451e+01
4.670539921875000005e+02,-7.719881271949348900e+01
4.670542851562499891e+02,-8.117062690460787167e+01
4.670545781250000346e+02,-8.424129669883461702e+01
4.670548710937500232e+02,-8.286054612131302122e+01
4.670551640625000118e+02,-7.836384107795495879e+01
4.670554570312500005e+02,-7.993752321050018850e+01
4.670557499999999891e+02,-8.038657505253745228e+01
4.670560429687500346e+02,-8.007342849981657196e+01
4.670563359375000232e+02,-8.055816226507283773e+01
4.670566289062500118e+02,-8.377267924600842264e+01
4.670569218750000005e+02,-7.695802741130003710e+01
4.670572148437499891e+02,-7.614094764833608053e+01
4.670575078125000346e+02,-7.946309701999049935e+01
4.670578007812500232e+02,-8.715899421289491045e+01
4.670580937500000118e+02,-9.283483689347855261e+01
4.670583867187500005e+02,-8.053946806698677108e+01
4.670586796874999891e+02,-8.105789789088866826e+01
4.670589726562500346e+02,-7.957036071367630825e+01
4.670592656250000232e+02,-8.343423702007629572e+01
4.670595585937500118e+02,-8.870294365343988829e+01
4.670598515625000005e+02,-8.320685800069918514e+01
4.670601445312499891e+02,-8.585427353130091888e+01
4.670604375000000346e+02,-9.162042200906854816e+01
4.670607304687500232e+02,-8.714159680492043947e+01
4.670610234375000118e+02,-7.905424821252975676e+01
4.670613164062500005e+02,-7.946397350192532372e+01
4.670616093749999891e+02,-8.359815680722033449e+01
4.670619023437500346e+02,-8.434147312513186989e+01
4.670621953125000232e+02,-8.210699020594212527e+01
4.670624882812500118e+02,-7.709456613952445991e+01
4.670627812500000005e+02,-7.682149285533705552e+01
4.670630742187499891e+02,-9.150344367539034351e+01
4.670633671875000346e+02,-8.793779042798229284e+01
4.670636601562500232e+02,-9.205324983426605456e+01
4.670639531250000118e+02,-8.422658223407617584e+01
4.670642460937500005e+02,-7.875578155193858265e+01
4.670645390624999891e+02,-7.983744258939692884e+01
4.670648320312500346e+02,-8.164786789227963482e+01
4.670651250000000232e+02,-8.856890772508960197e+01
4.670654179687500118e+02,-9.236493427179121340e+01
4.670657109375000005e+02,-8.631398199296646112e+01
4.670660039062499891e+02,-8.792799063989113506e+01
4.670662968750000346e+02,-7.742753511040000092e+01
4.670665898437500232e+02,-8.019588057381847079e+01
4.670668828125000118e+02,-9.141116994420706021e+01
4.670671757812500005e+02,-8.514692032935150223e+01
4.670674687499999891e+02,-8.049994149136024646e+01
4.670677617187500346e+02,-7.954163517761016067e+01
4.670680546875000232e+02,-8.468996072675994924e+01
4.670683476562500118e+02,-7.987985048723172099e+01
4.670686406250000005e+02,-7.932923203017145397e+01
4.670689335937499891e+02,-7.686415450745170119e+01
4.670692265625000346e+02,-8.683313131288252862e+01
4.670695195312500232e+02,-8.921992502229261390e+01
4.670698125000000118e+02,-9.500033179841432229e+01
4.670701054687500005e+02,-8.728422116297511479e+01
4.670703984374999891e+02,-8.929776266580384458e+01
4.670706914062500346e+02,-8.899089513254268979e+01
4.670709843750000232e+02,-8.866721754781180209e+01
4.670712773437500118e+02,-8.412954951874814924e+01
4.670715703125000005e+02,-8.495969097477554044e+01
4.670718632812499891e+02,-8.804911160589742281e+01
4.670721562500000346e+02,-8.873383831922312481e+01
4.670724492187500232e+02,-8.851046460935123150e+01
4.670727421875000118e+02,-8.152904814239514053e+01
4.670730351562500005e+02,-8.188459336317174575e+01
4.670733281249999891e+02,-8.965498592628527774e+01
4.670736210937500346e+02,-8.718408434982134736e+01
4.670739140625000232e+02,-8.746163655929430547e+01
4.670742070312500118e+02,-8.688111002630888891e+01
4.670745000000000005e+02,-8.523966392535390924e+01
4.670747929687499891e+02,-8.520671777701366523e+01
4.670750859375000346e+02,-8.332274257456748501e+01
4.670753789062500232e+02,-9.411784744681101245e+01
4.670756718750000118e+02,-8.864644127390323547e+01
4.670759648437500005e+02,-8.070395581507324323e+01
4.670762578124999891e+02,-7.606618282504747697e+01
4.670765507812500346e+02,-8.547831192790448540e+01
4.670768437500000232e+02,-8.094316801619953594e+01
4.670771367187500118e+02,-7.622403996818304961e+01
4.670774296875000005e+02,-8.435941069829456751e+01
4.670777226562499891e+02,-8.141277064237372940e+01
4.670780156250000346e+02,-8.026077911395884712e+01
4.670783085937500232e+02,-8.028007300169238647e+01
4.670786015625000118e+02,-8.481440360660288036e+01
4.670788945312500005e+02,-8.311574361078805850e+01
4.670791874999999891e+02,-8.531974168689730220e+01
4.670794804687500346e+02,-8.338162849926895603e+01
4.670797734375000232e+02,-8.328962462247662302e+01
4.670800664062500118e+02,-8.818757385249895719e+01
4.670803593750000005e+02,-9.038105964374365442e+01
4.670806523437499891e+02,-8.801799348517815247e+01
4.670809453125000346e+02,-8.515838896860691420e+01
4.670812382812500232e+02,-8.773503020208769954e+01
4.670815312500000118e+02,-9.107942900416080079e+01
4.670818242187500005e+02,-7.928651315641010910e+01
4.670821171874999891e+02,-7.607490679292760660e+01
4.670824101562500346e+02,-7.675865184900162319e+01
4.670827031250000232e+02,-8.402110716648326161e+01
4.670829960937500118e+02,-8.600118482311835066e+01
4.670832890625000005e+02,-8.964059602473064103e+01
4.670835820312499891e+02,-8.800458630307090857e+01
4.670838750000000346e+02,-7.746571151449931847e+01
4.670841679687500232e+02,-7.741856533863830236e+01
4.670844609375000118e+02,-7.821958506243986164e+01
4.670847539062500005e+02,-8.350312175539085047e+01
4.670850468749999891e+02,-8.734415085228442877e+01
4.670853398437500346e+02,-8.278114335258898393e+01
4.670856328125000232e+02,-7.732884949390677320e+01
4.670859257812500118e+02,-7.817394206019170610e+01
4.670862187500000005e+02,-8.157732600798584599e+01
4.670865117187499891e+02,-8.396929724250797733e+01
4.670868046875000346e+02,-7.887335329308881171e+01
4.670870976562500232e+02,-7.920932977111318962e+01
4.670873906250000118e+02,-7.870732407792650065e+01
4.670876835937500005e+02,-7.411731915735452958e+01
4.670879765624999891e+02,-7.806854912978506889e+01
4.670882695312500346e+02,-8.022956200235960011e+01
4.670885625000000232e+02,-8.058043597412390113e+01
4.670888554687500118e+02,-9.151179568443181722e+01
4.670891484375000005e+02,-7.712632889080988718e+01
4.670894414062499891e+02,-8.306981835072149067e+01
4.670897343750000346e+02,-8.202339054142639441e+01
4.670900273437500232e+02,-1.200204068115866107e+02
4.670903203125000118e+02,-8.357257124246604008e+01
4.670906132812500005e+02,-8.156455667136114585e+01
4.670909062499999891e+02,-8.234178662003694171e+01
4.670911992187500346e+02,-7.989785718680317927e+01
4.670914921875000232e+02,-8.122108770212565787e+01
4.670917851562500118e+02,-8.050348468914975797e+01
4.670920781250000005e+02,-8.725585754310208131e+01
4.670923710937499891e+02,-7.746045262341067428e+01
4.670926640625000346e+02,-7.607978506694331600e+01
4.670929570312500232e+02,-7.906929711543723727e+01
4.670932500000000118e+02,-8.251523819701276352e+01
4.670935429687500005e+02,-8.311431572061113116e+01
4.670938359374999891e+02,-8.026222510303688296e+01
4.670941289062500346e+02,-8.708530219116894955e+01
4.670944218750000232e+02,-9.588689241199094226e+01
4.670947148437500118e+02,-8.801470803279434563e+01
4.670950078125000005e+02,-8.125251889500043490e+01
4.670953007812499891e+02,-8.028846938538779909e+01
4.670955937500000346e+02,-8.243768999686766108e+01
4.670958867187500232e+02,-9.021978779365323931e+01
4.670961796875000118e+02,-8.162548760326914987e+01
4.670964726562500005e+02,-9.402719588116882221e+01
4.670967656249999891e+02,-8.522838601869993624e+01
4.670970585937500346e+02,-8.815474652037468672e+01
4.670973515625000232e+02,-7.821093587042177830e+01
4.670976445312500118e+02,-8.058039635001708234e+01
4.670979375000000005e+02,-8.265493971688096053e+01
4.670982304687499891e+02,-8.105595320994962094e+01
4.670985234375000346e+02,-8.369048706738146848e+01
4.670988164062500232e+02,-8.171941100862702001e+01
4.670991093750000118e+02,-7.594253176363491775e+01
4.670994023437500005e+02,-7.972049572828314012e+01
4.670996953124999891e+02,-9.079855485742535848e+01
4.670999882812500346e+02,-8.354207884540460327e+01
4.671002812500000232e+02,-8.203544110118350829e+01
4.671005742187500118e+02,-7.559388742678950734e+01
4.671008671875000005e+02,-7.332160426187945745e+01
4.671011601562499891e+02,-8.996447650024612130e+01
4.671014531250000346e+02,-8.658190670239072517e+01
4.671017460937500232e+02,-8.072932211656778634e+01
4.671020390625000118e+02,-7.742810070292664193e+01
4.671023320312500005e+02,-7.757707745600431792e+01
4.671026249999999891e+02,-8.977901760239851114e+01
4.671029179687500346e+02,-8.279916129490301557e+01
4.671032109375000232e+02,-7.672475659901769518e+01
4.671035039062500118e+02,-7.918190425947508970e+01
4.671037968750000005e+02,-1.026151027919994618e+02
4.671040898437499891e+02,-8.773233011082787414e+01
4.671043828125000346e+02,-7.754718621646813403e+01
4.671046757812500232e+02,-7.891788661866462462e+01
4.671049687500000118e+02,-7.864611866525804373e+01
4.671052617187500005e+02,-7.877841867966543532e+01
4.671055546874999891e+02,-8.477283620049620083e+01
4.671058476562500346e+02,-8.250890312966851070e+01
4.671061406250000232e+02,-7.703533652198748882e+01
4.671064335937500118e+02,-7.942066822877092136e+01
4.671067265625000005e+02,-7.781387300428642106e+01
4.671070195312499891e+02,-8.217950021776132985e+01
4.671073125000000346e+02,-7.719672412590601596e+01
4.671076054687500232e+02,-7.912269742682465790e+01
4.671078984375000118e+02,-8.085264732248285213e+01
4.671081914062500005e+02,-7.686734260797967977e+01
4.671084843749999891e+02,-7.746723543255025390e+01
4.671087773437500346e+02,-7.877414636551438321e+01
4.671090703125000232e+02,-8.115153448673298442e+01
4.671093632812500118e+02,-8.480688214779625866e+01
4.671096562500000005e+02,-8.165948425016283352e+01
4.671099492187499891e+02,-8.033048526335774397e+01
4.671102421875000346e+02,-7.878299917261296059e+01
4.671105351562500232e+02,-9.424752708003140356e+01
4.671108281250000118e+02,-9.106360752127875458e+01
4.671111210937500005e+02,-9.087260405170638933e+01
4.671114140624999891e+02,-8.859714839661793917e+01
4.671117070312500346e+02,-8.565445187042317343e+01
4.671120000000000232e+02,-9.327721902170864610e+01
4.671122929687500118e+02,-8.804676792944232488e+01
4.671125859375000005e+02,-8.508990003572660044e+01
4.671128789062499891e+02,-8.122623704660894361e+01
4.671131718750000346e+02,-7.793945605392833897e+01
4.671134648437500232e+02,-7.613413735166388108e+01
4.671137578125000118e+02,-7.454162642466823741e+01
4.671140507812500005e+02,-7.829193126160556915e+01
4.671143437499999891e+02,-8.716795013550520821e+01
4.671146367187500346e+02,-9.121400638207290967e+01
4.671149296875000232e+02,-8.441559723271838322e+01
4.671152226562500118e+02,-8.065878506635749545e+01
4.671155156250000005e+02,-8.751577894616846720e+01
4.671158085937499891e+02,-9.250724388145064836e+01
4.671161015625000346e+02,-8.689654742923590902e+01
4.671163945312500232e+02,-8.056548487974966122e+01
4.671166875000000118e+02,-7.987758387450648456e+01
4.671169804687500005e+02,-7.609439591239905099e+01
4.671172734374999891e+02,-7.483863342733889112e+01
4.671175664062500346e+02,-9.124064755383302838e+01
4.671178593750000232e+02,-8.023028972045528917e+01
4.671181523437500118e+02,-9.209675144421991888e+01
4.671184453125000005e+02,-7.779078240056142590e+01
4.671187382812499891e+02,-7.890091796017759407e+01
4.671190312500000346e+02,-9.672346813643687824e+01
4.671193242187500232e+02,-8.195435877171733807e+01
4.671196171875000118e+02,-8.039765621037562937e+01
4.671199101562500005e+02,-8.055041427606147408e+01
4.671202031249999891e+02,-8.598870041797053432e+01
4.671204960937500346e+02,-8.639182212252549675e+01
4.671207890625000232e+02,-9.194005347143439622e+01
4.671210820312500118e+02,-8.141174464739290784e+01
4.671213750000000005e+02,-9.042364461736190151e+01
4.671216679687499891e+02,-7.601533262618139020e+01
4.671219609375000346e+02,-7.632764077074125453e+01
4.671222539062500232e+02,-8.518116027775289467e+01
4.671225468750000118e+02,-8.299255502701333853e+01
4.671228398437500005e+02,-8.690061088786660548e+01
4.671231328124999891e+02,-8.223148714664354486e+01
4.671234257812500346e+02,-8.303269210747522777e+01
4.671237187500000232e+02,-8.708517392226802656e+01
4.671240117187500118e+02,-8.970672749769299514e+01
4.671243046875000005e+02,-9.740980707951800355e+01
4.671245976562499891e+02,-8.467422531932813001e+01
4.671248906250000346e+02,-8.715313998100243964e+01
4.671251835937500232e+02,-8.933497715539259332e+01
4.671254765625000118e+02,-9.166419768889366537e+01
4.671257695312500005e+02,-8.626889237242414765e+01
4.671260624999999891e+02,-8.665311063546197090e+01
4.671263554687500346e+02,-9.080325464719207673e+01
4.671266484375000232e+02,-7.825757983029339471e+01
4.671269414062500118e+02,-8.748866126092983109e+01
4.671272343750000005e+02,-8.444138130049890378e+01
4.671275273437499891e+02,-9.977637040206231234e+01
4.671278203125000346e+02,-7.841871550488480125e+01
4.671281132812500232e+02,-7.667571443708852996e+01
4.671284062500000118e+02,-9.651249261279397729e+01
4.671286992187500005e+02,-8.010652739099755593e+01
4.671289921874999891e+02,-8.373395370724942666e+01
4.671292851562500346e+02,-8.103606738614072924e+01
4.671295781250000232e+02,-8.074815824313378698e+01
4.671298710937500118e+02,-7.948528629576478011e+01
4.671301640625000005e+02,-8.718910267821250670e+01
4.671304570312499891e+02,-7.950730435620431535e+01
4.671307500000000346e+02,-7.544744483663859569e+01
4.671310429687500232e+02,-7.626607025559697206e+01
4.671313359375000118e+02,-7.394398165551334046e+01
4.671316289062500005e+02,-7.966390957700561160e+01
4.671319218749999891e+02,-8.324050293998467964e+01
4.671322148437500346e+02,-8.116109141394062476e+01
4.671325078125000232e+02,-8.149096189114970912e+01
4.671328007812500118e+02,-8.977579415225989123e+01
4.671330937500000005e+02,-8.162198568536339849e+01
4.671333867187499891e+02,-8.377110577300240379e+01
4.671336796875000346e+02,-8.012973900326143450e+01
4.671339726562500232e+02,-8.012377072237121922e+01
4.671342656250000118e+02,-8.729326831296972955e+01
4.671345585937500005e+02,-8.495853837907120010e+01
4.671348515624999891e+02,-7.954414054493486219e+01
4.671351445312500346e+02,-7.946382561526500865e+01
4.671354375000000232e+02,-8.146805276893333314e+01
4.671357304687500118e+02,-8.005335516358928771e+01
4.671360234375000005e+02,-8.498143266519008421e+01
4.671363164062499891e+02,-8.131064982177719003e+01
4.671366093750000346e+02,-8.255407407234066852e+01
4.671369023437500232e+02,-1.035342110742196837e+02
4.671371953125000118e+02,-8.281274755952344435e+01
4.671374882812500005e+02,-8.255110277925788864e+01
4.671377812499999891e+02,-8.098401034434948542e+01
4.671380742187500346e+02,-7.795926960247524562e+01
4.671383671875000232e+02,-8.197509020167672134e+01
4.671386601562500118e+02,-7.940851401647525165e+01
4.671389531250000005e+02,-7.826686663954605194e+01
4.671392460937499891e+02,-1.020271425353323878e+02
4.671395390625000346e+02,-7.850409121227330900e+01
4.671398320312500232e+02,-8.913417809022095639e+01
4.671401250000000118e+02,-7.798841537564710791e+01
4.671404179687500005e+02,-7.770277662492931370e+01
4.671407109374999891e+02,-8.044440208104417422e+01
4.671410039062500346e+02,-7.827751979908131830e+01
4.671412968750000232e+02,-8.087909989301221003e+01
4.671415898437500118e+02,-9.087492907421150790e+01
4.671418828125000005e+02,-9.239408267747832326e+01
4.671421757812499891e+02,-8.632748150552943400e+01
4.671424687500000346e+02,-8.325931678778181322e+01
4.671427617187500232e+02,-8.563448324563709946e+01
4.671430546875000118e+02,-7.933658893405305434e+01
4.671433476562500005e+02,-9.065802350704404944e+01
4.671436406249999891e+02,-8.301285816069164980e+01
4.671439335937500346e+02,-8.128794323768958918e+01
4.671442265625000232e+02,-7.741182561915412919e+01
4.671445195312500118e+02,-7.868146153518250685e+01
4.671448125000000005e+02,-8.898560743595751887e+01
4.671451054687499891e+02,-9.470194968541247249e+01
4.671453984375000346e+02,-7.991402282985555416e+01
4.671456914062500232e+02,-8.981721683420239799e+01
4.671459843750000118e+02,-8.406038485529073512e+01
4.671462773437500005e+02,-7.883728794022098896e+01
4.671465703124999891e+02,-9.179467448634966331e+01
4.671468632812500346e+02,-8.870189532755823336e+01
4.671471562500000232e+02,-9.391676646426930120e+01
4.671474492187500118e+02,-8.110780779387285122e+01
4.671477421875000005e+02,-7.410671390805423187e+01
4.671480351562499891e+02,-7.663001573014081202e+01
4.671483281250000346e+02,-7.776215430081620639e+01
4.671486210937500232e+02,-7.911795204035851725e+01
4.671489140625000118e+02,-8.197725521519400615e+01
4.671492070312500005e+02,-7.889644943759650175e+01
4.671494999999999891e+02,-7.795536535009993884e+01
4.671497929687500346e+02,-8.058652332954363828e+01
4.671500859375000232e+02,-8.745210041928432076e+01
4.671503789062500118e+02,-8.441047213650602998e+01
4.671506718750000005e+02,-9.488566221852005356e+01
4.671509648437499891e+02,-8.188824463653284624e+01
4.671512578125000346e+02,-8.592735009995939777e+01
4.671515507812500232e+02,-8.166926597913044361e+01
4.671518437500000118e+02,-8.177956380796580049e+01
4.671521367187500005e+02,-7.991534059966406289e+01
4.671524296874999891e+02,-7.891801240591141209e+01
4.671527226562500346e+02,-7.710357464179216436e+01
4.671530156250000232e+02,-7.895766365040610424e+01
4.671533085937500118e+02,-7.549315888731624113e+01
4.671536015625000005e+02,-8.238558004626688103e+01
4.671538945312499891e+02,-8.302350301187283321e+01
4.671541875000000346e+02,-7.669697228010244316e+01
4.671544804687500232e+02,-8.095570995364940359e+01
4.671547734375000118e+02,-8.485022958134422311e+01
4.671550664062500005e+02,-8.196043345464870811e+01
4.671553593749999891e+02,-7.882363629578421182e+01
4.671556523437500346e+02,-8.074859310376709232e+01
4.671559453125000232e+02,-8.606156578352366182e+01
4.671562382812500118e+02,-7.561788990360432194e+01
4.671565312500000005e+02,-7.534639615532226742e+01
4.671568242187499891e+02,-8.173689504318728893e+01
4.671571171875000346e+02,-8.832835596577805859e+01
4.671574101562500232e+02,-8.050975639229527303e+01
4.671577031250000118e+02,-8.027343577197095215e+01
4.671579960937500005e+02,-8.334873807630678755e+01
4.671582890624999891e+02,-7.948379874193929595e+01
4.671585820312500346e+02,-7.875987607416558944e+01
4.671588750000000232e+02,-7.702106919359192716e+01
4.671591679687500118e+02,-7.430312675703078185e+01
4.671594609375000005e+02,-7.947486221680192386e+01
4.671597539062499891e+02,-8.828279243451913771e+01
4.671600468750000346e+02,-9.467906828974852829e+01
4.671603398437500232e+02,-8.897733737549057764e+01
4.671606328125000118e+02,-8.345769923620017039e+01
4.671609257812500005e+02,-1.127677785563905104e+02
4.671612187499999891e+02,-8.695581987685417857e+01
4.671615117187500346e+02,-8.501674513979402548e+01
4.671618046875000232e+02,-7.618732148383897140e+01
4.671620976562500118e+02,-7.607603331847548134e+01
4.671623906250000005e+02,-8.582708072863655957e+01
4.671626835937499891e+02,-8.151667341172145598e+01
4.671629765625000346e+02,-8.725501679965546487e+01
4.671632695312500232e+02,-9.632975278252439466e+01
4.671635625000000118e+02,-8.565930986008177683e+01
4.671638554687500005e+02,-1.016238294965311013e+02
4.671641484374999891e+02,-8.742990327989780042e+01
4.671644414062500346e+02,-9.381419120867457195e+01
4.671647343750000232e+02,-8.231439095368099856e+01
4.671650273437500118e+02,-7.707748748682094231e+01
4.671653203125000005e+02,-7.606481931618829151e+01
4.671656132812499891e+02,-8.517386241216780718e+01
4.671659062500000346e+02,-9.406912228399873754e+01
4.671661992187500232e+02,-9.205726826350442593e+01
4.671664921875000118e+02,-8.629622812685317967e+01
4.671667851562500005e+02,-8.032456333833211204e+01
4.671670781249999891e+02,-8.226542819051684319e+01
4.671673710937500346e+02,-8.232317788660616031e+01
4.671676640625000232e+02,-7.814494738676711449e+01
4.671679570312500118e+02,-8.369430399122478548e+01
4.671682500000000005e+02,-7.880838233987618935e+01
4.671685429687499891e+02,-8.684690513850753746e+01
4.671688359375000346e+02,-7.680556527269159517e+01
4.671691289062500232e+02,-8.406114472511529812e+01
4.671694218750000118e+02,-9.355808195176088304e+01
4.671697148437500005e+02,-8.726083004936455723e+01
4.671700078124999891e+02,-8.290473547749769523e+01
4.671703007812500346e+02,-9.374046681210673171e+01
4.671705937500000232e+02,-7.856265783978140860e+01
4.671708867187500118e+02,-7.947372545769533758e+01
4.671711796875000005e+02,-9.215851841298346869e+01
4.671714726562499891e+02,-8.232927989412387149e+01
4.671717656250000346e+02,-8.356285889019255819e+01
4.671720585937500232e+02,-7.987238955091510206e+01
4.671723515625000118e+02,-9.508409294625167263e+01
4.671726445312500005e+02,-8.948525718594879663e+01
4.671729374999999891e+02,-8.330384321404213210e+01
4.671732304687500346e+02,-8.857752330036875321e+01
4.671735234375000232e+02,-8.453997165953880710e+01
4.671738164062500118e+02,-8.971095578323965469e+01
4.671741093750000005e+02,-8.086086553799839294e+01
4.671744023437499891e+02,-1.024293413757091287e+02
4.671746953125000346e+02,-8.629554339522330508e+01
4.671749882812500232e+02,-9.438612307582272365e+01
4.671752812500000118e+02,-8.972036608105605637e+01
4.671755742187500005e+02,-8.105664110211962736e+01
4.671758671874999891e+02,-8.689768205474864260e+01
4.671761601562500346e+02,-9.184429701270580892e+01
4.671764531250000232e+02,-8.380350696183305104e+01
4.671767460937500118e+02,-8.474988477766829931e+01
4.671770390625000005e+02,-7.730570329658803530e+01
4.671773320312499891e+02,-7.734348132246326202e+01
4.671776250000000346e+02,-8.437480507569965482e+01
4.671779179687500232e+02,-8.053475425258864107e+01
4.671782109375000118e+02,-7.951279603288882925e+01
4.671785039062500005e+02,-7.688791087063844998e+01
4.671787968749999891e+02,-7.954268469466265401e+01
4.671790898437500346e+02,-8.650852383145800673e+01
4.671793828125000232e+02,-7.969615218958411162e+01
4.671796757812500118e+02,-8.633925768837711701e+01
4.671799687500000005e+02,-9.012276361629638188e+01
4.671802617187499891e+02,-9.513053248444361998e+01
4.671805546875000346e+02,-9.574516452850146209e+01
4.671808476562500232e+02,-8.553373283073987920e+01
4.671811406250000118e+02,-8.409304456240144532e+01
4.671814335937500005e+02,-8.912952842665154662e+01
4.671817265624999891e+02,-8.551009745629643533e+01
4.671820195312500346e+02,-8.985415645964407361e+01
4.671823125000000232e+02,-8.931035403707832643e+01
4.671826054687500118e+02,-8.494045961929573707e+01
4.671828984375000005e+02,-8.304876812402210362e+01
4.671831914062499891e+02,-8.107858737845170083e+01
4.671834843750000346e+02,-9.518038278540869612e+01
4.671837773437500232e+02,-8.270577588806288816e+01
4.671840703125000118e+02,-7.643689290798815250e+01
4.671843632812500005e+02,-7.574604585947778901e+01
4.671846562499999891e+02,-7.739814895201664058e+01
4.671849492187500346e+02,-8.241581933009609884e+01
4.671852421875000232e+02,-9.199557825597544536e+01
4.671855351562500118e+02,-8.749181397819840811e+01
4.671858281250000005e+02,-8.918305305268879124e+01
4.671861210937499891e+02,-9.425558362078336927e+01
4.671864140625000346e+02,-9.086557892080512033e+01
4.671867070312500232e+02,-9.974308007592239278e+01
4.671870000000000118e+02,-8.264387296467639032e+01
4.671872929687500005e+02,-7.954491900671882831e+01
4.671875859374999891e+02,-9.024252168700985521e+01
4.671878789062500346e+02,-7.964310819279825182e+01
4.671881718750000232e+02,-8.413951567688810940e+01
4.671884648437500118e+02,-8.685783217879139784e+01
4.671887578125000005e+02,-8.464775976624407861e+01
4.671890507812499891e+02,-8.793283557043275778e+01
4.671893437500000346e+02,-8.604012873625134716e+01
4.671896367187500232e+02,-7.883479615493905612e+01
4.671899296875000118e+02,-1.018351280412531281e+02
4.671902226562500005e+02,-8.098761246591939766e+01
4.671905156249999891e+02,-8.555525671327686155e+01
4.671908085937500346e+02,-8.204907663272774698e+01
4.671911015625000232e+02,-8.197878178878329436e+01
4.671913945312500118e+02,-9.575853722805871371e+01
4.671916875000000005e+02,-8.560155860484483981e+01
4.671919804687499891e+02,-9.892155768787810644e+01
4.671922734375000346e+02,-7.909341010070842515e+01
4.671925664062500232e+02,-8.050681703977633674e+01
4.671928593750000118e+02,-8.489928337448837681e+01
4.671931523437500005e+02,-7.818731752845442884e+01
4.671934453124999891e+02,-8.186633284762785934e+01
4.671937382812500346e+02,-8.506443708107275370e+01
4.671940312500000232e+02,-8.383293742362808132e+01
4.671943242187500118e+02,-8.193198396023497310e+01
4.671946171875000005e+02,-8.689824204046432499e+01
4.671949101562499891e+02,-8.341773594323268526e+01
4.671952031250000346e+02,-8.770327769875494539e+01
4.671954960937500232e+02,-8.441949414076933067e+01
4.671957890625000118e+02,-9.206414700939228624e+01
4.671960820312500005e+02,-8.020722066453751609e+01
4.671963749999999891e+02,-7.744098969226729423e+01
4.671966679687500346e+02,-8.319172913202295661e+01
4.671969609375000232e+02,-8.401299106846994391e+01
4.671972539062500118e+02,-9.481856275488608787e+01
4.671975468750000005e+02,-7.975536544376834058e+01
4.671978398437499891e+02,-7.842368860007023557e+01
4.671981328125000346e+02,-7.596256759620990806e+01
4.671984257812500232e+02,-7.384869177696950260e+01
4.671987187500000118e+02,-7.812711299117177077e+01
4.671990117187500005e+02,-8.085169381332791261e+01
4.671993046874999891e+02,-7.962903096787090362e+01
4.671995976562500346e+02,-8.115262642155104800e+01
4.671998906250000232e+02,-7.843955313054273404e+01
4.672001835937500118e+02,-7.687023049842554201e+01
4.672004765625000005e+02,-8.288607096050114365e+01
4.672007695312499891e+02,-8.292946710561494683e+01
4.672010625000000346e+02,-8.672248893960326654e+01
4.672013554687500232e+02,-8.127893193481590117e+01
4.672016484375000118e+02,-8.166783275661968844e+01
4.672019414062500005e+02,-9.306063603310171573e+01
4.672022343749999891e+02,-8.870261137344741087e+01
4.672025273437500346e+02,-7.928035641952929780e+01
4.672028203125000232e+02,-7.657767246892728963e+01
4.672031132812500118e+02,-7.985884101379214428e+01
4.672034062500000005e+02,-8.034460607968674140e+01
4.672036992187499891e+02,-7.988167074232872267e+01
4.672039921875000346e+02,-7.650463031463036145e+01
4.672042851562500232e+02,-7.588137828940209317e+01
4.672045781250000118e+02,-8.078598032092672554e+01
4.672048710937500005e+02,-7.901284610552271204e+01
4.672051640624999891e+02,-8.880071530318531359e+01
4.672054570312500346e+02,-8.841804542145608536e+01
4.672057500000000232e+02,-7.705045998656684958e+01
4.672060429687500118e+02,-7.783529534207973199e+01
4.672063359375000005e+02,-9.046394553156851259e+01
4.672066289062499891e+02,-8.278297810572915694e+01
4.672069218750000346e+02,-8.591686151180540776e+01
4.672072148437500232e+02,-8.327843320090430268e+01
4.672075078125000118e+02,-8.139338158392776279e+01
4.672078007812500005e+02,-8.866284751622956151e+01
4.672080937499999891e+02,-8.543582918900909817e+01
4.672083867187500346e+02,-8.621042586029710719e+01
4.672086796875000232e+02,-7.751605816541936633e+01
4.672089726562500118e+02,-7.985416037696373337e+01
4.672092656250000005e+02,-9.334973767692318347e+01
4.672095585937499891e+02,-8.054430691309035240e+01
4.672098515625000346e+02,-7.587322333042799016e+01
4.672101445312500232e+02,-7.978186942742678411e+01
4.672104375000000118e+02,-8.351717057416009027e+01
4.672107304687500005e+02,-7.897747340033058094e+01
4.672110234374999891e+02,-8.193641673380849966e+01
4.672113164062500346e+02,-8.606471928292707219e+01
4.672116093750000232e+02,-8.414334377758154915e+01
4.672119023437500118e+02,-7.732327479190330166e+01
4.672121953125000005e+02,-7.067784603554181899e+01
4.672124882812499891e+02,-7.419485689603321532e+01
4.672127812500000346e+02,-7.969238560981358432e+01
4.672130742187500232e+02,-8.536422393414129317e+01
4.672133671875000118e+02,-9.043785953322745286e+01
4.672136601562500005e+02,-7.757564626618776060e+01
4.672139531249999891e+02,-8.250631839347906293e+01
4.672142460937500346e+02,-8.574841523432299084e+01
4.672145390625000232e+02,-8.338367944622932271e+01
4.672148320312500118e+02,-8.678322326164790468e+01
4.672151250000000005e+02,-8.334859425695100299e+01
4.672154179687499891e+02,-9.037069440419639932e+01
4.672157109375000346e+02,-8.030488459550039693e+01
4.672160039062500232e+02,-7.903575725423520737e+01
4.672162968750000118e+02,-7.759345399897893003e+01
4.672165898437500005e+02,-8.232549369514272541e+01
4.672168828124999891e+02,-8.314867190231750271e+01
4.672171757812500346e+02,-7.982919403495625943e+01
4.672174687500000232e+02,-8.104503186676282667e+01
4.672177617187500118e+02,-7.976142567324505706e+01
4.672180546875000005e+02,-8.105215695555743594e+01
4.672183476562499891e+02,-7.962195346471055757e+01
4.672186406250000346e+02,-7.518273674864958878e+01
4.672189335937500232e+02,-7.987663576135496157e+01
4.672192265625000118e+02,-9.545137939890085477e+01
4.672195195312500005e+02,-8.095302439679834094e+01
4.672198124999999891e+02,-7.721676407490410554e+01
4.672201054687500346e+02,-7.528795928277438065e+01
4.672203984375000232e+02,-7.330045519074623428e+01
4.672206914062500118e+02,-7.555978637095392969e+01
4.672209843750000005e+02,-7.628815588473251807e+01
4.672212773437499891e+02,-7.487490394457192622e+01
4.672215703125000346e+02,-7.542457482137760394e+01
4.672218632812500232e+02,-7.795724818616385221e+01
4.672221562500000118e+02,-7.743954695089593088e+01
4.672224492187500005e+02,-7.391423422512878005e+01
4.672227421874999891e+02,-7.589749545587308432e+01
4.672230351562500346e+02,-7.731243497185585056e+01
4.672233281250000232e+02,-7.529136436325919135e+01
4.672236210937500118e+02,-8.185389784280347669e+01
4.672239140625000005e+02,-7.660104091559323081e+01
4.672242070312499891e+02,-7.622892282814301268e+01
4.672245000000000346e+02,-7.434239976899714009e+01
4.672247929687500232e+02,-7.486546803153041196e+01
4.672250859375000118e+02,-7.766875257979604896e+01
4.672253789062500005e+02,-8.226211165855463037e+01
4.672256718749999891e+02,-7.874705637559532079e+01
4.672259648437500346e+02,-7.856338549906114110e+01
4.672262578125000232e+02,-8.986396652396196316e+01
4.672265507812500118e+02,-7.968961256675248706e+01
4.672268437500000005e+02,-7.691824320422823291e+01
4.672271367187499891e+02,-8.118408780083719023e+01
4.672274296875000346e+02,-7.773120327428249254e+01
4.672277226562500232e+02,-7.409410676405136087e+01
4.672280156250000118e+02,-7.666906146357445095e+01
4.672283085937500005e+02,-7.643311295320877718e+01
4.672286015624999891e+02,-7.608516829516112523e+01
4.672288945312500346e+02,-7.883913841425587066e+01
4.672291875000000232e+02,-7.799949440180098748e+01
4.672294804687500118e+02,-8.159954216479980005e+01
4.672297734375000005e+02,-8.166739442362703016e+01
4.672300664062499891e+02,-8.425723846889665936e+01
4.672303593750000346e+02,-8.505828410756794256e+01
4.672306523437500232e+02,-8.236380803935506378e+01
4.672309453125000118e+02,-7.388302098835805509e+01
4.672312382812500005e+02,-7.897409380499570375e+01
4.672315312499999891e+02,-8.768905757587720018e+01
4.672318242187500346e+02,-7.663204553435153343e+01
4.672321171875000232e+02,-7.653771210110656398e+01
4.672324101562500118e+02,-8.180070889759791442e+01
4.672327031250000005e+02,-7.800248655998328218e+01
4.672329960937499891e+02,-7.708864920792902353e+01
4.672332890625000346e+02,-7.860623959237580038e+01
4.672335820312500232e+02,-8.028475046345504040e+01
4.672338750000000118e+02,-7.596291286294450629e+01
4.672341679687500005e+02,-8.292831803718542005e+01
4.672344609374999891e+02,-7.958076273847980531e+01
4.672347539062500346e+02,-7.856717739090277064e+01
4.672350468750000232e+02,-7.886667332718006662e+01
4.672353398437500118e+02,-7.797286503608410158e+01
4.672356328125000005e+02,-8.179921053092554928e+01
4.672359257812499891e+02,-9.007036333767801750e+01
4.672362187500000346e+02,-9.317626124943694776e+01
4.672365117187500232e+02,-9.170699507128466621e+01
4.672368046875000118e+02,-7.958047099330899243e+01
4.672370976562500005e+02,-7.816423349377194540e+01
4.672373906249999891e+02,-8.412255657928398023e+01
4.672376835937500346e+02,-8.465907354091847026e+01
4.672379765625000232e+02,-7.541000849381785542e+01
4.672382695312500118e+02,-7.446217823279164350e+01
4.672385625000000005e+02,-8.339403985930799479e+01
4.672388554687499891e+02,-7.553114554258338842e+01
4.672391484375000346e+02,-7.526983575973673624e+01
4.672394414062500232e+02,-7.450487564612464553e+01
4.672397343750000118e+02,-7.323633129621200055e+01
4.672400273437500005e+02,-7.721091255022044209e+01
4.672403203124999891e+02,-8.327845488110358474e+01
4.672406132812500346e+02,-8.627397899807930060e+01
4.672409062500000232e+02,-8.257401857843794346e+01
4.672411992187500118e+02,-7.857649787365066629e+01
4.672414921875000005e+02,-8.039324496888825422e+01
4.672417851562499891e+02,-8.049835685642086958e+01
4.672420781250000346e+02,-7.668298069469143741e+01
4.672423710937500232e+02,-8.416353558265407742e+01
4.672426640625000118e+02,-1.041443614249606924e+02
4.672429570312500005e+02,-8.647255899948220303e+01
4.672432499999999891e+02,-8.458450915567678408e+01
4.672435429687500346e+02,-8.542590899361564993e+01
4.672438359375000232e+02,-7.850161983156895928e+01
4.672441289062500118e+02,-7.894155290313190676e+01
4.672444218750000005e+02,-8.262587679793296047e+01
4.672447148437499891e+02,-8.561165348210165860e+01
4.672450078125000346e+02,-9.065777531623039920e+01
4.672453007812500232e+02,-7.953527057284374280e+01
4.672455937500000118e+02,-7.668156146520536254e+01
4.672458867187500005e+02,-7.460433462566760454e+01
4.672461796874999891e+02,-8.079162163940402763e+01
4.672464726562500346e+02,-8.658199240275585851e+01
4.672467656250000232e+02,-8.776315339727489118e+01
4.672470585937500118e+02,-7.791015087821791951e+01
4.672473515625000005e+02,-8.293068103930588109e+01
4.672476445312499891e+02,-7.726040574759556989e+01
4.672479375000000346e+02,-7.734510353579173625e+01
4.672482304687500232e+02,-8.421561141103852322e+01
4.672485234375000118e+02,-7.992589473809566414e+01
4.672488164062500005e+02,-7.650555168588007859e+01
4.672491093749999891e+02,-7.763216295235839937e+01
4.672494023437500346e+02,-7.360420500619130735e+01
4.672496953125000232e+02,-8.140810348610949632e+01
4.672499882812500118e+02,-8.158270597368725419e+01
4.672502812500000005e+02,-8.089100991213999237e+01
4.672505742187499891e+02,-8.857733656219443219e+01
4.672508671875000346e+02,-7.980232426465501305e+01
4.672511601562500232e+02,-7.959626093218317067e+01
4.672514531250000118e+02,-8.301024510365294873e+01
4.672517460937500005e+02,-7.745117322178617769e+01
4.672520390624999891e+02,-7.672882697459822054e+01
4.672523320312500346e+02,-7.829640354471746377e+01
4.672526250000000232e+02,-7.672272114371456553e+01
4.672529179687500118e+02,-8.034617092266810801e+01
4.672532109375000005e+02,-7.919883921343080146e+01
4.672535039062499891e+02,-8.154566676950786075e+01
4.672537968750000346e+02,-7.996408519084356215e+01
4.672540898437500232e+02,-7.520149088855757213e+01
4.672543828125000118e+02,-7.476804203184441633e+01
4.672546757812500005e+02,-8.531970330956727366e+01
4.672549687499999891e+02,-7.482586260177752990e+01
4.672552617187500346e+02,-8.805485480708652801e+01
4.672555546875000232e+02,-8.124836583776308885e+01
4.672558476562500118e+02,-7.934314192667791588e+01
4.672561406250000005e+02,-8.077667050904346979e+01
4.672564335937499891e+02,-8.047667999558899510e+01
4.672567265625000346e+02,-8.200230376191682069e+01
4.672570195312500232e+02,-8.613918812557956528e+01
4.672573125000000118e+02,-8.247828788176568082e+01
4.672576054687500005e+02,-8.076181743915893207e+01
4.672578984374999891e+02,-7.716693904598274401e+01
4.672581914062500346e+02,-7.558371747630273774e+01
4.672584843750000232e+02,-8.433430635062524061e+01
4.672587773437500118e+02,-7.771873934696888853e+01
4.672590703125000005e+02,-7.796447798439034216e+01
4.672593632812499891e+02,-8.006184531622412237e+01
4.672596562500000346e+02,-7.740004500668432286e+01
4.672599492187500232e+02,-7.645364583702567529e+01
4.672602421875000118e+02,-7.642413819816438547e+01
4.672605351562500005e+02,-8.167531258922629434e+01
4.672608281249999891e+02,-7.885625072247550804e+01
4.672611210937500346e+02,-7.797576704443220308e+01
4.672614140625000232e+02,-7.955053062960119803e+01
4.672617070312500118e+02,-8.749107631663375173e+01
4.672620000000000005e+02,-7.945843357925524231e+01
4.672622929687499891e+02,-7.828038468169135911e+01
4.672625859375000346e+02,-7.913162513357403327e+01
4.672628789062500232e+02,-7.528323778147290568e+01
4.672631718750000118e+02,-7.186479775052974617e+01
4.672634648437500005e+02,-7.208871878149406598e+01
4.672637578124999891e+02,-7.763740997379552766e+01
4.672640507812500346e+02,-8.035023485867667148e+01
4.672643437500000232e+02,-8.661839350380974167e+01
4.672646367187500118e+02,-8.529561829126689076e+01
4.672649296875000005e+02,-8.062180011413119018e+01
4.672652226562499891e+02,-8.026229420953694671e+01
4.672655156250000346e+02,-7.353814466898198532e+01
4.672658085937500232e+02,-6.805505858160135801e+01
4.672661015625000118e+02,-7.122467755053448002e+01
4.672663945312500005e+02,-8.393144536797484534e+01
4.672666874999999891e+02,-8.224517263005967038e+01
4.672669804687500346e+02,-7.948111340236577860e+01
4.672672734375000232e+02,-7.857707345836618629e+01
4.672675664062500118e+02,-7.770266259496943917e+01
4.672678593750000005e+02,-7.815481127384973092e+01
4.672681523437499891e+02,-8.079946228526350183e+01
4.672684453125000346e+02,-8.555657016002743376e+01
4.672687382812500232e+02,-8.085398082690181809e+01
4.672690312500000118e+02,-8.083195622709673955e+01
4.672693242187500005e+02,-8.493193521178909577e+01
4.672696171874999891e+02,-7.908199241940300794e+01
4.672699101562500346e+02,-7.914018234207935620e+01
4.672702031250000232e+02,-8.129582725743701133e+01
4.672704960937500118e+02,-8.082680078627107889e+01
4.672707890625000005e+02,-7.660509728245324368e+01
4.672710820312499891e+02,-7.260898735625131906e+01
4.672713750000000346e+02,-7.288405718479458528e+01
4.672716679687500232e+02,-7.196471133613758298e+01
4.672719609375000118e+02,-7.042052572396522692e+01
4.672722539062500005e+02,-7.201036087368876792e+01
4.672725468749999891e+02,-8.031359143301459369e+01
4.672728398437500346e+02,-8.330200932727956342e+01
4.672731328125000232e+02,-7.707152721710338028e+01
4.672734257812500118e+02,-7.922014015168147694e+01
4.672737187500000005e+02,-8.252902032253717834e+01
4.672740117187499891e+02,-7.700157361888666685e+01
4.672743046875000346e+02,-7.051140524038896729e+01
4.672745976562500232e+02,-7.283776468817187322e+01
4.672748906250000118e+02,-8.348236972795503164e+01
4.672751835937500005e+02,-7.950791110682190777e+01
4.672754765624999891e+02,-8.150416296607401989e+01
4.672757695312500346e+02,-7.703206207778863757e+01
4.672760625000000232e+02,-7.724999975345907899e+01
4.672763554687500118e+02,-7.841064186789537871e+01
4.672766484375000005e+02,-7.496489296461552954e+01
4.672769414062499891e+02,-7.426188429678786918e+01
4.672772343750000346e+02,-7.704806946416914570e+01
4.672775273437500232e+02,-8.027147884332495664e+01
4.672778203125000118e+02,-8.011153993908723692e+01
4.672781132812500005e+02,-8.118306614481136307e+01
4.672784062499999891e+02,-8.975937395142169350e+01
4.672786992187500346e+02,-7.547415110949512496e+01
4.672789921875000232e+02,-7.989128941732575129e+01
4.672792851562500118e+02,-8.116617543086780984e+01
4.672795781250000005e+02,-9.198070772813019857e+01
4.672798710937499891e+02,-7.487737630644579667e+01
4.672801640625000346e+02,-7.780048832570406603e+01
4.672804570312500232e+02,-8.328385466159332395e+01
4.672807500000000118e+02,-8.762099577756447388e+01
4.672810429687500005e+02,-8.585625136429852944e+01
4.672813359374999891e+02,-8.367305496730597270e+01
4.672816289062500346e+02,-7.467124042106624415e+01
4.672819218750000232e+02,-7.402956683841176755e+01
4.672822148437500118e+02,-7.691677249465881516e+01
4.672825078125000005e+02,-8.882524624977034478e+01
4.672828007812499891e+02,-8.234287145267076369e+01
4.672830937500000346e+02,-7.324695020637082621e+01
4.672833867187500232e+02,-7.294603564819711039e+01
4.672836796875000118e+02,-7.259412849203053497e+01
4.672839726562500005e+02,-7.209653259668701253e+01
4.672842656249999891e+02,-7.093349900654736473e+01
4.672845585937500346e+02,-7.661968492051725832e+01
4.672848515625000232e+02,-7.501133774007635679e+01
4.672851445312500118e+02,-7.417134778238468584e+01
4.672854375000000005e+02,-7.972140230267189054e+01
4.672857304687499891e+02,-7.667669637376467051e+01
4.672860234375000346e+02,-8.529702312214070048e+01
4.672863164062500232e+02,-8.137693981768586582e+01
4.672866093750000118e+02,-7.871828050136195998e+01
4.672869023437500005e+02,-8.071528632963961059e+01
4.672871953124999891e+02,-8.421873781837294359e+01
4.672874882812500346e+02,-8.644197613923402912e+01
4.672877812500000232e+02,-7.974644995970034245e+01
4.672880742187500118e+02,-7.832878899789332650e+01
4.672883671875000005e+02,-8.682879668040317256e+01
4.672886601562499891e+02,-8.853327724852249503e+01
4.672889531250000346e+02,-7.800528552933195670e+01
4.672892460937500232e+02,-8.076649824654631971e+01
4.672895390625000118e+02,-9.133177730022606511e+01
4.672898320312500005e+02,-8.866906853262582899e+01
4.672901249999999891e+02,-8.412543274575372720e+01
4.672904179687500346e+02,-8.051317469653102421e+01
4.672907109375000232e+02,-8.683883588290927946e+01
4.672910039062500118e+02,-8.021358395139758102e+01
4.672912968750000005e+02,-8.385588678996026601e+01
4.672915898437499891e+02,-8.228196377515257609e+01
4.672918828125000346e+02,-7.968114752620193997e+01
4.672921757812500232e+02,-8.735668575592367802e+01
4.672924687500000118e+02,-8.034541081825869924e+01
4.672927617187500005e+02,-9.671480599363377451e+01
4.672930546874999891e+02,-8.228481964446646657e+01
4.672933476562500346e+02,-8.430933157229048902e+01
4.672936406250000232e+02,-8.672108705009962648e+01
4.672939335937500118e+02,-8.110202760919722209e+01
4.672942265625000005e+02,-7.966113132427207688e+01
4.672945195312499891e+02,-7.439304731496278578e+01
4.672948125000000346e+02,-7.489398743685896420e+01
4.672951054687500232e+02,-7.897932281852027359e+01
4.672953984375000118e+02,-8.046792532550983879e+01
4.672956914062500005e+02,-8.523670531061205224e+01
4.672959843749999891e+02,-8.006615020486164269e+01
4.672962773437500346e+02,-7.945410564255327301e+01
4.672965703125000232e+02,-8.307477831868729368e+01
4.672968632812500118e+02,-7.797880275989167842e+01
4.672971562500000005e+02,-7.940399470965937212e+01
4.672974492187499891e+02,-8.202388444343586116e+01
4.672977421875000346e+02,-8.977410158000493823e+01
4.672980351562500232e+02,-8.379992271069377807e+01
4.672983281250000118e+02,-8.432643690395883596e+01
4.672986210937500005e+02,-7.446318745178493259e+01
4.672989140624999891e+02,-7.352640968160919499e+01
4.672992070312500346e+02,-7.854908322459193926e+01
4.672995000000000232e+02,-7.602033634736402234e+01
4.672997929687500118e+02,-7.412792410156482958e+01
4.673000859375000005e+02,-8.067033183115563588e+01
4.673003789062499891e+02,-7.627676063626955738e+01
4.673006718750000346e+02,-8.442764063844859379e+01
4.673009648437500232e+02,-8.317353692621581729e+01
4.673012578125000118e+02,-7.592486249216565852e+01
4.673015507812500005e+02,-7.762831424447655593e+01
4.673018437499999891e+02,-7.607959652293777708e+01
4.673021367187500346e+02,-7.990095647368247000e+01
4.673024296875000232e+02,-7.804148844588726774e+01
4.673027226562500118e+02,-7.572136794965103945e+01
4.673030156250000005e+02,-8.333374717990152192e+01
4.673033085937499891e+02,-7.601881549976835117e+01
4.673036015625000346e+02,-7.752061423095111081e+01
4.673038945312500232e+02,-9.699157282730736540e+01
4.673041875000000118e+02,-9.529640436554748817e+01
4.673044804687500005e+02,-8.520868272647905428e+01
4.673047734374999891e+02,-7.944542253789271058e+01
4.673050664062500346e+02,-7.757659023089783545e+01
4.673053593750000232e+02,-7.798051276405787746e+01
4.673056523437500118e+02,-7.730097421665702484e+01
4.673059453125000005e+02,-8.373696047429936584e+01
4.673062382812499891e+02,-8.219958542606632079e+01
4.673065312500000346e+02,-8.158587270864899210e+01
4.673068242187500232e+02,-7.964513706728310183e+01
4.673071171875000118e+02,-8.712529036290747797e+01
4.673074101562500005e+02,-7.980174476444537390e+01
4.673077031249999891e+02,-8.377509068505121093e+01
4.673079960937500346e+02,-7.981657439882376082e+01
4.673082890625000232e+02,-8.265439617683927054e+01
4.673085820312500118e+02,-8.424379184294403444e+01
4.673088750000000005e+02,-7.870955699632192193e+01
4.673091679687499891e+02,-7.392275555122249386e+01
4.673094609375000346e+02,-7.919521035485698235e+01
4.673097539062500232e+02,-8.338127937781422361e+01
4.673100468750000118e+02,-9.721010082207514813e+01
4.673103398437500005e+02,-8.066123237431196458e+01
4.673106328124999891e+02,-7.604269323065410902e+01
4.673109257812500346e+02,-7.641745437214459002e+01
4.673112187500000232e+02,-8.281226758375318298e+01
4.673115117187500118e+02,-8.647143069828328521e+01
4.673118046875000005e+02,-8.165720930772961594e+01
4.673120976562499891e+02,-8.236539273695201757e+01
4.673123906250000346e+02,-8.248510057605778911e+01
4.673126835937500232e+02,-8.203543907316968387e+01
4.673129765625000118e+02,-8.074229853622000519e+01
4.673132695312500005e+02,-1.038916686317697895e+02
4.673135624999999891e+02,-7.407682232413796442e+01
4.673138554687500346e+02,-7.383862589739175064e+01
4.673141484375000232e+02,-7.774650187161353188e+01
4.673144414062500118e+02,-8.230492744695305873e+01
4.673147343750000005e+02,-8.664366214303655056e+01
4.673150273437499891e+02,-8.270676783399544263e+01
4.673153203125000346e+02,-8.131117586808549902e+01
4.673156132812500232e+02,-8.913968412754029202e+01
4.673159062500000118e+02,-7.318364396751783829e+01
4.673161992187500005e+02,-7.409066696786213413e+01
4.673164921874999891e+02,-8.758626795257720232e+01
4.673167851562500346e+02,-8.475965751674040405e+01
4.673170781250000232e+02,-8.064531320878487008e+01
4.673173710937500118e+02,-8.962758793912121291e+01
4.673176640625000005e+02,-7.852308791894373030e+01
4.673179570312499891e+02,-9.542838148778598395e+01
4.673182500000000346e+02,-7.663329841555820110e+01
4.673185429687500232e+02,-7.292553224657352473e+01
4.673188359375000118e+02,-7.827417579373519629e+01
4.673191289062500005e+02,-7.839739159911603394e+01
4.673194218749999891e+02,-7.583762782136321334e+01
4.673197148437500346e+02,-7.456869683520096714e+01
4.673200078125000232e+02,-7.605880399271845249e+01
4.673203007812500118e+02,-7.644629771007771524e+01
4.673205937500000005e+02,-8.326112240350339277e+01
4.673208867187499891e+02,-8.353414614402687732e+01
4.673211796875000346e+02,-8.438076881811301178e+01
4.673214726562500232e+02,-7.994240574262016708e+01
4.673217656250000118e+02,-7.731120450138213585e+01
4.673220585937500005e+02,-7.996331822424227198e+01
4.673223515624999891e+02,-7.968827854277586198e+01
4.673226445312500346e+02,-8.481689425759851986e+01
4.673229375000000232e+02,-7.925819793874636332e+01
4.673232304687500118e+02,-7.860386238750012922e+01
4.673235234375000005e+02,-7.824037496491740740e+01
4.673238164062499891e+02,-7.476014440331050537e+01
4.673241093750000346e+02,-8.390561213433871046e+01
4.673244023437500232e+02,-7.724634966384785173e+01
4.673246953125000118e+02,-8.077038338953742880e+01
4.673249882812500005e+02,-8.195723453598034780e+01
4.673252812499999891e+02,-7.465653914453886841e+01
4.673255742187500346e+02,-7.607214334890255714e+01
4.673258671875000232e+02,-8.364906253978153927e+01
4.673261601562500118e+02,-8.135391207444369854e+01
4.673264531250000005e+02,-9.240293729687870439e+01
4.673267460937499891e+02,-8.718277392817527982e+01
4.673270390625000346e+02,-7.407941178039538954e+01
4.673273320312500232e+02,-7.013801357189738894e+01
4.673276250000000118e+02,-7.976587386337573093e+01
4.673279179687500005e+02,-7.867543030256909731e+01
4.673282109374999891e+02,-7.324230223093881875e+01
4.673285039062500346e+02,-7.566873073293824348e+01
4.673287968750000232e+02,-7.527229890851496918e+01
4.673290898437500118e+02,-7.442997857630625447e+01
4.673293828125000005e+02,-7.542946213752952644e+01
4.673296757812499891e+02,-7.540656542001939044e+01
4.673299687500000346e+02,-7.379834227573891781e+01
4.673302617187500232e+02,-7.226627811199342943e+01
4.673305546875000118e+02,-7.162438057612800435e+01
4.673308476562500005e+02,-9.777828196581864972e+01
4.673311406249999891e+02,-7.986723496908322772e+01
4.673314335937500346e+02,-7.398500653572399699e+01
4.673317265625000232e+02,-7.399112436413355454e+01
4.673320195312500118e+02,-8.843790298795212834e+01
4.673323125000000005e+02,-8.176768038173038633e+01
4.673326054687499891e+02,-7.659917095937727538e+01
4.673328984375000346e+02,-7.301419507229336148e+01
4.673331914062500232e+02,-7.834964505011390656e+01
4.673334843750000118e+02,-7.712284255218106921e+01
4.673337773437500005e+02,-8.281792991357114886e+01
4.673340703124999891e+02,-8.482080547507206347e+01
4.673343632812500346e+02,-8.346962451292056073e+01
4.673346562500000232e+02,-7.906438772477925170e+01
4.673349492187500118e+02,-7.587287793312506778e+01
4.673352421875000005e+02,-7.326491995722251716e+01
4.673355351562499891e+02,-7.670889748894838078e+01
4.673358281250000346e+02,-9.580165942327646178e+01
4.673361210937500232e+02,-8.587181988712549696e+01
4.673364140625000118e+02,-8.190395017860508631e+01
4.673367070312500005e+02,-7.320247906801620275e+01
4.673369999999999891e+02,-8.052806229741059951e+01
4.673372929687500346e+02,-8.183592175520475109e+01
4.673375859375000232e+02,-7.607649095620793389e+01
4.673378789062500118e+02,-8.196825755602544916e+01
4.673381718750000005e+02,-7.862489291224321164e+01
4.673384648437499891e+02,-7.636850066550677241e+01
4.673387578125000346e+02,-7.804733361995008067e+01
4.673390507812500232e+02,-7.895020986121289752e+01
4.673393437500000118e+02,-8.072631980613442693e+01
4.673396367187500005e+02,-9.186727797463112211e+01
4.673399296874999891e+02,-6.997022246905183351e+01
4.673402226562500346e+02,-6.845178139132772799e+01
4.673405156250000232e+02,-7.683335984586915401e+01
4.673408085937500118e+02,-7.227657544546731572e+01
4.673411015625000005e+02,-7.453931489756699591e+01
4.673413945312499891e+02,-7.357353402648033125e+01
4.673416875000000346e+02,-7.637500885984813692e+01
4.673419804687500232e+02,-8.256086915727115638e+01
4.673422734375000118e+02,-7.626236925157871838e+01
4.673425664062500005e+02,-7.316814002770995273e+01
4.673428593749999891e+02,-7.584229001196209197e+01
4.673431523437500346e+02,-7.941194712875525852e+01
4.673434453125000232e+02,-7.679923978206942081e+01
4.673437382812500118e+02,-9.929151962210490012e+01
4.673440312500000005e+02,-8.564752025539625890e+01
4.673443242187499891e+02,-7.448281112993947772e+01
4.673446171875000346e+02,-7.798700204293251659e+01
4.673449101562500232e+02,-7.998420841261412306e+01
4.673452031250000118e+02,-8.080531045971923731e+01
4.673454960937500005e+02,-7.085667975597621648e+01
4.673457890624999891e+02,-7.227949260594166958e+01
4.673460820312500346e+02,-7.810588787396612531e+01
4.673463750000000232e+02,-8.039149855800799571e+01
4.673466679687500118e+02,-7.659015194599828646e+01
4.673469609375000005e+02,-7.114239662988040891e+01
4.673472539062499891e+02,-7.252283186116400771e+01
4.673475468750000346e+02,-8.422928772536387498e+01
4.673478398437500232e+02,-7.536388663564090962e+01
4.673481328125000118e+02,-7.715150966700065283e+01
4.673484257812500005e+02,-7.655679415000132337e+01
4.673487187499999891e+02,-7.527914948384355398e+01
4.673490117187500346e+02,-8.187412661583221052e+01
4.673493046875000232e+02,-9.399295600661120886e+01
4.673495976562500118e+02,-7.981437859862072060e+01
4.673498906250000005e+02,-7.384449583094475145e+01
4.673501835937499891e+02,-7.339561015545466205e+01
4.673504765625000346e+02,-7.669520646854374490e+01
4.673507695312500232e+02,-8.725679215578067272e+01
4.673510625000000118e+02,-9.508429286963213656e+01
4.673513554687500005e+02,-7.319606199366629085e+01
4.673516484374999891e+02,-8.376842012806730509e+01
4.673519414062500346e+02,-7.500358689466740714e+01
4.673522343750000232e+02,-7.605158835268149176e+01
4.673525273437500118e+02,-8.782180453490778405e+01
4.673528203125000005e+02,-7.276747948682651668e+01
4.673531132812499891e+02,-7.398637681589254100e+01
4.673534062500000346e+02,-7.402666908219001130e+01
4.673536992187500232e+02,-7.178560014245051946e+01
4.673539921875000118e+02,-7.539505462236091660e+01
4.673542851562500005e+02,-7.753776747317363061e+01
4.673545781249999891e+02,-8.113328345748291781e+01
4.673548710937500346e+02,-8.374005344199339618e+01
4.673551640625000232e+02,-7.973172809842267839e+01
4.673554570312500118e+02,-7.443244216063445151e+01
4.673557500000000005e+02,-7.662558040512807622e+01
4.673560429687499891e+02,-7.180292241427382294e+01
4.673563359375000346e+02,-7.877956516089217587e+01
4.673566289062500232e+02,-7.409589652817619765e+01
4.673569218750000118e+02,-7.006389380777113729e+01
4.673572148437500005e+02,-7.265760775417922446e+01
4.673575078124999891e+02,-7.509562842319127185e+01
4.673578007812500346e+02,-7.399069826674471528e+01
4.673580937500000232e+02,-8.326409274380711167e+01
4.673583867187500118e+02,-7.663579497518514927e+01
4.673586796875000005e+02,-7.180514868261325034e+01
4.673589726562499891e+02,-7.180874786237139062e+01
4.673592656250000346e+02,-7.678567318889460580e+01
4.673595585937500232e+02,-7.316746263153288510e+01
4.673598515625000118e+02,-7.402409930319366538e+01
4.673601445312500005e+02,-7.333087115855823868e+01
4.673604374999999891e+02,-6.791179260983737720e+01
4.673607304687500346e+02,-6.881239025316816083e+01
4.673610234375000232e+02,-7.991803901885540995e+01
4.673613164062500118e+02,-7.779409412176468663e+01
4.673616093750000005e+02,-7.520615264565266500e+01
4.673619023437499891e+02,-7.457943097416149669e+01
4.673621953125000346e+02,-7.404670215638213904e+01
4.673624882812500232e+02,-8.974171398427607471e+01
4.673627812500000118e+02,-7.526437816133291392e+01
4.673630742187500005e+02,-7.047922971659804148e+01
4.673633671874999891e+02,-7.042319276353481428e+01
4.673636601562500346e+02,-8.038069359214051701e+01
4.673639531250000232e+02,-7.019332480805927332e+01
4.673642460937500118e+02,-6.880008377361285454e+01
4.673645390625000005e+02,-7.288563005212714074e+01
4.673648320312499891e+02,-8.173880879542723221e+01
4.673651250000000346e+02,-7.410333038062100286e+01
4.673654179687500232e+02,-8.099277206881977520e+01
4.673657109375000118e+02,-7.199671405890484266e+01
4.673660039062500005e+02,-7.354563530256208992e+01
4.673662968749999891e+02,-7.625181258627281977e+01
4.673665898437500346e+02,-8.113540113284516053e+01
4.673668828125000232e+02,-9.172200701033796122e+01
4.673671757812500118e+02,-7.671058395327511903e+01
4.673674687500000005e+02,-7.644887614571840118e+01
4.673677617187499891e+02,-8.834777493157405104e+01
4.673680546875000346e+02,-8.031362818829721562e+01
4.673683476562500232e+02,-7.907230244144749065e+01
4.673686406250000118e+02,-7.920037007285648656e+01
4.673689335937500005e+02,-7.645788007175571011e+01
4.673692265624999891e+02,-7.833933682493552908e+01
4.673695195312500346e+02,-7.279215596155356138e+01
4.673698125000000232e+02,-7.299922011001950750e+01
4.673701054687500118e+02,-7.754547325803395097e+01
4.673703984375000005e+02,-7.590296281682205404e+01
4.673706914062499891e+02,-7.360629889055081776e+01
4.673709843750000346e+02,-7.710271996742667966e+01
4.673712773437500232e+02,-7.588389744624994648e+01
4.673715703125000118e+02,-7.860527491404725708e+01
4.673718632812500005e+02,-8.566179977996247885e+01
4.673721562499999891e+02,-7.535013320210586585e+01
4.673724492187500346e+02,-8.909948205842135849e+01
4.673727421875000232e+02,-7.237579923014155270e+01
4.673730351562500118e+02,-7.115342346704036913e+01
4.673733281250000005e+02,-7.785723130775595280e+01
4.673736210937499891e+02,-7.304732116363391015e+01
4.673739140625000346e+02,-7.071106805874532597e+01
4.673742070312500232e+02,-7.183970597299547478e+01
4.673745000000000118e+02,-7.597992533700681861e+01
4.673747929687500005e+02,-7.752950847901600184e+01
4.673750859374999891e+02,-7.279017062302895624e+01
4.673753789062500346e+02,-7.250359814807283954e+01
4.673756718750000232e+02,-7.303900456411756181e+01
4.673759648437500118e+02,-7.279218894500414194e+01
4.673762578125000005e+02,-7.025157055772299941e+01
4.673765507812499891e+02,-6.927796755000098017e+01
4.673768437500000346e+02,-7.596953213499388369e+01
4.673771367187500232e+02,-8.023135405105463747e+01
4.673774296875000118e+02,-8.207610014209201665e+01
4.673777226562500005e+02,-7.774149416224693709e+01
4.673780156249999891e+02,-8.098081651479419918e+01
4.673783085937500346e+02,-7.348711901168539384e+01
4.673786015625000232e+02,-7.665602759396843169e+01
4.673788945312500118e+02,-7.814112087580990362e+01
4.673791875000000005e+02,-7.642055490933853434e+01
4.673794804687499891e+02,-7.817795765790859264e+01
4.673797734375000346e+02,-7.071540894766917518e+01
4.673800664062500232e+02,-8.182482032477089717e+01
4.673803593750000118e+02,-8.873921143722688498e+01
4.673806523437500005e+02,-7.714531239187151357e+01
4.673809453124999891e+02,-7.524362267018386774e+01
4.673812382812500346e+02,-7.395059459406569147e+01
4.673815312500000232e+02,-7.958010770810459178e+01
4.673818242187500118e+02,-7.711607709290893808e+01
4.673821171875000005e+02,-7.437626530358586763e+01
4.673824101562499891e+02,-7.463920968219835572e+01
4.673827031250000346e+02,-7.687344940197456822e+01
4.673829960937500232e+02,-8.559258629598643608e+01
4.673832890625000118e+02,-7.597921327745778797e+01
4.673835820312500005e+02,-7.092325144767134759e+01
4.673838749999999891e+02,-7.259348309918654252e+01
4.673841679687500346e+02,-7.217915907340001525e+01
4.673844609375000232e+02,-7.309079001070958270e+01
4.673847539062500118e+02,-7.513189096129337941e+01
4.673850468750000005e+02,-8.173947511937571164e+01
4.673853398437499891e+02,-7.770407397002180971e+01
4.673856328125000346e+02,-7.304096883025835041e+01
4.673859257812500232e+02,-7.102401632453094749e+01
4.673862187500000118e+02,-7.765407120656460904e+01
4.673865117187500005e+02,-7.964928860210420680e+01
4.673868046874999891e+02,-7.803129673789193532e+01
4.673870976562500346e+02,-7.570701359602460911e+01
4.673873906250000232e+02,-7.763932392298889340e+01
4.673876835937500118e+02,-7.204361843729523684e+01
4.673879765625000005e+02,-7.505260286107053957e+01
4.673882695312499891e+02,-8.089443319307622460e+01
4.673885625000000346e+02,-7.801131206196552625e+01
4.673888554687500232e+02,-7.832222428958206706e+01
4.673891484375000118e+02,-7.650587563064250674e+01
4.673894414062500005e+02,-7.478888714275144878e+01
4.673897343749999891e+02,-7.285450978965400282e+01
4.673900273437500346e+02,-7.831831041338334387e+01
4.673903203125000232e+02,-7.087168941033696967e+01
4.673906132812500118e+02,-6.680510949698305012e+01
4.673909062500000005e+02,-7.009306224656296536e+01
4.673911992187499891e+02,-7.648765350339483859e+01
4.673914921875000346e+02,-7.805988614702094708e+01
4.673917851562500232e+02,-7.536460343708866105e+01
4.673920781250000118e+02,-7.304309294615832471e+01
4.673923710937500005e+02,-7.171819852756803471e+01
4.673926640624999891e+02,-7.113943944041145073e+01
4.673929570312500346e+02,-7.256219117802289986e+01
4.673932500000000232e+02,-7.354939652970107034e+01
4.673935429687500118e+02,-7.093248501696314179e+01
4.673938359375000005e+02,-7.550596634066178581e+01
4.673941289062499891e+02,-9.203525047449284102e+01
4.673944218750000346e+02,-8.389643547134485857e+01
4.673947148437500232e+02,-7.364901138485885213e+01
4.673950078125000118e+02,-7.107685243758426452e+01
4.673953007812500005e+02,-7.518391522223048185e+01
4.673955937499999891e+02,-8.042472494982456510e+01
4.673958867187500346e+02,-8.576070495927979209e+01
4.673961796875000232e+02,-7.194508894058446913e+01
4.673964726562500118e+02,-7.172699122472963040e+01
4.673967656250000005e+02,-7.605027411366125989e+01
4.673970585937499891e+02,-7.880227347383805636e+01
4.673973515625000346e+02,-7.884984323967077557e+01
4.673976445312500232e+02,-7.430826783608418395e+01
4.673979375000000118e+02,-7.360572948697958395e+01
4.673982304687500005e+02,-7.871348494103207827e+01
4.673985234374999891e+02,-7.649238611679142252e+01
4.673988164062500346e+02,-8.559552294049302645e+01
4.673991093750000232e+02,-7.530921411778035690e+01
4.673994023437500118e+02,-7.586494726788271237e+01
4.673996953125000005e+02,-8.617097966863660474e+01
4.673999882812499891e+02,-7.873885077415258138e+01
4.674002812500000346e+02,-8.211191210188277978e+01
4.674005742187500232e+02,-8.991298461235105322e+01
4.674008671875000118e+02,-7.251142035060708224e+01
4.674011601562500005e+02,-6.814090680830021540e+01
4.674014531249999891e+02,-7.006916503501042826e+01
4.674017460937500346e+02,-6.974217509094177103e+01
4.674020390625000232e+02,-6.724376741113161415e+01
4.674023320312500118e+02,-6.565047675585093145e+01
4.674026250000000005e+02,-7.135641493079113218e+01
4.674029179687499891e+02,-7.934879951501437745e+01
4.674032109375000346e+02,-7.595254663514012350e+01
4.674035039062500232e+02,-7.419628259808519033e+01
4.674037968750000118e+02,-6.832032141419259119e+01
4.674040898437500005e+02,-8.726173629670080345e+01
4.674043828124999891e+02,-7.034723490371915489e+01
4.674046757812500346e+02,-7.132323461807794729e+01
4.674049687500000232e+02,-7.066341620535973789e+01
4.674052617187500118e+02,-6.540792360311399989e+01
4.674055546875000005e+02,-6.855193799230039531e+01
4.674058476562499891e+02,-8.004655823906406908e+01
4.674061406250000346e+02,-8.398741338725669436e+01
4.674064335937500232e+02,-9.007147613724741575e+01
4.674067265625000118e+02,-7.278292252513853100e+01
4.674070195312500005e+02,-7.547179581451884189e+01
4.674073124999999891e+02,-6.941960940236231181e+01
4.674076054687500346e+02,-7.143887717504958346e+01
4.674078984375000232e+02,-7.219336414227969101e+01
4.674081914062500118e+02,-7.013475150813232517e+01
4.674084843750000005e+02,-7.057564738705428908e+01
4.674087773437499891e+02,-6.669215207473163787e+01
4.674090703125000346e+02,-6.717759814836263388e+01
4.674093632812500232e+02,-6.856020326149882749e+01
4.674096562500000118e+02,-7.270956266366739840e+01
4.674099492187500005e+02,-7.126149784188969249e+01
4.674102421874999891e+02,-7.300615485332116350e+01
4.674105351562500346e+02,-7.145612391769348903e+01
4.674108281250000232e+02,-7.896325556860827533e+01
4.674111210937500118e+02,-7.298590382053127712e+01
4.674114140625000005e+02,-6.905710354522177852e+01
4.674117070312499891e+02,-7.031621605627084648e+01
4.674120000000000346e+02,-6.828798872087213567e+01
4.674122929687500232e+02,-6.927289807896873697e+01
4.674125859375000118e+02,-6.775989793304363218e+01
4.674128789062500005e+02,-6.872255305871212272e+01
4.674131718749999891e+02,-7.187884406074341825e+01
4.674134648437500346e+02,-7.587019921554319524e+01
4.674137578125000232e+02,-7.640781173498345424e+01
4.674140507812500118e+02,-7.430282998090450519e+01
4.674143437500000005e+02,-7.394213074499113247e+01
4.674146367187499891e+02,-7.383707764693697584e+01
4.674149296875000346e+02,-7.428326893016306087e+01
4.674152226562500232e+02,-7.428199874519529544e+01
4.674155156250000118e+02,-7.131983778161310283e+01
4.674158085937500005e+02,-7.036076206829979185e+01
4.674161015624999891e+02,-7.001267349473140200e+01
4.674163945312500346e+02,-6.871053015228422112e+01
4.674166875000000232e+02,-6.885184009545589845e+01
4.674169804687500118e+02,-8.021116445757610336e+01
4.674172734375000005e+02,-7.441357684007493845e+01
4.674175664062499891e+02,-7.795490735559681639e+01
4.674178593750000346e+02,-7.075514703416016005e+01
4.674181523437500232e+02,-6.996713333027057047e+01
4.674184453125000118e+02,-7.212427357043982568e+01
4.674187382812500005e+02,-6.780681889346352875e+01
4.674190312499999891e+02,-7.072012311793466210e+01
4.674193242187500346e+02,-7.404629798521538930e+01
4.674196171875000232e+02,-6.739615633563147412e+01
4.674199101562500118e+02,-6.625385574670724509e+01
4.674202031250000005e+02,-7.029786809716689788e+01
4.674204960937499891e+02,-6.498437471854980174e+01
4.674207890625000346e+02,-6.988338407481150227e+01
4.674210820312500232e+02,-7.452271892680175824e+01
4.674213750000000118e+02,-7.442465004857048427e+01
4.674216679687500005e+02,-7.367356583544561488e+01
4.674219609374999891e+02,-7.324496860799146702e+01
4.674222539062500346e+02,-7.188923268036150205e+01
4.674225468750000232e+02,-7.674814484621964539e+01
4.674228398437500118e+02,-9.118766141225499666e+01
4.674231328125000005e+02,-7.337861651988501421e+01
4.674234257812499891e+02,-8.368016800238358144e+01
4.674237187500000346e+02,-7.285964674302830701e+01
4.674240117187500232e+02,-7.131762703104030265e+01
4.674243046875000118e+02,-6.742635351097375462e+01
4.674245976562500005e+02,-6.899669796757153506e+01
4.674248906249999891e+02,-7.864795826027162207e+01
4.674251835937500346e+02,-7.801777394317520020e+01
4.674254765625000232e+02,-7.680152595635240687e+01
4.674257695312500118e+02,-7.714635761405841663e+01
4.674260625000000005e+02,-7.420324059050298615e+01
4.674263554687499891e+02,-7.396187422886220020e+01
4.674266484375000346e+02,-7.324939962620317147e+01
4.674269414062500232e+02,-7.237025705018606914e+01
4.674272343750000118e+02,-7.032054769974476471e+01
4.674275273437500005e+02,-7.591952987783116669e+01
4.674278203124999891e+02,-8.541907252804250561e+01
4.674281132812500346e+02,-7.023033551677538355e+01
4.674284062500000232e+02,-7.256779063420771081e+01
4.674286992187500118e+02,-8.378607289518903656e+01
4.674289921875000005e+02,-7.271669954507495959e+01
4.674292851562499891e+02,-6.857029085114633915e+01
4.674295781250000346e+02,-6.822690376526752232e+01
4.674298710937500232e+02,-7.830614274351334814e+01
4.674301640625000118e+02,-7.760359797712924035e+01
4.674304570312500005e+02,-7.745180066506610217e+01
4.674307499999999891e+02,-7.746252197199585510e+01
4.674310429687500346e+02,-7.389222333055263903e+01
4.674313359375000232e+02,-7.981379905870116431e+01
4.674316289062500118e+02,-6.682358921507783123e+01
4.674319218750000005e+02,-6.619643250306828008e+01
4.674322148437499891e+02,-6.912627227960111043e+01
4.674325078125000346e+02,-8.385087040453362306e+01
4.674328007812500232e+02,-8.045049036700046940e+01
4.674330937500000118e+02,-8.073498650068793836e+01
4.674333867187500005e+02,-7.643219467484355789e+01
4.674336796874999891e+02,-7.466434338328528497e+01
4.674339726562500346e+02,-8.199096928393798578e+01
4.674342656250000232e+02,-7.646840908488725574e+01
4.674345585937500118e+02,-7.221956805459258533e+01
4.674348515625000005e+02,-7.163998907796521110e+01
4.674351445312499891e+02,-6.545171176182395811e+01
4.674354375000000346e+02,-6.416690526809327366e+01
4.674357304687500232e+02,-6.768701637479226463e+01
4.674360234375000118e+02,-7.082707442601275716e+01
4.674363164062500005e+02,-8.041282942101140918e+01
4.674366093749999891e+02,-7.324678657361356215e+01
4.674369023437500346e+02,-7.528885681626135806e+01
4.674371953125000232e+02,-7.905885271973798467e+01
4.674374882812500118e+02,-6.790154539967934966e+01
4.674377812500000005e+02,-6.561660668481979997e+01
4.674380742187499891e+02,-6.530123725251603162e+01
4.674383671875000346e+02,-6.914557719242250755e+01
4.674386601562500232e+02,-6.675810588042851634e+01
4.674389531250000118e+02,-6.710602738410661061e+01
4.674392460937500005e+02,-6.804268502363534310e+01
4.674395390624999891e+02,-7.224600594870301506e+01
4.674398320312500346e+02,-7.369992441939169225e+01
4.674401250000000232e+02,-7.209144463602288511e+01
4.674404179687500118e+02,-8.225373675763603387e+01
4.674407109375000005e+02,-8.128361246957493336e+01
4.674410039062499891e+02,-8.071437841574493177e+01
4.674412968750000346e+02,-7.443602603592526634e+01
4.674415898437500232e+02,-7.973364157395235452e+01
4.674418828125000118e+02,-8.326084651320756791e+01
4.674421757812500005e+02,-7.123963101330463132e+01
4.674424687499999891e+02,-6.954664393238304854e+01
4.674427617187500346e+02,-7.416942570531260515e+01
4.674430546875000232e+02,-8.663479915832081701e+01
4.674433476562500118e+02,-7.452978014125488926e+01
4.674436406250000005e+02,-6.582930038290425045e+01
4.674439335937499891e+02,-6.684712599336469907e+01
4.674442265625000346e+02,-7.262994784992686448e+01
4.674445195312500232e+02,-7.332290017750790412e+01
4.674448125000000118e+02,-7.652459381011530581e+01
4.674451054687500005e+02,-6.990345785991468119e+01
4.674453984374999891e+02,-6.929364587467962622e+01
4.674456914062500346e+02,-7.671605408336328935e+01
4.674459843750000232e+02,-6.914965654535336625e+01
4.674462773437500118e+02,-7.433856652180745073e+01
4.674465703125000005e+02,-7.299217431145459045e+01
4.674468632812499891e+02,-6.761521182479641823e+01
4.674471562500000346e+02,-7.223719829609717635e+01
4.674474492187500232e+02,-8.727992634175652142e+01
4.674477421875000118e+02,-8.202317196320007042e+01
4.674480351562500005e+02,-7.447199101657385256e+01
4.674483281249999891e+02,-7.125178499777913999e+01
4.674486210937500346e+02,-7.687801663346120051e+01
4.674489140625000232e+02,-7.149175658761996033e+01
4.674492070312500118e+02,-7.275378535159921967e+01
4.674495000000000005e+02,-7.040280779784137621e+01
4.674497929687499891e+02,-7.658642310027654787e+01
4.674500859375000346e+02,-7.597867450973575387e+01
4.674503789062500232e+02,-8.106824888475705393e+01
4.674506718750000118e+02,-8.642958392405121515e+01
4.674509648437500005e+02,-7.336980408249461050e+01
4.674512578124999891e+02,-7.478671847295305497e+01
4.674515507812500346e+02,-8.577763990110520353e+01
4.674518437500000232e+02,-8.054499872385980552e+01
4.674521367187500118e+02,-8.002175209066423633e+01
4.674524296875000005e+02,-8.354929311274196380e+01
4.674527226562499891e+02,-7.258864549164060520e+01
4.674530156250000346e+02,-6.830395414187724157e+01
4.674533085937500232e+02,-7.078342923350544424e+01
4.674536015625000118e+02,-7.516168103193601269e+01
4.674538945312500005e+02,-7.707247209876196337e+01
4.674541874999999891e+02,-7.180067783984866026e+01
4.674544804687500346e+02,-8.063977335524890577e+01
4.674547734375000232e+02,-7.590375145160608383e+01
4.674550664062500118e+02,-8.911083753325384293e+01
4.674553593750000005e+02,-7.285546235365377754e+01
4.674556523437499891e+02,-7.673644344276272022e+01
4.674559453125000346e+02,-8.066938083769038315e+01
4.674562382812500232e+02,-7.851638043098292030e+01
4.674565312500000118e+02,-8.488306591908713017e+01
4.674568242187500005e+02,-8.866175310489384742e+01
4.674571171874999891e+02,-8.078068221417447603e+01
4.674574101562500346e+02,-7.526950924634482476e+01
4.674577031250000232e+02,-6.995556358375250738e+01
4.674579960937500118e+02,-6.836456951650082203e+01
4.674582890625000005e+02,-7.094069349766753874e+01
4.674585820312499891e+02,-9.736222633652759839e+01
4.674588750000000346e+02,-7.777824029774892267e+01
4.674591679687500232e+02,-8.234046748338739974e+01
4.674594609375000118e+02,-7.186117262430971664e+01
4.674597539062500005e+02,-7.885756089099024280e+01
4.674600468749999891e+02,-7.730996383401260630e+01
4.674603398437500346e+02,-6.864854016950994264e+01
4.674606328125000232e+02,-6.582021440669308276e+01
4.674609257812500118e+02,-7.445240592029217908e+01
4.674612187500000005e+02,-7.604107094300809422e+01
4.674615117187499891e+02,-6.860169198152748038e+01
4.674618046875000346e+02,-7.128701051132065913e+01
4.674620976562500232e+02,-7.729242807523984027e+01
4.674623906250000118e+02,-7.335432714109138885e+01
4.674626835937500005e+02,-7.134766696853813528e+01
4.674629765624999891e+02,-7.415850082209941263e+01
4.674632695312500346e+02,-7.267650863932462357e+01
4.674635625000000232e+02,-7.430121972525627427e+01
4.674638554687500118e+02,-7.638331660257901490e+01
4.674641484375000005e+02,-6.713324479390632860e+01
4.674644414062499891e+02,-6.909674391583047282e+01
4.674647343750000346e+02,-7.745040971857220313e+01
4.674650273437500232e+02,-7.429548493835491740e+01
4.674653203125000118e+02,-7.190198358088463237e+01
4.674656132812500005e+02,-7.768529796240089524e+01
4.674659062499999891e+02,-7.393930063361690941e+01
4.674661992187500346e+02,-7.806991731301147297e+01
4.674664921875000232e+02,-7.857711067147553763e+01
4.674667851562500118e+02,-7.119373030962698579e+01
4.674670781250000005e+02,-6.893394215532507019e+01
4.674673710937499891e+02,-6.940169887880402655e+01
4.674676640625000346e+02,-7.035622640550302265e+01
4.674679570312500232e+02,-6.700443261641082415e+01
4.674682500000000118e+02,-6.683502652631894136e+01
4.674685429687500005e+02,-7.475189522995380287e+01
4.674688359374999891e+02,-7.708337942097087137e+01
4.674691289062500346e+02,-8.083317620352742949e+01
4.674694218750000232e+02,-8.807010323316455924e+01
4.674697148437500118e+02,-7.352743580459150508e+01
4.674700078125000005e+02,-7.074523623288644103e+01
4.674703007812499891e+02,-8.371459552919381508e+01
4.674705937500000346e+02,-6.858056709512030125e+01
4.674708867187500232e+02,-7.164338964436316814e+01
4.674711796875000118e+02,-7.363697908993692920e+01
4.674714726562500005e+02,-6.909195781003319325e+01
4.674717656249999891e+02,-7.271805328152913717e+01
4.674720585937500346e+02,-7.262934228784365587e+01
4.674723515625000232e+02,-7.265198906030953196e+01
4.674726445312500118e+02,-7.427344468276794487e+01
4.674729375000000005e+02,-7.307430347790914027e+01
4.674732304687499891e+02,-6.928028678951162078e+01
4.674735234375000346e+02,-7.166510306645655248e+01
4.674738164062500232e+02,-7.243820945602050188e+01
4.674741093750000118e+02,-6.490920640594640645e+01
4.674744023437500005e+02,-6.945372741997887545e+01
4.674746953124999891e+02,-6.618372067866278030e+01
4.674749882812500346e+02,-6.581731117862186409e+01
4.674752812500000232e+02,-8.609588554346186129e+01
4.674755742187500118e+02,-7.723272950094538203e+01
4.674758671875000005e+02,-7.010169887566122782e+01
4.674761601562499891e+02,-6.570957956321657889e+01
4.674764531250000346e+02,-6.732694893766617383e+01
4.674767460937500232e+02,-8.121538016872123933e+01
4.674770390625000118e+02,-6.998650704819149837e+01
4.674773320312500005e+02,-6.860326999024290728e+01
4.674776249999999891e+02,-6.819192047169603654e+01
4.674779179687500346e+02,-6.979552748699660469e+01
4.674782109375000232e+02,-7.281748723863759665e+01
4.674785039062500118e+02,-7.418449098149680765e+01
4.674787968750000005e+02,-6.874299290158813847e+01
4.674790898437499891e+02,-8.093031126182688695e+01
4.674793828125000346e+02,-6.827802722587661322e+01
4.674796757812500232e+02,-6.610440882575693422e+01
4.674799687500000118e+02,-7.063457115529627117e+01
4.674802617187500005e+02,-6.470034999725237412e+01
4.674805546874999891e+02,-5.919821402794761411e+01
4.674808476562500346e+02,-6.489481355122514117e+01
4.674811406250000232e+02,-6.322461953410385860e+01
4.674814335937500118e+02,-5.907383065142003176e+01
4.674817265625000005e+02,-6.466161761780064410e+01
4.674820195312499891e+02,-6.816090811093191348e+01
4.674823125000000346e+02,-6.976358016903586190e+01
4.674826054687500232e+02,-6.462236197532438098e+01
4.674828984375000118e+02,-6.735886025372388985e+01
4.674831914062500005e+02,-6.926898881771205652e+01
4.674834843749999891e+02,-6.654663880483434468e+01
4.674837773437500346e+02,-7.169376783059800573e+01
4.674840703125000232e+02,-7.053990598510003451e+01
4.674843632812500118e+02,-6.564304732551308064e+01
4.674846562500000005e+02,-6.622831713745461002e+01
4.674849492187499891e+02,-7.623207892902524918e+01
4.674852421875000346e+02,-6.983114558924442861e+01
4.674855351562500232e+02,-6.485391578825431225e+01
4.674858281250000118e+02,-6.405786278477337703e+01
4.674861210937500005e+02,-5.901969856405224846e+01
4.674864140624999891e+02,-6.164248811446930176e+01
4.674867070312500346e+02,-7.159703603993403931e+01
4.674870000000000232e+02,-6.306452598067672000e+01
4.674872929687500118e+02,-7.237449895152371937e+01
4.674875859375000005e+02,-7.583758362883963855e+01
4.674878789062499891e+02,-7.197129796666824575e+01
4.674881718750000346e+02,-7.644001218788400820e+01
4.674884648437500232e+02,-7.538003793444404721e+01
4.674887578125000118e+02,-6.888937192229997208e+01
4.674890507812500005e+02,-7.963273299990655119e+01
4.674893437499999891e+02,-6.411699177965510899e+01
4.674896367187500346e+02,-6.054664715812991460e+01
4.674899296875000232e+02,-6.361930872829026384e+01
4.674902226562500118e+02,-7.085575711535211951e+01
4.674905156250000005e+02,-7.383438194006200206e+01
4.674908085937499891e+02,-8.912842561439126143e+01
4.674911015625000346e+02,-6.853685630706269194e+01
4.674913945312500232e+02,-6.941904053960588783e+01
4.674916875000000118e+02,-7.285754789693484668e+01
4.674919804687500005e+02,-6.662260865344592276e+01
4.674922734374999891e+02,-7.087634988596110475e+01
4.674925664062500346e+02,-7.563243204500420802e+01
4.674928593750000232e+02,-6.683767233864205082e+01
4.674931523437500118e+02,-6.978622522697224895e+01
4.674934453125000005e+02,-6.777510037032975276e+01
4.674937382812499891e+02,-6.433340348655993068e+01
4.674940312500000346e+02,-5.951067779996424889e+01
4.674943242187500232e+02,-5.765586404923779185e+01
4.674946171875000118e+02,-5.984115895787190453e+01
4.674949101562500005e+02,-6.396012668889969177e+01
4.674952031249999891e+02,-7.242031737473645592e+01
4.674954960937500346e+02,-7.331089000715140003e+01
4.674957890625000232e+02,-6.733394881235662410e+01
4.674960820312500118e+02,-6.629404571836930415e+01
4.674963750000000005e+02,-7.203972621629223738e+01
4.674966679687499891e+02,-6.778456845471423264e+01
4.674969609375000346e+02,-5.945518187739637028e+01
4.674972539062500232e+02,-7.083265891189239483e+01
4.674975468750000118e+02,-6.168317222359539187e+01
4.674978398437500005e+02,-6.292501770361067059e+01
4.674981328124999891e+02,-6.890262993054737706e+01
4.674984257812500346e+02,-6.871117835319910228e+01
4.674987187500000232e+02,-6.276454836029693496e+01
4.674990117187500118e+02,-6.425371165999247580e+01
4.674993046875000005e+02,-6.923100293229431657e+01
4.674995976562499891e+02,-6.496295878039781257e+01
4.674998906250000346e+02,-6.213153062483726785e+01
4.675001835937500232e+02,-6.194171234169581908e+01
4.675004765625000118e+02,-6.389037947525608985e+01
4.675007695312500005e+02,-6.820649363028071832e+01
4.675010624999999891e+02,-6.442018939313432213e+01
4.675013554687500346e+02,-6.480542593915136251e+01
4.675016484375000232e+02,-6.289913588241873299e+01
4.675019414062500118e+02,-6.416083981948146686e+01
4.675022343750000005e+02,-6.568318310797255322e+01
4.675025273437499891e+02,-6.929655605289299558e+01
4.675028203125000346e+02,-7.066513904635145593e+01
4.675031132812500232e+02,-6.852138051112142136e+01
4.675034062500000118e+02,-6.756476632651882142e+01
4.675036992187500005e+02,-7.490516697415367275e+01
4.675039921874999891e+02,-8.126404902408049225e+01
4.675042851562500346e+02,-7.374089700964475469e+01
4.675045781250000232e+02,-7.120411947826165999e+01
4.675048710937500118e+02,-8.138969835257155694e+01
4.675051640625000005e+02,-6.542880282736356889e+01
4.675054570312499891e+02,-6.284144519460297573e+01
4.675057500000000346e+02,-6.794062334366044809e+01
4.675060429687500232e+02,-6.804441330995007320e+01
4.675063359375000118e+02,-6.933935672760367197e+01
4.675066289062500005e+02,-6.175032286243590818e+01
4.675069218749999891e+02,-6.658394736152972371e+01
4.675072148437500346e+02,-6.772688638996976351e+01
4.675075078125000232e+02,-7.098734905126414674e+01
4.675078007812500118e+02,-9.273051362196802927e+01
4.675080937500000005e+02,-6.675323372158628388e+01
4.675083867187499891e+02,-6.128441144411854680e+01
4.675086796875000346e+02,-6.466475219840307886e+01
4.675089726562500232e+02,-6.921919309758459349e+01
4.675092656250000118e+02,-6.737886687042183098e+01
4.675095585937500005e+02,-7.007648716680277801e+01
4.675098515624999891e+02,-8.938884074925887546e+01
4.675101445312500346e+02,-7.315109755252348123e+01
4.675104375000000232e+02,-6.334924423959712669e+01
4.675107304687500118e+02,-6.350201878334428329e+01
4.675110234375000005e+02,-7.263108126560419464e+01
4.675113164062499891e+02,-6.829549425504875160e+01
4.675116093750000346e+02,-7.413277148915690873e+01
4.675119023437500232e+02,-6.560959813049342415e+01
4.675121953125000118e+02,-7.038070289895122755e+01
4.675124882812500005e+02,-6.628580119860704656e+01
4.675127812499999891e+02,-7.335781704679560278e+01
4.675130742187500346e+02,-7.052965935599232239e+01
4.675133671875000232e+02,-7.085326198083640747e+01
4.675136601562500118e+02,-6.741748749032444721e+01
4.675139531250000005e+02,-7.416157295626520352e+01
4.675142460937499891e+02,-6.903616713889179834e+01
4.675145390625000346e+02,-6.896282789486060949e+01
4.675148320312500232e+02,-6.445885207818145091e+01
4.675151250000000118e+02,-6.312408986340420824e+01
4.675154179687500005e+02,-6.265078497925057377e+01
4.675157109374999891e+02,-7.767541805832107116e+01
4.675160039062500346e+02,-7.037946104522768564e+01
4.675162968750000232e+02,-6.641150298753852610e+01
4.675165898437500118e+02,-6.552522940512508853e+01
4.675168828125000005e+02,-6.595107406873745504e+01
4.675171757812499891e+02,-7.658612324596349197e+01
4.675174687500000346e+02,-9.242788088280835268e+01
4.675177617187500232e+02,-7.803785403087253769e+01
4.675180546875000118e+02,-8.163404591450373005e+01
4.675183476562500005e+02,-7.143745967191331658e+01
4.675186406249999891e+02,-6.884141495260351462e+01
4.675189335937500346e+02,-6.467146420970030363e+01
4.675192265625000232e+02,-7.303509545358481603e+01
4.675195195312500118e+02,-7.832917984700125658e+01
4.675198125000000005e+02,-7.642932831611160793e+01
4.675201054687499891e+02,-6.847581363617017303e+01
4.675203984375000346e+02,-6.152443914809460068e+01
4.675206914062500232e+02,-6.699754794899097021e+01
4.675209843750000118e+02,-7.784281516435831350e+01
4.675212773437500005e+02,-8.282470344386049987e+01
4.675215703124999891e+02,-6.730751456025124924e+01
4.675218632812500346e+02,-6.804373310661360108e+01
4.675221562500000232e+02,-7.095108077282142744e+01
4.675224492187500118e+02,-7.074356652339542961e+01
4.675227421875000005e+02,-6.722770014452146370e+01
4.675230351562499891e+02,-7.090586561684489197e+01
4.675233281250000346e+02,-7.103502763357246863e+01
4.675236210937500232e+02,-6.384846856921093661e+01
4.675239140625000118e+02,-6.349927175806713819e+01
4.675242070312500005e+02,-6.642915791771929435e+01
4.675244999999999891e+02,-7.337855379984443971e+01
4.675247929687500346e+02,-6.969982792738805699e+01
4.675250859375000232e+02,-6.673043144157254858e+01
4.675253789062500118e+02,-6.740267521919572857e+01
4.675256718750000005e+02,-6.533697741662520286e+01
4.675259648437499891e+02,-6.426914219517867366e+01
4.675262578125000346e+02,-6.102274057170112798e+01
4.675265507812500232e+02,-5.324483006870401169e+01
4.675268437500000118e+02,-5.607140901333263372e+01
4.675271367187500005e+02,-8.110391114325381068e+01
4.675274296874999891e+02,-7.447500668147446845e+01
4.675277226562500346e+02,-7.166499874561804972e+01
4.675280156250000232e+02,-7.741117719459869306e+01
4.675283085937500118e+02,-6.792187358707346334e+01
4.675286015625000005e+02,-6.711274516090882969e+01
4.675288945312499891e+02,-6.378128049530194232e+01
4.675291875000000346e+02,-6.216225661359682420e+01
4.675294804687500232e+02,-6.574039026947119169e+01
4.675297734375000118e+02,-6.564587935911343664e+01
4.675300664062500005e+02,-7.943937103529769672e+01
4.675303593749999891e+02,-6.952432612428842162e+01
4.675306523437500346e+02,-8.050703447341058450e+01
4.675309453125000232e+02,-6.866672647274775443e+01
4.675312382812500118e+02,-6.126137866534664056e+01
4.675315312500000005e+02,-6.434112447266613799e+01
4.675318242187499891e+02,-9.114832751027661573e+01
4.675321171875000346e+02,-7.411411391102836888e+01
4.675324101562500232e+02,-7.465646586719297773e+01
4.675327031250000118e+02,-6.907948832677136863e+01
4.675329960937500005e+02,-6.999386546575418322e+01
4.675332890624999891e+02,-9.759126021700843978e+01
4.675335820312500346e+02,-7.655153431712633960e+01
4.675338750000000232e+02,-6.349839668882562194e+01
4.675341679687500118e+02,-7.655397000421965004e+01
4.675344609375000005e+02,-8.026394821337908070e+01
4.675347539062499891e+02,-6.386240851137158359e+01
4.675350468750000346e+02,-6.795769777418549040e+01
4.675353398437500232e+02,-6.111704688364915228e+01
4.675356328125000118e+02,-6.213960288603063020e+01
4.675359257812500005e+02,-6.572326452412929143e+01
4.675362187499999891e+02,-6.112263986916291003e+01
4.675365117187500346e+02,-5.978600608635542102e+01
4.675368046875000232e+02,-5.999325041715884055e+01
4.675370976562500118e+02,-6.428511338584974055e+01
4.675373906250000005e+02,-6.258466452826998250e+01
4.675376835937499891e+02,-5.471778756343077532e+01
4.675379765625000346e+02,-5.287877770632750440e+01
4.675382695312500232e+02,-5.704348022632061088e+01
4.675385625000000118e+02,-6.348905804313839951e+01
4.675388554687500005e+02,-7.578538355957438455e+01
4.675391484374999891e+02,-5.767308634951875490e+01
4.675394414062500346e+02,-5.766394954452415789e+01
4.675397343750000232e+02,-6.399788803639832224e+01
4.675400273437500118e+02,-5.984365525948484077e+01
4.675403203125000005e+02,-6.918772285310228654e+01
4.675406132812499891e+02,-6.039048391440849883e+01
4.675409062500000346e+02,-5.785079373661694291e+01
4.675411992187500232e+02,-5.988953638340714036e+01
4.675414921875000118e+02,-6.642754416020527231e+01
4.675417851562500005e+02,-5.585315089323121640e+01
4.675420781249999891e+02,-5.451107716400832714e+01
4.675423710937500346e+02,-6.962087138825620514e+01
4.675426640625000232e+02,-6.024173114379459548e+01
4.675429570312500118e+02,-5.731399960869630661e+01
4.675432500000000005e+02,-5.672538074522451268e+01
4.675435429687499891e+02,-5.350843192918176072e+01
4.675438359375000346e+02,-5.484246058900431819e+01
4.675441289062500232e+02,-5.597830714164649635e+01
4.675444218750000118e+02,-6.037316899430767592e+01
4.675447148437500005e+02,-5.885267716188755571e+01
4.675450078124999891e+02,-5.297402078339114695e+01
4.675453007812500346e+02,-5.211601910049687802e+01
4.675455937500000232e+02,-5.416792035644640180e+01
4.675458867187500118e+02,-6.350521742675434211e+01
4.675461796875000005e+02,-6.804092076126086397e+01
4.675464726562499891e+02,-5.458291737973095792e+01
4.675467656250000346e+02,-5.162678973103371760e+01
4.675470585937500232e+02,-5.474276804241014105e+01
4.675473515625000118e+02,-5.921303387851548905e+01
4.675476445312500005e+02,-6.227848434204528871e+01
4.675479374999999891e+02,-6.135100232945892174e+01
4.675482304687500346e+02,-7.559249458441983904e+01
4.675485234375000232e+02,-5.930555192383096141e+01
4.675488164062500118e+02,-5.836895064618623508e+01
4.675491093750000005e+02,-5.873624598399550223e+01
4.675494023437499891e+02,-5.598203140555320090e+01
4.675496953125000346e+02,-7.405141999558190946e+01
4.675499882812500232e+02,-6.015144144424294126e+01
4.675502812500000118e+02,-6.835497235756974987e+01
4.675505742187500005e+02,-6.477274833032899437e+01
4.675508671874999891e+02,-5.983714766702717469e+01
4.675511601562500346e+02,-5.393280757737371545e+01
4.675514531250000232e+02,-5.466506838258003143e+01
4.675517460937500118e+02,-5.839040830256064396e+01
4.675520390625000005e+02,-6.638465815352159893e+01
4.675523320312499891e+02,-6.303898460919534585e+01
4.675526250000000346e+02,-5.862908857206450364e+01
4.675529179687500232e+02,-6.320201875779162037e+01
4.675532109375000118e+02,-5.929575226223689555e+01
4.675535039062500005e+02,-5.789581232528534827e+01
4.675537968749999891e+02,-6.324262079475786891e+01
4.675540898437500346e+02,-6.070166869403700360e+01
4.675543828125000232e+02,-6.219552404334529427e+01
4.675546757812500118e+02,-5.748864892327804910e+01
4.675549687500000005e+02,-5.721026455231083219e+01
4.675552617187499891e+02,-5.713800628919954505e+01
4.675555546875000346e+02,-6.593538939411048716e+01
4.675558476562500232e+02,-5.498189738573592678e+01
4.675561406250000118e+02,-5.321563174769724469e+01
4.675564335937500005e+02,-5.546427517335263246e+01
4.675567265624999891e+02,-5.812012776024209870e+01
4.675570195312500346e+02,-6.714190992442547667e+01
4.675573125000000232e+02,-5.787891106213138670e+01
4.675576054687500118e+02,-6.153216421179624263e+01
4.675578984375000005e+02,-5.363371151352350807e+01
4.675581914062499891e+02,-5.556297931920521194e+01
4.675584843750000346e+02,-6.230899228448833327e+01
4.675587773437500232e+02,-5.533011786633205986e+01
4.675590703125000118e+02,-7.464752394865060126e+01
4.675593632812500005e+02,-5.343782319205178055e+01
4.675596562499999891e+02,-5.297605280490088120e+01
4.675599492187500346e+02,-5.484455071401974635e+01
4.675602421875000232e+02,-5.314751033478745512e+01
4.675605351562500118e+02,-5.114093620816949226e+01
4.675608281250000005e+02,-5.340731057651956348e+01
4.675611210937499891e+02,-5.647712929885845057e+01
4.675614140625000346e+02,-6.244194631011974650e+01
4.675617070312500232e+02,-5.654764131434810537e+01
4.675620000000000118e+02,-5.232817043388954659e+01
4.675622929687500005e+02,-5.998533289778255551e+01
4.675625859374999891e+02,-5.368576560622392435e+01
4.675628789062500346e+02,-5.320827755160752304e+01
4.675631718750000232e+02,-5.368621587321831612e+01
4.675634648437500118e+02,-5.457683344190409969e+01
4.675637578125000005e+02,-6.280751423397529010e+01
4.675640507812499891e+02,-5.814463132310372373e+01
4.675643437500000346e+02,-6.157065726220024260e+01
4.675646367187500232e+02,-6.384167911743912782e+01
4.675649296875000118e+02,-5.924678880876800946e+01
4.675652226562500005e+02,-6.357679771904915356e+01
4.675655156249999891e+02,-6.421506935868396226e+01
4.675658085937500346e+02,-6.378849666773871263e+01
4.675661015625000232e+02,-5.308856896585393059e+01
4.675663945312500118e+02,-5.273858198460256119e+01
4.675666875000000005e+02,-5.956634832488735043e+01
4.675669804687499891e+02,-5.514966333207016902e+01
4.675672734375000346e+02,-7.027058063843699642e+01
4.675675664062500232e+02,-6.233637454960409485e+01
4.675678593750000118e+02,-5.304127285516496215e+01
4.675681523437500005e+02,-5.514240231947715642e+01
4.675684453124999891e+02,-6.976513905815092187e+01
4.675687382812500346e+02,-6.630395144989991252e+01
4.675690312500000232e+02,-5.603891391835749403e+01
4.675693242187500118e+02,-5.784832647647257886e+01
4.675696171875000005e+02,-6.219225168308276608e+01
4.675699101562499891e+02,-6.282155630688886561e+01
4.675702031250000346e+02,-5.895648874569928921e+01
4.675704960937500232e+02,-5.287323946625975424e+01
4.675707890625000118e+02,-5.395558153410333802e+01
4.675710820312500005e+02,-6.358092623871919358e+01
4.675713749999999891e+02,-5.604301164847682060e+01
4.675716679687500346e+02,-6.851042416645083222e+01
4.675719609375000232e+02,-5.336383182526581237e+01
4.675722539062500118e+02,-5.164537111112502998e+01
4.675725468750000005e+02,-5.213004516535823996e+01
4.675728398437499891e+02,-5.963430430147639782e+01
4.675731328125000346e+02,-5.926241028122777976e+01
4.675734257812500232e+02,-5.633189209114541285e+01
4.675737187500000118e+02,-6.092567648996983820e+01
4.675740117187500005e+02,-5.130649332297323895e+01
4.675743046874999891e+02,-4.640504882813873166e+01
4.675745976562500346e+02,-4.870314770397002491e+01
4.675748906250000232e+02,-5.358293673507647270e+01
4.675751835937500118e+02,-4.860087368005388697e+01
4.675754765625000005e+02,-5.500125026866479061e+01
4.675757695312499891e+02,-5.568187860523831034e+01
4.675760625000000346e+02,-5.973237144831604439e+01
4.675763554687500232e+02,-5.557943168764428066e+01
4.675766484375000118e+02,-7.655040688170537067e+01
4.675769414062500005e+02,-6.372960347740817610e+01
4.675772343749999891e+02,-5.670251240579467833e+01
4.675775273437500346e+02,-5.855176550050974527e+01
4.675778203125000232e+02,-5.829010604100020743e+01
4.675781132812500118e+02,-5.300395370928713135e+01
4.675784062500000005e+02,-5.930566566539906148e+01
4.675786992187499891e+02,-6.714726453821539565e+01
4.675789921875000346e+02,-5.877776356157595217e+01
4.675792851562500232e+02,-5.672624947036062082e+01
4.675795781250000118e+02,-5.524028303109165705e+01
4.675798710937500005e+02,-4.856166612394886073e+01
4.675801640624999891e+02,-5.464915555043990736e+01
4.675804570312500346e+02,-6.219536031198244785e+01
4.675807500000000232e+02,-6.541085759276640488e+01
4.675810429687500118e+02,-5.462864473179492819e+01
4.675813359375000005e+02,-4.691055879353976366e+01
4.675816289062499891e+02,-4.580860792888739041e+01
4.675819218750000346e+02,-4.790761001683594600e+01
4.675822148437500232e+02,-5.218451872804097036e+01
4.675825078125000118e+02,-4.993598127416586152e+01
4.675828007812500005e+02,-4.958488362015634721e+01
4.675830937499999891e+02,-4.782236908204300363e+01
4.675833867187500346e+02,-4.747508089117132357e+01
4.675836796875000232e+02,-5.203295823456754476e+01
4.675839726562500118e+02,-5.700511991939505663e+01
4.675842656250000005e+02,-5.330033862207766759e+01
4.675845585937499891e+02,-5.141348462298051913e+01
4.675848515625000346e+02,-4.948947389118497853e+01
4.675851445312500232e+02,-5.045445455681633717e+01
4.675854375000000118e+02,-5.875554035075553116e+01
4.675857304687500005e+02,-5.901846147659442465e+01
4.675860234374999891e+02,-6.602715655226572267e+01
4.675863164062500346e+02,-6.753335234967892120e+01
4.675866093750000232e+02,-5.481296503201356529e+01
4.675869023437500118e+02,-5.476422431417481107e+01
4.675871953125000005e+02,-7.869559629008139723e+01
4.675874882812499891e+02,-4.931817939220265146e+01
4.675877812500000346e+02,-4.724261194041575607e+01
4.675880742187500232e+02,-5.050976920101538781e+01
4.675883671875000118e+02,-5.030515710254981343e+01
4.675886601562500005e+02,-3.679743613602386887e+01
4.675889531249999891e+02,-3.453164622812097662e+01
4.675892460937500346e+02,-5.201796196605328504e+01
4.675895390625000232e+02,-5.872383489971022641e+01
4.675898320312500118e+02,-5.666764851608920850e+01
4.675901250000000005e+02,-5.538551246588934163e+01
4.675904179687499891e+02,-4.844083628970792432e+01
4.675907109375000346e+02,-5.394850742394761767e+01
4.675910039062500232e+02,-5.628969859361048833e+01
4.675912968750000118e+02,-5.971624862113473142e+01
4.675915898437500005e+02,-5.442763015178145025e+01
4.675918828124999891e+02,-4.925721433920769954e+01
4.675921757812500346e+02,-5.195491847738955471e+01
4.675924687500000232e+02,-6.390276036133312232e+01
4.675927617187500118e+02,-5.051937380461049543e+01
4.675930546875000005e+02,-5.274137206535151279e+01
4.675933476562499891e+02,-5.182962092457395187e+01
4.675936406250000346e+02,-5.693517813310637621e+01
4.675939335937500232e+02,-6.060884183628032673e+01
4.675942265625000118e+02,-6.066621538739052966e+01
4.675945195312500005e+02,-6.203572218135832372e+01
4.675948124999999891e+02,-5.462567620404766444e+01
4.675951054687500346e+02,-5.371560286239819959e+01
4.675953984375000232e+02,-5.643641622237002053e+01
4.675956914062500118e+02,-5.139492551784861973e+01
4.675959843750000005e+02,-5.431032275527469722e+01
4.675962773437499891e+02,-6.713897016161749320e+01
4.675965703125000346e+02,-5.852600106391300017e+01
4.675968632812500232e+02,-5.512578429428903348e+01
4.675971562500000118e+02,-5.900982467735332904e+01
4.675974492187500005e+02,-5.941423056049223561e+01
4.675977421874999891e+02,-5.235179465489131445e+01
4.675980351562500346e+02,-5.272070131908401436e+01
4.675983281250000232e+02,-5.601679671618549605e+01
4.675986210937500118e+02,-5.326394183011807115e+01
4.675989140625000005e+02,-6.448973821925385153e+01
4.675992070312499891e+02,-4.938041246863750899e+01
4.675995000000000346e+02,-4.797018295919161801e+01
4.675997929687500232e+02,-5.320598256277313709e+01
4.676000859375000118e+02,-6.501143158697365720e+01
4.676003789062500005e+02,-6.781922907203154693e+01
4.676006718749999891e+02,-5.759988871122619258e+01
4.676009648437500346e+02,-6.212520222664536362e+01
4.676012578125000232e+02,-6.627168295038514145e+01
4.676015507812500118e+02,-6.148359665562898613e+01
4.676018437500000005e+02,-5.134748066272291567e+01
4.676021367187499891e+02,-5.348617037216740044e+01
4.676024296875000346e+02,-6.279643352045255256e+01
4.676027226562500232e+02,-5.281299590799100940e+01
4.676030156250000118e+02,-5.352899425481145101e+01
4.676033085937500005e+02,-5.710053607465697212e+01
4.676036015624999891e+02,-5.738782721319780933e+01
4.676038945312500346e+02,-6.375593977412225399e+01
4.676041875000000232e+02,-6.138680125514039787e+01
4.676044804687500118e+02,-5.441899108007604724e+01
4.676047734375000005e+02,-5.653370151744253747e+01
4.676050664062499891e+02,-5.823404307813653702e+01
4.676053593750000346e+02,-4.911994512043123251e+01
4.676056523437500232e+02,-5.116093173726167009e+01
4.676059453125000118e+02,-6.076802080636892356e+01
4.676062382812500005e+02,-6.069085175678645072e+01
4.676065312499999891e+02,-5.943216482492063335e+01
4.676068242187500346e+02,-5.929852706581917943e+01
4.676071171875000232e+02,-6.214221503291364002e+01
4.676074101562500118e+02,-6.096810711494890711e+01
4.676077031250000005e+02,-5.279957248150122950e+01
4.676079960937499891e+02,-5.523681262697732564e+01
4.676082890625000346e+02,-6.735544146384837916e+01
4.676085820312500232e+02,-6.389876710513145497e+01
4.676088750000000118e+02,-5.774416678897286204e+01
4.676091679687500005e+02,-6.146621435632183506e+01
4.676094609374999891e+02,-7.420433469463762322e+01
4.676097539062500346e+02,-5.276519886733672848e+01
4.676100468750000232e+02,-5.298508795318058162e+01
4.676103398437500118e+02,-6.419713988944312177e+01
4.676106328125000005e+02,-6.943561133467507318e+01
4.676109257812499891e+02,-5.578243999371592565e+01
4.676112187500000346e+02,-5.305837867060954238e+01
4.676115117187500232e+02,-6.729142742433035096e+01
4.676118046875000118e+02,-6.334651863059005450e+01
4.676120976562500005e+02,-6.582940606226159730e+01
4.676123906249999891e+02,-6.063843329564737417e+01
4.676126835937500346e+02,-6.484317563895136516e+01
4.676129765625000232e+02,-5.898638265540051862e+01
4.676132695312500118e+02,-5.591141199971900733e+01
4.676135625000000005e+02,-6.189845088351504643e+01
4.676138554687499891e+02,-5.751516650439175748e+01
4.676141484375000346e+02,-5.500178237627906697e+01
4.676144414062500232e+02,-7.106689448183460911e+01
4.676147343750000118e+02,-5.404641499600994337e+01
4.676150273437500005e+02,-5.245215881015067794e+01
4.676153203124999891e+02,-6.229131626659518872e+01
4.676156132812500346e+02,-5.642474147837457821e+01
4.676159062500000232e+02,-5.670309167062526967e+01
4.676161992187500118e+02,-6.010514809868268316e+01
4.676164921875000005e+02,-5.921378370890585785e+01
4.676167851562499891e+02,-5.939964637463232577e+01
4.676170781250000346e+02,-5.940559914603652913e+01
4.676173710937500232e+02,-5.757150410777968830e+01
4.676176640625000118e+02,-6.068707511458718784e+01
4.676179570312500005e+02,-5.492623256190364600e+01
4.676182499999999891e+02,-5.915845793657241813e+01
4.676185429687500346e+02,-7.059600914832989815e+01
4.676188359375000232e+02,-5.599389514319682348e+01
4.676191289062500118e+02,-5.551121607496830990e+01
4.676194218750000005e+02,-5.712798968254729459e+01
4.676197148437499891e+02,-5.451030316655745622e+01
4.676200078125000346e+02,-5.305474015637962992e+01
4.676203007812500232e+02,-5.704091727755994157e+01
4.676205937500000118e+02,-6.164303215348144249e+01
4.676208867187500005e+02,-5.986707801961519237e+01
4.676211796874999891e+02,-6.233536433944080102e+01
4.676214726562500346e+02,-5.790787944428195289e+01
4.676217656250000232e+02,-5.640311330637322840e+01
4.676220585937500118e+02,-6.272690898332257348e+01
4.676223515625000005e+02,-7.531537767653776427e+01
4.676226445312499891e+02,-5.923296568435019083e+01
4.676229375000000346e+02,-5.995836743927772261e+01
4.676232304687500232e+02,-6.754139318642609169e+01
4.676235234375000118e+02,-5.787426291968588998e+01
4.676238164062500005e+02,-6.072125917258297534e+01
4.676241093749999891e+02,-6.834897633365335423e+01
4.676244023437500346e+02,-6.315984466680336595e+01
4.676246953125000232e+02,-5.945652006503791398e+01
4.676249882812500118e+02,-5.719274401522714157e+01
4.676252812500000005e+02,-5.329544702294554526e+01
4.676255742187499891e+02,-5.600273245625724883e+01
4.676258671875000346e+02,-6.832676664973129732e+01
4.676261601562500232e+02,-7.286306393692333927e+01
4.676264531250000118e+02,-5.902653143526241308e+01
4.676267460937500005e+02,-5.200189296506955117e+01
4.676270390624999891e+02,-5.520561154097094203e+01
4.676273320312500346e+02,-6.584717006903316872e+01
4.676276250000000232e+02,-5.908533448595902371e+01
4.676279179687500118e+02,-5.913793296499967056e+01
4.676282109375000005e+02,-6.310334293311690601e+01
4.676285039062499891e+02,-6.260425797847015872e+01
4.676287968750000346e+02,-6.709101972863524566e+01
4.676290898437500232e+02,-6.646284359277161968e+01
4.676293828125000118e+02,-6.387685547176464240e+01
4.676296757812500005e+02,-5.531448291042171661e+01
4.676299687499999891e+02,-5.423773407168973648e+01
4.676302617187500346e+02,-6.379960361799771817e+01
4.676305546875000232e+02,-6.217955777891508262e+01
4.676308476562500118e+02,-5.716304064631106741e+01
4.676311406250000005e+02,-5.523859133156908285e+01
4.676314335937499891e+02,-6.035821045095001836e+01
4.676317265625000346e+02,-6.569170135256814547e+01
4.676320195312500232e+02,-5.627174085389953007e+01
4.676323125000000118e+02,-5.111737844776673256e+01
4.676326054687500005e+02,-5.500517872114292572e+01
4.676328984374999891e+02,-5.722675677979690789e+01
4.676331914062500346e+02,-7.207896386511707476e+01
4.676334843750000232e+02,-5.667864733341635031e+01
4.676337773437500118e+02,-5.402585338735575959e+01
4.676340703125000005e+02,-5.337141644351002867e+01
4.676343632812499891e+02,-5.515506104552635946e+01
4.676346562500000346e+02,-7.025759488386228213e+01
4.676349492187500232e+02,-7.214528182344960783e+01
4.676352421875000118e+02,-6.377178604174831378e+01
4.676355351562500005e+02,-5.767713705334867313e+01
4.676358281249999891e+02,-5.909029803305709549e+01
4.676361210937500346e+02,-5.892355492816192708e+01
4.676364140625000232e+02,-6.176514832503579555e+01
4.676367070312500118e+02,-7.420564225063408514e+01
4.676370000000000005e+02,-6.927665241019903419e+01
4.676372929687499891e+02,-6.594423187363193506e+01
4.676375859375000346e+02,-6.587011527437459790e+01
4.676378789062500232e+02,-7.414122079334336490e+01
4.676381718750000118e+02,-7.105970981188596625e+01
4.676384648437500005e+02,-7.097521942237003145e+01
4.676387578124999891e+02,-6.935660000111026591e+01
4.676390507812500346e+02,-7.660181622343091590e+01
4.676393437500000232e+02,-6.872554187501297918e+01
4.676396367187500118e+02,-7.363988138786649529e+01
4.676399296875000005e+02,-6.755108853187527984e+01
4.676402226562499891e+02,-7.463921654218312085e+01
4.676405156250000346e+02,-6.763586620877971711e+01
4.676408085937500232e+02,-7.839130587820169183e+01
4.676411015625000118e+02,-6.849974062823103793e+01
4.676413945312500005e+02,-7.584047967119745692e+01
4.676416874999999891e+02,-6.728672595557881664e+01
4.676419804687500346e+02,-6.684279301102998261e+01
4.676422734375000232e+02,-7.103571463596898639e+01
4.676425664062500118e+02,-6.994237762121989022e+01
4.676428593750000005e+02,-7.134066146017082133e+01
4.676431523437499891e+02,-7.642739062287468244e+01
4.676434453125000346e+02,-6.806247896703793288e+01
4.676437382812500232e+02,-7.714567303523951125e+01
4.676440312500000118e+02,-6.745944281213144222e+01
4.676443242187500005e+02,-7.716756506789644732e+01
4.676446171874999891e+02,-7.053151154439693471e+01
4.676449101562500346e+02,-6.678720166051861895e+01
4.676452031250000232e+02,-6.173778437116065732e+01
4.676454960937500118e+02,-6.447056853381468500e+01
4.676457890625000005e+02,-7.370807685629398520e+01
4.676460820312499891e+02,-6.689795984949020635e+01
4.676463750000000346e+02,-6.781467351721546777e+01
4.676466679687500232e+02,-6.793167282868272139e+01
4.676469609375000118e+02,-6.879047663287190062e+01
4.676472539062500005e+02,-8.400715779908999536e+01
4.676475468749999891e+02,-7.966585451510165683e+01
4.676478398437500346e+02,-7.172400367653142439e+01
4.676481328125000232e+02,-7.081180143498005464e+01
4.676484257812500118e+02,-7.176439172916144571e+01
4.676487187500000005e+02,-7.047926970844120831e+01
4.676490117187499891e+02,-7.717018614712090141e+01
4.676493046875000346e+02,-7.581667765588539964e+01
4.676495976562500232e+02,-6.864545245011603924e+01
4.676498906250000118e+02,-7.938130977866212845e+01
4.676501835937500005e+02,-6.808644831938377706e+01
4.676504765624999891e+02,-6.684484459911053023e+01
4.676507695312500346e+02,-5.781372557189527583e+01
4.676510625000000232e+02,-5.147287069978919050e+01
4.676513554687500118e+02,-5.596756590643121854e+01
4.676516484375000005e+02,-6.630837821142657162e+01
4.676519414062499891e+02,-6.900303228522155052e+01
4.676522343750000346e+02,-7.353475756321554968e+01
4.676525273437500232e+02,-6.652881287702048496e+01
4.676528203125000118e+02,-6.499807684540236608e+01
4.676531132812500005e+02,-8.057691632245786195e+01
4.676534062499999891e+02,-6.670262678405751444e+01
4.676536992187500346e+02,-6.884547165706723604e+01
4.676539921875000232e+02,-7.300462938027098403e+01
4.676542851562500118e+02,-7.540456853275176741e+01
4.676545781250000005e+02,-6.962185139393126576e+01
4.676548710937499891e+02,-6.811628193768002859e+01
4.676551640625000346e+02,-8.297537828205804544e+01
4.676554570312500232e+02,-7.493280147528305690e+01
4.676557500000000118e+02,-6.692720137782869472e+01
4.676560429687500005e+02,-7.272486394451145486e+01
4.676563359374999891e+02,-7.423136036368204316e+01
4.676566289062500346e+02,-6.857430590923574698e+01
4.676569218750000232e+02,-6.684490379566270235e+01
4.676572148437500118e+02,-7.029738041913419977e+01
4.676575078125000005e+02,-7.467299347291121592e+01
4.676578007812499891e+02,-7.412876499991737944e+01
4.676580937500000346e+02,-6.987966387562026682e+01
4.676583867187500232e+02,-7.610640640121641809e+01
4.676586796875000118e+02,-7.249424778959202342e+01
4.676589726562500005e+02,-6.579430879179228953e+01
4.676592656249999891e+02,-6.607916975101861112e+01
4.676595585937500346e+02,-6.979035333291014354e+01
4.676598515625000232e+02,-6.838170794811455266e+01
4.676601445312500118e+02,-6.696318019260517929e+01
4.676604375000000005e+02,-6.877654756658179735e+01
4.676607304687499891e+02,-7.441263879630399458e+01
4.676610234375000346e+02,-7.054788894857894377e+01
4.676613164062500232e+02,-6.744570731716132173e+01
4.676616093750000118e+02,-7.006579560924342331e+01
4.676619023437500005e+02,-7.738661800398801915e+01
4.676621953124999891e+02,-7.666919077573388108e+01
4.676624882812500346e+02,-7.608873029023422419e+01
4.676627812500000232e+02,-6.499500826912506568e+01
4.676630742187500118e+02,-6.196708722999234453e+01
4.676633671875000005e+02,-6.217305217385021621e+01
4.676636601562499891e+02,-7.052458182867619030e+01
4.676639531250000346e+02,-6.658210606812070864e+01
4.676642460937500232e+02,-6.568005415397009017e+01
4.676645390625000118e+02,-7.296708273448058435e+01
4.676648320312500005e+02,-6.726491501084719005e+01
4.676651249999999891e+02,-7.314369897737765314e+01
4.676654179687500346e+02,-6.478960958804495363e+01
4.676657109375000232e+02,-6.367084956241663463e+01
4.676660039062500118e+02,-7.267068276267762883e+01
4.676662968750000005e+02,-6.517065569370787159e+01
4.676665898437499891e+02,-7.644690216396925564e+01
4.676668828125000346e+02,-6.461713320950397588e+01
4.676671757812500232e+02,-6.740058261690474239e+01
4.676674687500000118e+02,-7.307727969737412366e+01
4.676677617187500005e+02,-6.776625325185301563e+01
4.676680546874999891e+02,-6.411503144200429460e+01
4.676683476562500346e+02,-6.623290619819620417e+01
4.676686406250000232e+02,-7.936117182433341100e+01
4.676689335937500118e+02,-7.199788661602453033e+01
4.676692265625000005e+02,-6.854608046513591546e+01
4.676695195312499891e+02,-6.939887408577641281e+01
4.676698125000000346e+02,-6.528391568335622708e+01
4.676701054687500232e+02,-6.432215624958463707e+01
4.676703984375000118e+02,-6.412573222154536268e+01
4.676706914062500005e+02,-6.392432687133190683e+01
4.676709843749999891e+02,-6.387216100827656362e+01
4.676712773437500346e+02,-6.608782151224258428e+01
4.676715703125000232e+02,-6.895002328924535107e+01
4.676718632812500118e+02,-6.685814025572636865e+01
4.676721562500000005e+02,-6.775336500928682426e+01
4.676724492187499891e+02,-7.945216161827553947e+01
4.676727421875000346e+02,-6.450331335978850689e+01
4.676730351562500232e+02,-6.172541438858097251e+01
4.676733281250000118e+02,-5.880298616909059461e+01
4.676736210937500005e+02,-6.557217017833464467e+01
4.676739140624999891e+02,-8.541771691885345774e+01
4.676742070312500346e+02,-7.636362490407252324e+01
4.676745000000000232e+02,-7.085893152088600289e+01
4.676747929687500118e+02,-7.476146120446144039e+01
4.676750859375000005e+02,-6.616505444857071438e+01
4.676753789062499891e+02,-6.935228740794079272e+01
4.676756718750000346e+02,-7.116437599255141322e+01
4.676759648437500232e+02,-6.414165770442063774e+01
4.676762578125000118e+02,-5.862383133924257095e+01
4.676765507812500005e+02,-5.936526290385414484e+01
4.676768437499999891e+02,-6.308941858928371005e+01
4.676771367187500346e+02,-6.286831904662231807e+01
4.676774296875000232e+02,-6.132262701192399845e+01
4.676777226562500118e+02,-5.921410302521064040e+01
4.676780156250000005e+02,-6.431089637586859453e+01
4.676783085937499891e+02,-6.700554244768059675e+01
4.676786015625000346e+02,-6.412300483076184321e+01
4.676788945312500232e+02,-6.801744098537298555e+01
4.676791875000000118e+02,-7.499253740315110406e+01
4.676794804687500005e+02,-6.253232026678610822e+01
4.676797734374999891e+02,-6.790545359830107941e+01
4.676800664062500346e+02,-7.923659559761270543e+01
4.676803593750000232e+02,-6.963859539109867569e+01
4.676806523437500118e+02,-6.289381898697416773e+01
4.676809453125000005e+02,-6.200221627974165273e+01
4.676812382812499891e+02,-6.536780808067123871e+01
4.676815312500000346e+02,-6.260762187366094622e+01
4.676818242187500232e+02,-6.445565100463548447e+01
4.676821171875000118e+02,-7.429658483699815008e+01
4.676824101562500005e+02,-7.017780282011854354e+01
4.676827031249999891e+02,-7.399907945723344938e+01
4.676829960937500346e+02,-8.110173009434245728e+01
4.676832890625000232e+02,-6.973783058163321869e+01
4.676835820312500118e+02,-7.138646479713290205e+01
4.676838750000000005e+02,-6.853339185835784519e+01
4.676841679687499891e+02,-8.022305520650968447e+01
4.676844609375000346e+02,-6.833711691955262779e+01
4.676847539062500232e+02,-7.358060735943770680e+01
4.676850468750000118e+02,-6.872242583241751390e+01
4.676853398437500005e+02,-7.773492891907567071e+01
4.676856328124999891e+02,-7.353567594954138542e+01
4.676859257812500346e+02,-7.374131965270176181e+01
4.676862187500000232e+02,-7.461034094871342859e+01
4.676865117187500118e+02,-6.609929963744433223e+01
4.676868046875000005e+02,-6.508943636012465106e+01
4.676870976562499891e+02,-7.013308189305794826e+01
4.676873906250000346e+02,-7.850262828620158473e+01
4.676876835937500232e+02,-7.136693268682222424e+01
4.676879765625000118e+02,-6.644367054703467090e+01
4.676882695312500005e+02,-6.481186718782858236e+01
4.676885624999999891e+02,-7.295611241479727482e+01
4.676888554687500346e+02,-6.585183657446538064e+01
4.676891484375000232e+02,-6.328991441025177522e+01
4.676894414062500118e+02,-6.481823307074552076e+01
4.676897343750000005e+02,-6.618409406062329481e+01
4.676900273437499891e+02,-6.608247092218378782e+01
4.676903203125000346e+02,-6.681418685517358824e+01
4.676906132812500232e+02,-6.965108610011961332e+01
4.676909062500000118e+02,-7.252962107295738292e+01
4.676911992187500005e+02,-8.099728690678855969e+01
4.676914921874999891e+02,-7.410792375597500836e+01
4.676917851562500346e+02,-8.247635138244569930e+01
4.676920781250000232e+02,-7.549557364376599367e+01
4.676923710937500118e+02,-8.042452423385979898e+01
4.676926640625000005e+02,-9.204104568810983267e+01
4.676929570312499891e+02,-6.920630837197886365e+01
4.676932500000000346e+02,-7.052529892786662913e+01
4.676935429687500232e+02,-7.213832068327097602e+01
4.676938359375000118e+02,-6.770437305012006846e+01
4.676941289062500005e+02,-7.902597277959949906e+01
4.676944218749999891e+02,-7.025658326698894030e+01
4.676947148437500346e+02,-7.423283717346868116e+01
4.676950078125000232e+02,-7.210681433781941507e+01
4.676953007812500118e+02,-7.451402883624962215e+01
4.676955937500000005e+02,-7.231445844319763694e+01
4.676958867187499891e+02,-6.662867608082207482e+01
4.676961796875000346e+02,-6.402072210278421949e+01
4.676964726562500232e+02,-6.267072716684658218e+01
4.676967656250000118e+02,-7.084985643171232539e+01
4.676970585937500005e+02,-6.944434287968172725e+01
4.676973515624999891e+02,-6.588973777923483510e+01
4.676976445312500346e+02,-6.672757753883067267e+01
4.676979375000000232e+02,-7.458575424025008260e+01
4.676982304687500118e+02,-6.795207418639901675e+01
4.676985234375000005e+02,-7.134700256287770515e+01
4.676988164062499891e+02,-6.460216676051337004e+01
4.676991093750000346e+02,-6.869276060313256949e+01
4.676994023437500232e+02,-7.548439582964624606e+01
4.676996953125000118e+02,-6.826280484416913907e+01
4.676999882812500005e+02,-7.407650869197381382e+01
4.677002812499999891e+02,-8.581761306817216450e+01
4.677005742187500346e+02,-8.894760862245560418e+01
4.677008671875000232e+02,-7.244520319240082529e+01
4.677011601562500118e+02,-7.224937741661699420e+01
4.677014531250000005e+02,-6.812822954415653953e+01
4.677017460937499891e+02,-7.124925152421256769e+01
4.677020390625000346e+02,-7.342718228761897592e+01
4.677023320312500232e+02,-7.418150987433490684e+01
4.677026250000000118e+02,-8.107394472351043646e+01
4.677029179687500005e+02,-7.854928774415787984e+01
4.677032109374999891e+02,-7.642648673963397243e+01
4.677035039062500346e+02,-7.626172131156957334e+01
4.677037968750000232e+02,-7.758320150697743145e+01
4.677040898437500118e+02,-7.286060175150426232e+01
4.677043828125000005e+02,-7.196383195486302498e+01
4.677046757812499891e+02,-8.150012650530393898e+01
4.677049687500000346e+02,-7.212750185807817616e+01
4.677052617187500232e+02,-7.624847509605152140e+01
4.677055546875000118e+02,-7.303648006025434825e+01
4.677058476562500005e+02,-6.812622555920414413e+01
4.677061406249999891e+02,-7.154906783858695007e+01
4.677064335937500346e+02,-6.776693447012061711e+01
4.677067265625000232e+02,-7.233960510352243034e+01
4.677070195312500118e+02,-7.005134368742665174e+01
4.677073125000000005e+02,-7.106362755991172264e+01
4.677076054687499891e+02,-7.455133579703581859e+01
4.677078984375000346e+02,-7.001832830750748826e+01
4.677081914062500232e+02,-7.373474326393206013e+01
4.677084843750000118e+02,-8.524175036080295342e+01
4.677087773437500005e+02,-8.488210321263069602e+01
4.677090703124999891e+02,-7.508647621043817821e+01
4.677093632812500346e+02,-7.217545873325880734e+01
4.677096562500000232e+02,-7.074123406353048438e+01
4.677099492187500118e+02,-8.159077429395877346e+01
4.677102421875000005e+02,-7.943484066266444188e+01
4.677105351562499891e+02,-8.169579019180544321e+01
4.677108281250000346e+02,-7.792460920434442073e+01
4.677111210937500232e+02,-7.429820961940789914e+01
4.677114140625000118e+02,-7.132243738762144858e+01
4.677117070312500005e+02,-8.411935464849612742e+01
4.677119999999999891e+02,-7.355813929173925203e+01
4.677122929687500346e+02,-7.181038084343407490e+01
4.677125859375000232e+02,-7.209290706565334972e+01
4.677128789062500118e+02,-6.714243994582213304e+01
4.677131718750000005e+02,-6.675435508993221845e+01
4.677134648437499891e+02,-6.977816874758345023e+01
4.677137578125000346e+02,-7.388631677448132962e+01
4.677140507812500232e+02,-7.426397280717564797e+01
4.677143437500000118e+02,-7.481518139691439728e+01
4.677146367187500005e+02,-7.299375171985303723e+01
4.677149296874999891e+02,-9.259863308869222465e+01
4.677152226562500346e+02,-7.367337350931852313e+01
4.677155156250000232e+02,-6.775382788142478319e+01
4.677158085937500118e+02,-7.175355805384532459e+01
4.677161015625000005e+02,-8.014868005591500832e+01
4.677163945312499891e+02,-7.997101712478196589e+01
4.677166875000000346e+02,-8.063632133982147820e+01
4.677169804687500232e+02,-8.484047809453976186e+01
4.677172734375000118e+02,-7.884091499457346686e+01
4.677175664062500005e+02,-7.812314801747285742e+01
4.677178593749999891e+02,-7.287093481465285549e+01
4.677181523437500346e+02,-8.826756615700857367e+01
4.677184453125000232e+02,-7.100270597399222083e+01
4.677187382812500118e+02,-7.209468227324924783e+01
4.677190312500000005e+02,-7.296275651736981160e+01
4.677193242187499891e+02,-8.767798303417498573e+01
4.677196171875000346e+02,-7.201683794866922028e+01
4.677199101562500232e+02,-7.153789029065384852e+01
4.677202031250000118e+02,-7.276748175978227096e+01
4.677204960937500005e+02,-7.434462084006388238e+01
4.677207890624999891e+02,-7.283001131222565050e+01
4.677210820312500346e+02,-7.872827399451325903e+01
4.677213750000000232e+02,-7.541865161024155384e+01
4.677216679687500118e+02,-7.405295957281005315e+01
4.677219609375000005e+02,-8.319052741898556746e+01
4.677222539062499891e+02,-8.085733598858054449e+01
4.677225468750000346e+02,-8.254261773405119129e+01
4.677228398437500232e+02,-7.465855932465514400e+01
4.677231328125000118e+02,-6.789235311887129853e+01
4.677234257812500005e+02,-7.904351169085616391e+01
4.677237187499999891e+02,-7.616935345779415911e+01
4.677240117187500346e+02,-7.613881833078968953e+01
4.677243046875000232e+02,-7.377273856073585989e+01
4.677245976562500118e+02,-7.721691986503664396e+01
4.677248906250000005e+02,-8.170085405844196202e+01
4.677251835937499891e+02,-8.037759638616122970e+01
4.677254765625000346e+02,-7.437717950500487518e+01
4.677257695312500232e+02,-7.793970396128051448e+01
4.677260625000000118e+02,-7.904056241094147595e+01
4.677263554687500005e+02,-7.369953702012101360e+01
4.677266484374999891e+02,-7.094524219819304278e+01
4.677269414062500346e+02,-6.984808811314684363e+01
4.677272343750000232e+02,-7.125186727206039450e+01
4.677275273437500118e+02,-7.224833781359458840e+01
4.677278203125000005e+02,-7.314272038337367121e+01
4.677281132812499891e+02,-7.554010085343212211e+01
4.677284062500000346e+02,-7.412606074363066000e+01
4.677286992187500232e+02,-7.981029582505875908e+01
4.677289921875000118e+02,-7.783089154834732426e+01
4.677292851562500005e+02,-8.017817780354116053e+01
4.677295781249999891e+02,-7.527282858495327389e+01
4.677298710937500346e+02,-7.607918146505883783e+01
4.677301640625000232e+02,-7.130151645621208445e+01
4.677304570312500118e+02,-7.097573386871525258e+01
4.677307500000000005e+02,-7.781226446640501138e+01
4.677310429687499891e+02,-7.605562912438114154e+01
4.677313359375000346e+02,-8.055545889697893358e+01
4.677316289062500232e+02,-8.457772768999623736e+01
4.677319218750000118e+02,-7.783803569413730372e+01
4.677322148437500005e+02,-7.850751098467651445e+01
4.677325078124999891e+02,-8.724520682806227967e+01
4.677328007812500346e+02,-8.730875609169166296e+01
4.677330937500000232e+02,-7.635303032941708068e+01
4.677333867187500118e+02,-6.971299593791273708e+01
4.677336796875000005e+02,-7.298333033842604323e+01
4.677339726562499891e+02,-8.032064576158870750e+01
4.677342656250000346e+02,-7.178139042576431450e+01
4.677345585937500232e+02,-6.972040756238017423e+01
4.677348515625000118e+02,-7.242268804034276286e+01
4.677351445312500005e+02,-7.788581004524165508e+01
4.677354374999999891e+02,-8.817692603823456921e+01
4.677357304687500346e+02,-7.851791108011516940e+01
4.677360234375000232e+02,-7.097243856516313087e+01
4.677363164062500118e+02,-6.997133360521939949e+01
4.677366093750000005e+02,-8.199222696322691206e+01
4.677369023437499891e+02,-7.352421121062809561e+01
4.677371953125000346e+02,-7.028471745762379896e+01
4.677374882812500232e+02,-7.033506923723476234e+01
4.677377812500000118e+02,-7.810509052506988326e+01
4.677380742187500005e+02,-7.355641067122726895e+01
4.677383671874999891e+02,-7.435275138615763524e+01
4.677386601562500346e+02,-7.285775482304686079e+01
4.677389531250000232e+02,-8.928134052730041503e+01
4.677392460937500118e+02,-7.425561348841068821e+01
4.677395390625000005e+02,-8.223109373872573258e+01
4.677398320312499891e+02,-7.325026619748410894e+01
4.677401250000000346e+02,-6.875689653953740788e+01
4.677404179687500232e+02,-7.591543953509408027e+01
4.677407109375000118e+02,-8.248332200849861806e+01
4.677410039062500005e+02,-6.950988131999633879e+01
4.677412968749999891e+02,-6.818175643110851070e+01
4.677415898437500346e+02,-7.077825815230055184e+01
4.677418828125000232e+02,-7.051399252899375369e+01
4.677421757812500118e+02,-6.957710276984251152e+01
4.677424687500000005e+02,-7.458008469498884097e+01
4.677427617187499891e+02,-7.276790211537534958e+01
4.677430546875000346e+02,-7.122678534882891199e+01
4.677433476562500232e+02,-7.179695354533046725e+01
4.677436406250000118e+02,-7.063117920915362902e+01
4.677439335937500005e+02,-8.550097232022245919e+01
4.677442265624999891e+02,-6.840359276549240519e+01
4.677445195312500346e+02,-6.669470360230208428e+01
4.677448125000000232e+02,-8.061406240925751376e+01
4.677451054687500118e+02,-7.329697104949228503e+01
4.677453984375000005e+02,-6.952354976723751179e+01
4.677456914062499891e+02,-7.361191149324969274e+01
4.677459843750000346e+02,-7.446453917811258805e+01
4.677462773437500232e+02,-8.421731394396788062e+01
4.677465703125000118e+02,-7.869868442709901046e+01
4.677468632812500005e+02,-6.969784964211736167e+01
4.677471562499999891e+02,-6.816439794480299952e+01
4.677474492187500346e+02,-6.842314467845967840e+01
4.677477421875000232e+02,-7.173649282965394036e+01
4.677480351562500118e+02,-7.719720929832247691e+01
4.677483281250000005e+02,-8.034505009059415670e+01
4.677486210937499891e+02,-6.942316759925425629e+01
4.677489140625000346e+02,-6.719897864187527148e+01
4.677492070312500232e+02,-7.388199194049988705e+01
4.677495000000000118e+02,-7.719283487449234826e+01
4.677497929687500005e+02,-7.829433729121763008e+01
4.677500859374999891e+02,-7.573281211590401085e+01
4.677503789062500346e+02,-6.966897537852970856e+01
4.677506718750000232e+02,-7.375455679299346912e+01
4.677509648437500118e+02,-7.580517680574808992e+01
4.677512578125000005e+02,-7.094872359834695885e+01
4.677515507812499891e+02,-7.350554360911606011e+01
4.677518437500000346e+02,-7.700408294409463394e+01
4.677521367187500232e+02,-7.390679284367999458e+01
4.677524296875000118e+02,-7.057226165557803199e+01
4.677527226562500005e+02,-7.173446174046452484e+01
4.677530156249999891e+02,-7.207526046070850612e+01
4.677533085937500346e+02,-7.760870547333077241e+01
4.677536015625000232e+02,-7.064610072949845687e+01
4.677538945312500118e+02,-6.907073516518528322e+01
4.677541875000000005e+02,-7.411063000036222093e+01
4.677544804687499891e+02,-8.557274510677976309e+01
4.677547734375000346e+02,-8.687362625040508135e+01
4.677550664062500232e+02,-7.387056576704533484e+01
4.677553593750000118e+02,-7.037551620139281283e+01
4.677556523437500005e+02,-9.110242310990521730e+01
4.677559453124999891e+02,-8.019958361667912072e+01
4.677562382812500346e+02,-7.206050807179128981e+01
4.677565312500000232e+02,-7.181283987448317419e+01
4.677568242187500118e+02,-8.274439938950267504e+01
4.677571171875000005e+02,-7.354429339267311150e+01
4.677574101562499891e+02,-7.019757683082845290e+01
4.677577031250000346e+02,-7.034699518045096056e+01
4.677579960937500232e+02,-7.063308617866218242e+01
4.677582890625000118e+02,-6.550434760821309510e+01
4.677585820312500005e+02,-6.600789597829263755e+01
4.677588749999999891e+02,-7.187136352481726931e+01
4.677591679687500346e+02,-8.707136058758294439e+01
4.677594609375000232e+02,-7.476638577107030414e+01
4.677597539062500118e+02,-8.569099713122244566e+01
4.677600468750000005e+02,-7.013528119179491682e+01
4.677603398437499891e+02,-7.273892642129703745e+01
4.677606328125000346e+02,-7.217802311206244781e+01
4.677609257812500232e+02,-6.852521953782984099e+01
4.677612187500000118e+02,-7.432199021673569916e+01
4.677615117187500005e+02,-7.455240210230699915e+01
4.677618046874999891e+02,-7.139736428099658383e+01
4.677620976562500346e+02,-8.560181962485222584e+01
4.677623906250000232e+02,-7.185916553199872681e+01
4.677626835937500118e+02,-7.289340084811688314e+01
4.677629765625000005e+02,-8.953946569540867984e+01
4.677632695312499891e+02,-8.145340414052911626e+01
4.677635625000000346e+02,-7.872338822083892751e+01
4.677638554687500232e+02,-7.627252782253545149e+01
4.677641484375000118e+02,-7.630025827635560631e+01
4.677644414062500005e+02,-7.715192167193666251e+01
4.677647343749999891e+02,-7.234084765997653221e+01
4.677650273437500346e+02,-6.778656475453658459e+01
4.677653203125000232e+02,-7.057478722340106003e+01
4.677656132812500118e+02,-7.953592098791463627e+01
4.677659062500000005e+02,-7.125642968554467416e+01
4.677661992187499891e+02,-7.235822875828647227e+01
4.677664921875000346e+02,-6.971666300173794184e+01
4.677667851562500232e+02,-7.066244928875053688e+01
4.677670781250000118e+02,-7.263814448432245285e+01
4.677673710937500005e+02,-7.473908924410798704e+01
4.677676640624999891e+02,-7.038277172564897910e+01
4.677679570312500346e+02,-6.707386692668455908e+01
4.677682500000000232e+02,-6.859431879397659770e+01
4.677685429687500118e+02,-7.270611420118004276e+01
4.677688359375000005e+02,-8.088540006487995981e+01
4.677691289062499891e+02,-7.962609573177013544e+01
4.677694218750000346e+02,-6.938112363172506036e+01
4.677697148437500232e+02,-7.238641679390943295e+01
4.677700078125000118e+02,-7.409746567899179581e+01
4.677703007812500005e+02,-7.593080429432987444e+01
4.677705937499999891e+02,-7.336424407888765131e+01
4.677708867187500346e+02,-7.112606053515111171e+01
4.677711796875000232e+02,-7.693510904404243433e+01
4.677714726562500118e+02,-7.090610326595371760e+01
4.677717656250000005e+02,-8.143066943938967484e+01
4.677720585937499891e+02,-7.456074496825532094e+01
4.677723515625000346e+02,-7.727433994703305586e+01
4.677726445312500232e+02,-7.540203847139365223e+01
4.677729375000000118e+02,-7.741306842990732662e+01
4.677732304687500005e+02,-8.007018259008191308e+01
4.677735234374999891e+02,-7.438130042105950679e+01
4.677738164062500346e+02,-7.726543669778935453e+01
4.677741093750000232e+02,-6.823293240808840210e+01
4.677744023437500118e+02,-7.424000821870173183e+01
4.677746953125000005e+02,-8.372351647943970931e+01
4.677749882812499891e+02,-7.783255907180705435e+01
4.677752812500000346e+02,-7.092730873784505263e+01
4.677755742187500232e+02,-6.840100946247864044e+01
4.677758671875000118e+02,-7.061081901230990354e+01
4.677761601562500005e+02,-7.682128203059058080e+01
4.677764531249999891e+02,-7.840757908634981277e+01
4.677767460937500346e+02,-7.556770841718305576e+01
4.677770390625000232e+02,-7.966988566704246466e+01
4.677773320312500118e+02,-7.905008847525701299e+01
4.677776250000000005e+02,-7.399781079779101844e+01
4.677779179687499891e+02,-7.829140295908092639e+01
4.677782109375000346e+02,-7.199454087402419589e+01
4.677785039062500232e+02,-7.045007766659028903e+01
4.677787968750000118e+02,-7.208473672357678197e+01
4.677790898437500005e+02,-7.640977097346080882e+01
4.677793828124999891e+02,-7.435240029028449271e+01
4.677796757812500346e+02,-7.377978133339281896e+01
4.677799687500000232e+02,-9.179214852796043544e+01
4.677802617187500118e+02,-7.354394331143103614e+01
4.677805546875000005e+02,-9.201141775054557570e+01
4.677808476562499891e+02,-7.322387927238064265e+01
4.677811406250000346e+02,-7.264926425661047915e+01
4.677814335937500232e+02,-6.936437232163081035e+01
4.677817265625000118e+02,-7.367237524748829003e+01
4.677820195312500005e+02,-7.612758172231350784e+01
4.677823124999999891e+02,-7.881181841240389474e+01
4.677826054687500346e+02,-7.248605966697441261e+01
4.677828984375000232e+02,-7.648722442623085271e+01
4.677831914062500118e+02,-7.901487610987044263e+01
4.677834843750000005e+02,-7.735152107604560001e+01
4.677837773437499891e+02,-7.956975423324121266e+01
4.677840703125000346e+02,-7.577846325241566205e+01
4.677843632812500232e+02,-7.341024201723607234e+01
4.677846562500000118e+02,-7.188278948882094710e+01
4.677849492187500005e+02,-8.669798581505902746e+01
4.677852421874999891e+02,-7.366799393622271452e+01
4.677855351562500346e+02,-7.009884917783946889e+01
4.677858281250000232e+02,-7.816981544860541931e+01
4.677861210937500118e+02,-7.840829974598378271e+01
4.677864140625000005e+02,-7.180478124618137770e+01
4.677867070312499891e+02,-6.872804221955317416e+01
4.677870000000000346e+02,-7.037809264346734039e+01
4.677872929687500232e+02,-8.865534779459110837e+01
4.677875859375000118e+02,-7.547840622875207828e+01
4.677878789062500005e+02,-7.627480646129312447e+01
4.677881718749999891e+02,-7.349250572359393630e+01
4.677884648437500346e+02,-7.179938372022384385e+01
4.677887578125000232e+02,-7.565865858291164159e+01
4.677890507812500118e+02,-7.641839512613104546e+01
4.677893437500000005e+02,-7.385786613941661471e+01
4.677896367187499891e+02,-7.205854245659089941e+01
4.677899296875000346e+02,-7.526985920035410516e+01
4.677902226562500232e+02,-7.698700652529954880e+01
4.677905156250000118e+02,-7.830210282029030111e+01
4.677908085937500005e+02,-7.806166591840464264e+01
4.677911015624999891e+02,-7.442201664020437590e+01
4.677913945312500346e+02,-7.388455272138290297e+01
4.677916875000000232e+02,-8.274934392107283543e+01
4.677919804687500118e+02,-8.212170651102786678e+01
4.677922734375000005e+02,-9.246661794169321524e+01
4.677925664062499891e+02,-8.005369723213789257e+01
4.677928593750000346e+02,-7.347891886202938849e+01
4.677931523437500232e+02,-8.174920759476842136e+01
4.677934453125000118e+02,-7.807294856993634369e+01
4.677937382812500005e+02,-7.516321395996965293e+01
4.677940312499999891e+02,-8.108100105955921322e+01
4.677943242187500346e+02,-7.669055460084427978e+01
4.677946171875000232e+02,-8.005733662313733134e+01
4.677949101562500118e+02,-8.183909776543517012e+01
4.677952031250000005e+02,-7.921362133635354041e+01
4.677954960937499891e+02,-7.543024489169660285e+01
4.677957890625000346e+02,-7.468538805108326528e+01
4.677960820312500232e+02,-7.153072954112920456e+01
4.677963750000000118e+02,-7.018101623903859831e+01
4.677966679687500005e+02,-7.372615184011773692e+01
4.677969609374999891e+02,-9.465410946386589330e+01
4.677972539062500346e+02,-7.495469880748457570e+01
4.677975468750000232e+02,-7.494514809286462764e+01
4.677978398437500118e+02,-8.090638960544524139e+01
4.677981328125000005e+02,-8.206302580364102539e+01
4.677984257812499891e+02,-8.783792940952459105e+01
4.677987187500000346e+02,-7.080039540747876003e+01
4.677990117187500232e+02,-6.828839923149848801e+01
4.677993046875000118e+02,-7.121765325946169867e+01
4.677995976562500005e+02,-7.293738757906174897e+01
4.677998906249999891e+02,-7.031480349781860184e+01
4.678001835937500346e+02,-7.414166447700556262e+01
4.678004765625000232e+02,-7.292944527535935606e+01
4.678007695312500118e+02,-8.652660453666885587e+01
4.678010625000000005e+02,-7.945337547534049349e+01
4.678013554687499891e+02,-8.354153545463192643e+01
4.678016484375000346e+02,-7.997518386538722268e+01
4.678019414062500232e+02,-7.512240873327195345e+01
4.678022343750000118e+02,-8.085992405679625961e+01
4.678025273437500005e+02,-7.858549846362889468e+01
4.678028203124999891e+02,-8.834994279871723677e+01
4.678031132812500346e+02,-7.480678155091460724e+01
4.678034062500000232e+02,-6.898821257055026024e+01
4.678036992187500118e+02,-6.911301560536034572e+01
4.678039921875000005e+02,-7.264225091347825014e+01
4.678042851562499891e+02,-7.758493697669329947e+01
4.678045781250000346e+02,-8.306143767850308279e+01
4.678048710937500232e+02,-7.550812117227920339e+01
4.678051640625000118e+02,-7.349512444295059765e+01
4.678054570312500005e+02,-8.194524134477704536e+01
4.678057499999999891e+02,-7.799509280316028992e+01
4.678060429687500346e+02,-7.380298523135186883e+01
4.678063359375000232e+02,-7.171154425627854323e+01
4.678066289062500118e+02,-8.739953849394105134e+01
4.678069218750000005e+02,-8.370777287032686331e+01
4.678072148437499891e+02,-7.538090447935729799e+01
4.678075078125000346e+02,-6.982614782842691170e+01
4.678078007812500232e+02,-6.885583192478674164e+01
4.678080937500000118e+02,-7.757031038342275053e+01
4.678083867187500005e+02,-7.778271971729844836e+01
4.678086796874999891e+02,-7.490535377225164382e+01
4.678089726562500346e+02,-7.698737583211189417e+01
4.678092656250000232e+02,-7.900300478622040146e+01
4.678095585937500118e+02,-7.657454011734941446e+01
4.678098515625000005e+02,-7.664506764482523238e+01
4.678101445312499891e+02,-8.067378083516631193e+01
4.678104375000000346e+02,-7.086139869405097613e+01
4.678107304687500232e+02,-7.809533176555217437e+01
4.678110234375000118e+02,-7.517255214896620430e+01
4.678113164062500005e+02,-7.110314009827474990e+01
4.678116093749999891e+02,-8.112891246694330505e+01
4.678119023437500346e+02,-7.039948333365430244e+01
4.678121953125000232e+02,-7.640848027721814617e+01
4.678124882812500118e+02,-7.280545737419838304e+01
4.678127812500000005e+02,-7.453964043917406457e+01
4.678130742187499891e+02,-7.846045063242836193e+01
4.678133671875000346e+02,-7.479646535330755341e+01
4.678136601562500232e+02,-7.532307472072891130e+01
4.678139531250000118e+02,-7.398702287064384109e+01
4.678142460937500005e+02,-7.334222137693498667e+01
4.678145390624999891e+02,-6.932698609007969992e+01
4.678148320312500346e+02,-7.486172870011016300e+01
4.678151250000000232e+02,-7.957770216956444642e+01
4.678154179687500118e+02,-7.714149767332956742e+01
4.678157109375000005e+02,-7.403644755273604972e+01
4.678160039062499891e+02,-7.561409426880585727e+01
4.678162968750000346e+02,-7.465290519279065506e+01
4.678165898437500232e+02,-7.927027904281855797e+01
4.678168828125000118e+02,-8.406051929333530381e+01
4.678171757812500005e+02,-7.703544972100925747e+01
4.678174687499999891e+02,-7.184318487606753934e+01
4.678177617187500346e+02,-7.706851005856093195e+01
4.678180546875000232e+02,-7.960807245728263126e+01
4.678183476562500118e+02,-7.949327225509941286e+01
4.678186406250000005e+02,-7.746568631606392330e+01
4.678189335937499891e+02,-7.405358337227121979e+01
4.678192265625000346e+02,-7.823629195906369205e+01
4.678195195312500232e+02,-8.719999544046891060e+01
4.678198125000000118e+02,-8.923381588711094992e+01
4.678201054687500005e+02,-7.234104250792238133e+01
4.678203984374999891e+02,-7.014981614737241955e+01
4.678206914062500346e+02,-7.126231508067539266e+01
4.678209843750000232e+02,-7.069715388354032370e+01
4.678212773437500118e+02,-6.973633155918778925e+01
4.678215703125000005e+02,-6.926186182154964399e+01
4.678218632812499891e+02,-7.223664437605380328e+01
4.678221562500000346e+02,-8.046792666834853947e+01
4.678224492187500232e+02,-8.242659637395087202e+01
4.678227421875000118e+02,-8.682203667434728800e+01
4.678230351562500005e+02,-7.622222332208826856e+01
4.678233281249999891e+02,-7.486933207328013395e+01
4.678236210937500346e+02,-8.303912630908607184e+01
4.678239140625000232e+02,-7.628468978224336183e+01
4.678242070312500118e+02,-7.198769538822202207e+01
4.678245000000000005e+02,-7.412627279328160057e+01
4.678247929687499891e+02,-8.416781760084548125e+01
4.678250859375000346e+02,-8.059014936972991450e+01
4.678253789062500232e+02,-7.685835894753110153e+01
4.678256718750000118e+02,-7.760320262964205540e+01
4.678259648437500005e+02,-9.001571393262523202e+01
4.678262578124999891e+02,-7.794190104638497019e+01
4.678265507812500346e+02,-7.176254843299463460e+01
4.678268437500000232e+02,-7.964775127566916524e+01
4.678271367187500118e+02,-7.981304120565216920e+01
4.678274296875000005e+02,-8.490120806472890536e+01
4.678277226562499891e+02,-8.473726407784168657e+01
4.678280156250000346e+02,-8.111797788542014587e+01
4.678283085937500232e+02,-7.759462824380176471e+01
4.678286015625000118e+02,-7.510736853440403138e+01
4.678288945312500005e+02,-8.347285028617670832e+01
4.678291874999999891e+02,-9.821152284450184311e+01
4.678294804687500346e+02,-8.111652368228925525e+01
4.678297734375000232e+02,-7.604491282581375344e+01
4.678300664062500118e+02,-7.801779514358084100e+01
4.678303593750000005e+02,-8.577476885270908724e+01
4.678306523437499891e+02,-8.477597272668523942e+01
4.678309453125000346e+02,-8.815603576446645206e+01
4.678312382812500232e+02,-7.521622601711962375e+01
4.678315312500000118e+02,-7.796612860209609153e+01
4.678318242187500005e+02,-8.704837099279720292e+01
4.678321171874999891e+02,-7.773373512414825370e+01
4.678324101562500346e+02,-8.065760612244025651e+01
4.678327031250000232e+02,-7.497312073706400781e+01
4.678329960937500118e+02,-7.392998220864714654e+01
4.678332890625000005e+02,-7.399202242062996504e+01
4.678335820312499891e+02,-7.411867761079257377e+01
4.678338750000000346e+02,-7.739869329775940798e+01
4.678341679687500232e+02,-7.823935078867333459e+01
4.678344609375000118e+02,-8.431377197192661299e+01
4.678347539062500005e+02,-7.867596677711127029e+01
4.678350468749999891e+02,-8.074551949605329071e+01
4.678353398437500346e+02,-8.712596794182795179e+01
4.678356328125000232e+02,-9.229989983701989331e+01
4.678359257812500118e+02,-7.999375674241646550e+01
4.678362187500000005e+02,-7.588523351708559517e+01
4.678365117187499891e+02,-8.594757877842079097e+01
4.678368046875000346e+02,-8.127278171241654547e+01
4.678370976562500232e+02,-7.961474648517987873e+01
4.678373906250000118e+02,-7.598299942842008647e+01
4.678376835937500005e+02,-7.683745469136965767e+01
4.678379765624999891e+02,-8.449334990417908386e+01
4.678382695312500346e+02,-7.894454706995732352e+01
4.678385625000000232e+02,-9.464738223084316360e+01
4.678388554687500118e+02,-8.124178049300816440e+01
4.678391484375000005e+02,-7.830216090203407475e+01
4.678394414062499891e+02,-7.681965318940275722e+01
4.678397343750000346e+02,-8.555331069452631709e+01
4.678400273437500232e+02,-8.771882865799909723e+01
4.678403203125000118e+02,-8.002211484704920963e+01
4.678406132812500005e+02,-8.044220976515987331e+01
4.678409062499999891e+02,-8.057471773187754138e+01
4.678411992187500346e+02,-8.049583660879756053e+01
4.678414921875000232e+02,-7.864129579685766203e+01
4.678417851562500118e+02,-7.919584883054808699e+01
4.678420781250000005e+02,-8.439257592563552635e+01
4.678423710937499891e+02,-7.698549184969280645e+01
4.678426640625000346e+02,-7.227351741671395757e+01
4.678429570312500232e+02,-7.592278621875328781e+01
4.678432500000000118e+02,-8.166839970992833742e+01
4.678435429687500005e+02,-7.838296866333620017e+01
4.678438359374999891e+02,-8.208556580342873588e+01
4.678441289062500346e+02,-8.150044587778180016e+01
4.678444218750000232e+02,-7.752973860644108584e+01
4.678447148437500118e+02,-7.235153139971006908e+01
4.678450078125000005e+02,-7.274006618721182349e+01
4.678453007812499891e+02,-7.730457386021383570e+01
4.678455937500000346e+02,-7.622896187264137779e+01
4.678458867187500232e+02,-7.635018111465224422e+01
4.678461796875000118e+02,-7.864677250979556788e+01
4.678464726562500005e+02,-7.360756072988444032e+01
4.678467656249999891e+02,-7.569865205834470601e+01
4.678470585937500346e+02,-8.583549841182957607e+01
4.678473515625000232e+02,-9.215331914419876114e+01
4.678476445312500118e+02,-8.280066045334861258e+01
4.678479375000000005e+02,-8.014192642205786399e+01
4.678482304687499891e+02,-7.650678559659877465e+01
4.678485234375000346e+02,-7.233814100671006031e+01
4.678488164062500232e+02,-7.258067279780033232e+01
4.678491093750000118e+02,-9.096264193552470090e+01
4.678494023437500005e+02,-8.332079968900865197e+01
4.678496953124999891e+02,-7.995574351938853397e+01
4.678499882812500346e+02,-7.433936418974136018e+01
4.678502812500000232e+02,-7.547081616047699981e+01
4.678505742187500118e+02,-7.797016419028869905e+01
4.678508671875000005e+02,-8.009627169800928925e+01
4.678511601562499891e+02,-8.391003642433437903e+01
4.678514531250000346e+02,-8.485958099318597192e+01
4.678517460937500232e+02,-7.819412099248614822e+01
4.678520390625000118e+02,-7.460216075803896274e+01
4.678523320312500005e+02,-7.673277962744587910e+01
4.678526249999999891e+02,-7.941110176420917810e+01
4.678529179687500346e+02,-8.750154932377728301e+01
4.678532109375000232e+02,-7.913259780503564400e+01
4.678535039062500118e+02,-7.593228658870262393e+01
4.678537968750000005e+02,-7.860281421059127638e+01
4.678540898437499891e+02,-9.227745991397092951e+01
4.678543828125000346e+02,-8.528084168316823366e+01
4.678546757812500232e+02,-9.118217761716877590e+01
4.678549687500000118e+02,-9.487314781530267283e+01
4.678552617187500005e+02,-8.708263673225913237e+01
4.678555546874999891e+02,-7.969086731079050878e+01
4.678558476562500346e+02,-8.042115791018815685e+01
4.678561406250000232e+02,-8.250163446275718115e+01
4.678564335937500118e+02,-8.539762596754954416e+01
4.678567265625000005e+02,-8.142930642755871418e+01
4.678570195312499891e+02,-8.561367820486634628e+01
4.678573125000000346e+02,-8.448306435279484106e+01
4.678576054687500232e+02,-7.892877735245201620e+01
4.678578984375000118e+02,-8.131610671314109595e+01
4.678581914062500005e+02,-8.189663659639808202e+01
4.678584843749999891e+02,-9.692053169016233483e+01
4.678587773437500346e+02,-8.347513644410074107e+01
4.678590703125000232e+02,-7.943059849130310113e+01
4.678593632812500118e+02,-7.931694849223111987e+01
4.678596562500000005e+02,-8.284813746718981520e+01
4.678599492187499891e+02,-7.850264813396312036e+01
4.678602421875000346e+02,-7.900015502622505892e+01
4.678605351562500232e+02,-8.097662391512614022e+01
4.678608281250000118e+02,-9.006710100405605601e+01
4.678611210937500005e+02,-8.761254190732914537e+01
4.678614140624999891e+02,-8.248211508156060745e+01
4.678617070312500346e+02,-7.811361163720526690e+01
4.678620000000000232e+02,-7.701024943648997123e+01
4.678622929687500118e+02,-7.818048339884315112e+01
4.678625859375000005e+02,-8.750280839120030407e+01
4.678628789062499891e+02,-7.855402186159108169e+01
4.678631718750000346e+02,-8.166948567994468533e+01
4.678634648437500232e+02,-8.193951394672720312e+01
4.678637578125000118e+02,-8.167088659874497125e+01
4.678640507812500005e+02,-7.938137028198647727e+01
4.678643437499999891e+02,-8.008467611416058674e+01
4.678646367187500346e+02,-8.340776414468429323e+01
4.678649296875000232e+02,-8.205941343544216693e+01
4.678652226562500118e+02,-8.398059626266744715e+01
4.678655156250000005e+02,-8.180575543218756707e+01
4.678658085937499891e+02,-8.010848907102686667e+01
4.678661015625000346e+02,-7.956440385659078629e+01
4.678663945312500232e+02,-8.245374360638749067e+01
4.678666875000000118e+02,-8.377470906702457398e+01
4.678669804687500005e+02,-7.910757591115776677e+01
4.678672734374999891e+02,-7.827727706801536556e+01
4.678675664062500346e+02,-7.226362201180000966e+01
4.678678593750000232e+02,-7.905838835037711476e+01
4.678681523437500118e+02,-8.481975036901575038e+01
4.678684453125000005e+02,-7.864580771684948957e+01
4.678687382812499891e+02,-8.539742503892730952e+01
4.678690312500000346e+02,-7.561638063967366463e+01
4.678693242187500232e+02,-8.024616239634451631e+01
4.678696171875000118e+02,-8.743974383206413847e+01
4.678699101562500005e+02,-8.027856742627989206e+01
4.678702031249999891e+02,-8.073864424473879353e+01
4.678704960937500346e+02,-7.938218600281972215e+01
4.678707890625000232e+02,-8.135903208957859079e+01
4.678710820312500118e+02,-7.793312046141470262e+01
4.678713750000000005e+02,-7.433001359632687866e+01
4.678716679687499891e+02,-8.025984775860467835e+01
4.678719609375000346e+02,-8.584804389846524941e+01
4.678722539062500232e+02,-8.547181478531669541e+01
4.678725468750000118e+02,-7.872748112901562934e+01
4.678728398437500005e+02,-9.709985509220707911e+01
4.678731328124999891e+02,-7.881970750636320133e+01
4.678734257812500346e+02,-7.882877502458615027e+01
4.678737187500000232e+02,-9.329722821604626404e+01
4.678740117187500118e+02,-7.941385492900182896e+01
4.678743046875000005e+02,-7.914948312486005477e+01
4.678745976562499891e+02,-7.201353577038878484e+01
4.678748906250000346e+02,-7.345944944851800074e+01
4.678751835937500232e+02,-8.092844848741977160e+01
4.678754765625000118e+02,-8.024429375810137799e+01
4.678757695312500005e+02,-7.610502163701333700e+01
4.678760624999999891e+02,-8.178490217969724085e+01
4.678763554687500346e+02,-8.540740145792418048e+01
4.678766484375000232e+02,-8.308090199952998489e+01
4.678769414062500118e+02,-7.544420243646719371e+01
4.678772343750000005e+02,-7.360430878199719018e+01
4.678775273437499891e+02,-7.229584843266209759e+01
4.678778203125000346e+02,-7.801676891375490186e+01
4.678781132812500232e+02,-8.552049459399727027e+01
4.678784062500000118e+02,-9.394238245273280086e+01
4.678786992187500005e+02,-7.832334953731538008e+01
4.678789921874999891e+02,-7.748068922526671543e+01
4.678792851562500346e+02,-8.053825951195742050e+01
4.678795781250000232e+02,-7.839339728970637111e+01
4.678798710937500118e+02,-7.944798956210880192e+01
4.678801640625000005e+02,-7.862171529239917334e+01
4.678804570312499891e+02,-7.970789400784107670e+01
4.678807500000000346e+02,-8.954555776170855097e+01
4.678810429687500232e+02,-8.001476043143409811e+01
4.678813359375000118e+02,-8.008287612509104747e+01
4.678816289062500005e+02,-9.206078021535685707e+01
4.678819218749999891e+02,-7.874381511582168969e+01
4.678822148437500346e+02,-8.636707527659582695e+01
4.678825078125000232e+02,-7.862037642500195034e+01
4.678828007812500118e+02,-7.473911379091886431e+01
4.678830937500000005e+02,-7.702159874979388121e+01
4.678833867187499891e+02,-7.819855503606044067e+01
4.678836796875000346e+02,-8.895689998752472150e+01
4.678839726562500232e+02,-8.406998830841766335e+01
4.678842656250000118e+02,-9.313710190289677371e+01
4.678845585937500005e+02,-7.753662662448064680e+01
4.678848515624999891e+02,-7.797965653844353540e+01
4.678851445312500346e+02,-7.867125749535328794e+01
4.678854375000000232e+02,-8.559318034858574720e+01
4.678857304687500118e+02,-7.764031878845402446e+01
4.678860234375000005e+02,-9.868948617544249657e+01
4.678863164062499891e+02,-7.875865167674129452e+01
4.678866093750000346e+02,-7.948905203374221173e+01
4.678869023437500232e+02,-9.069125589217874506e+01
4.678871953125000118e+02,-8.116391666187482201e+01
4.678874882812500005e+02,-7.995459489707360490e+01
4.678877812499999891e+02,-7.848989653021133961e+01
4.678880742187500346e+02,-7.914438644077819163e+01
4.678883671875000232e+02,-8.384975414228654245e+01
4.678886601562500118e+02,-7.767511389972585789e+01
4.678889531250000005e+02,-7.517538053144498633e+01
4.678892460937499891e+02,-8.066604991188499696e+01
4.678895390625000346e+02,-7.642759065200687019e+01
4.678898320312500232e+02,-8.001610566445820893e+01
4.678901250000000118e+02,-9.263604988320345512e+01
4.678904179687500005e+02,-9.112862849207581917e+01
4.678907109374999891e+02,-7.771254152340694077e+01
4.678910039062500346e+02,-7.732288998305020300e+01
4.678912968750000232e+02,-7.869409660495253434e+01
4.678915898437500118e+02,-7.830105321238303873e+01
4.678918828125000005e+02,-7.744864414389036256e+01
4.678921757812499891e+02,-7.424681210889077931e+01
4.678924687500000346e+02,-8.282051741558854019e+01
4.678927617187500232e+02,-8.950645683377052819e+01
4.678930546875000118e+02,-8.011459434570105032e+01
4.678933476562500005e+02,-7.677427439022342526e+01
4.678936406249999891e+02,-7.419529604115497534e+01
4.678939335937500346e+02,-7.843765913643983367e+01
4.678942265625000232e+02,-8.049130820871711478e+01
4.678945195312500118e+02,-7.971250053220644816e+01
4.678948125000000005e+02,-8.145817338367584171e+01
4.678951054687499891e+02,-7.647394796846860743e+01
4.678953984375000346e+02,-7.299070287859623818e+01
4.678956914062500232e+02,-7.183679177970024909e+01
4.678959843750000118e+02,-8.272945186102225534e+01
4.678962773437500005e+02,-7.978035681839405413e+01
4.678965703124999891e+02,-7.615097755167516880e+01
4.678968632812500346e+02,-7.390203526919718513e+01
4.678971562500000232e+02,-7.493553733622181312e+01
4.678974492187500118e+02,-8.214096515652755670e+01
4.678977421875000005e+02,-9.256489808441421019e+01
4.678980351562499891e+02,-9.182402026761874936e+01
4.678983281250000346e+02,-8.936685542948961825e+01
4.678986210937500232e+02,-8.506228579106539200e+01
4.678989140625000118e+02,-8.377031719647530394e+01
4.678992070312500005e+02,-7.981693205215587739e+01
4.678994999999999891e+02,-7.147577618525332355e+01
4.678997929687500346e+02,-6.936199218153046786e+01
4.679000859375000232e+02,-8.071029665588427804e+01
4.679003789062500118e+02,-9.184443710730683108e+01
4.679006718750000005e+02,-9.888976631217926183e+01
4.679009648437499891e+02,-8.855911480601194796e+01
4.679012578125000346e+02,-8.132578342046535624e+01
4.679015507812500232e+02,-8.185853026152491907e+01
4.679018437500000118e+02,-8.994224116908903000e+01
4.679021367187500005e+02,-7.970763713007171702e+01
4.679024296874999891e+02,-7.373989403334351778e+01
4.679027226562500346e+02,-8.344166581640789104e+01
4.679030156250000232e+02,-7.912849475012794187e+01
4.679033085937500118e+02,-7.927756447737908729e+01
4.679036015625000005e+02,-1.067630320071878316e+02
4.679038945312499891e+02,-8.780222794401267095e+01
4.679041875000000346e+02,-8.883736937034345260e+01
4.679044804687500232e+02,-7.699913293126169833e+01
4.679047734375000118e+02,-7.609428796849346099e+01
4.679050664062500005e+02,-7.758498082380941696e+01
4.679053593749999891e+02,-8.000343090823187708e+01
4.679056523437500346e+02,-7.663333427608783666e+01
4.679059453125000232e+02,-7.476780260479370099e+01
4.679062382812500118e+02,-7.749819458334164324e+01
4.679065312500000005e+02,-7.955184824757918705e+01
4.679068242187499891e+02,-8.495476378808488960e+01
4.679071171875000346e+02,-7.730811012506022450e+01
4.679074101562500232e+02,-7.470268550671472951e+01
4.679077031250000118e+02,-8.730892535940840560e+01
4.679079960937500005e+02,-7.929238899630757942e+01
4.679082890624999891e+02,-7.868642964364612169e+01
4.679085820312500346e+02,-7.413133668667695986e+01
4.679088750000000232e+02,-7.316901543587522383e+01
4.679091679687500118e+02,-7.574960076665630027e+01
4.679094609375000005e+02,-7.998076045006865797e+01
4.679097539062499891e+02,-7.489317583392077893e+01
4.679100468750000346e+02,-7.731928881158795264e+01
4.679103398437500232e+02,-8.177546851347678114e+01
4.679106328125000118e+02,-8.762846781792254092e+01
4.679109257812500005e+02,-7.827240607054703503e+01
4.679112187499999891e+02,-8.038661548983358784e+01
4.679115117187500346e+02,-9.177899226571467750e+01
4.679118046875000232e+02,-8.366208539784922493e+01
4.679120976562500118e+02,-7.978843627016046014e+01
4.679123906250000005e+02,-7.817001865785772452e+01
4.679126835937499891e+02,-8.512198927242658897e+01
4.679129765625000346e+02,-8.473265188272563364e+01
4.679132695312500232e+02,-9.393854401369961238e+01
4.679135625000000118e+02,-8.220316200706805887e+01
4.679138554687500005e+02,-8.878744245737691188e+01
4.679141484374999891e+02,-7.365163595714695077e+01
4.679144414062500346e+02,-7.326162514161237027e+01
4.679147343750000232e+02,-7.996794175472336974e+01
4.679150273437500118e+02,-8.930817889800118792e+01
4.679153203125000005e+02,-7.466277728713518513e+01
4.679156132812499891e+02,-7.580124079580531316e+01
4.679159062500000346e+02,-8.211479696800046213e+01
4.679161992187500232e+02,-7.832296123222518247e+01
4.679164921875000118e+02,-8.549490055540172762e+01
4.679167851562500005e+02,-7.296802949920041215e+01
4.679170781249999891e+02,-7.781858846368429283e+01
4.679173710937500346e+02,-7.839033684772695665e+01
4.679176640625000232e+02,-7.395055811335021190e+01
4.679179570312500118e+02,-7.535884224243473284e+01
4.679182500000000005e+02,-7.483280822575463276e+01
4.679185429687499891e+02,-7.654207420874578816e+01
4.679188359375000346e+02,-8.742320884477578602e+01
4.679191289062500232e+02,-8.156940364306697688e+01
4.679194218750000118e+02,-8.060162156809701628e+01
4.679197148437500005e+02,-8.431022251479473084e+01
4.679200078124999891e+02,-7.808298511842775724e+01
4.679203007812500346e+02,-8.063338164464877877e+01
4.679205937500000232e+02,-7.270931909808760452e+01
4.679208867187500118e+02,-7.036118416798692010e+01
4.679211796875000005e+02,-7.310952806438848484e+01
4.679214726562499891e+02,-7.574051866675978317e+01
4.679217656250000346e+02,-7.642524458523351427e+01
4.679220585937500232e+02,-7.860255877169409189e+01
4.679223515625000118e+02,-7.949036082763407762e+01
4.679226445312500005e+02,-7.902313259468887452e+01
4.679229374999999891e+02,-7.575060894414333745e+01
4.679232304687500346e+02,-7.771300379765429511e+01
4.679235234375000232e+02,-8.819424040961963840e+01
4.679238164062500118e+02,-8.321702846745181148e+01
4.679241093750000005e+02,-7.566992607694024287e+01
4.679244023437499891e+02,-7.851769861823626684e+01
4.679246953125000346e+02,-8.123738325007747108e+01
4.679249882812500232e+02,-7.555014259942801402e+01
4.679252812500000118e+02,-7.786261410493760593e+01
4.679255742187500005e+02,-7.923850783468226666e+01
4.679258671874999891e+02,-8.415160745646844020e+01
4.679261601562500346e+02,-8.050636236998151674e+01
4.679264531250000232e+02,-8.870489022707239712e+01
4.679267460937500118e+02,-8.595121783594434817e+01
4.679270390625000005e+02,-8.394886185275341006e+01
4.679273320312499891e+02,-8.101001974289906116e+01
4.679276250000000346e+02,-7.840457454735955878e+01
4.679279179687500232e+02,-8.134698668314739223e+01
4.679282109375000118e+02,-8.726972383338750205e+01
4.679285039062500005e+02,-8.314002950956798088e+01
4.679287968749999891e+02,-8.242574436493804058e+01
4.679290898437500346e+02,-7.939084733133407212e+01
4.679293828125000232e+02,-7.687968778476761145e+01
4.679296757812500118e+02,-8.253150513780623498e+01
4.679299687500000005e+02,-7.537475256045813410e+01
4.679302617187499891e+02,-8.706024303006509513e+01
4.679305546875000346e+02,-8.052464454723691745e+01
4.679308476562500232e+02,-8.309105639650888975e+01
4.679311406250000118e+02,-8.277888660520061137e+01
4.679314335937500005e+02,-7.883305216246742475e+01
4.679317265624999891e+02,-7.839326291527774515e+01
4.679320195312500346e+02,-7.581938211603576860e+01
4.679323125000000232e+02,-7.553145557373234453e+01
4.679326054687500118e+02,-8.100099896641489750e+01
4.679328984375000005e+02,-9.073116002715393336e+01
4.679331914062499891e+02,-7.918792632523306452e+01
4.679334843750000346e+02,-7.540478782619760523e+01
4.679337773437500232e+02,-7.916236175333931158e+01
4.679340703125000118e+02,-9.600276457892165638e+01
4.679343632812500005e+02,-7.875430219347516925e+01
4.679346562499999891e+02,-7.600477613438793867e+01
4.679349492187500346e+02,-7.993882732030085947e+01
4.679352421875000232e+02,-7.968100726228067288e+01
4.679355351562500118e+02,-7.647696459489014842e+01
4.679358281250000005e+02,-8.529080846318849751e+01
4.679361210937499891e+02,-8.225131746083181383e+01
4.679364140625000346e+02,-8.564090203813609037e+01
4.679367070312500232e+02,-8.598748520841309073e+01
4.679370000000000118e+02,-8.476409305291981866e+01
4.679372929687500005e+02,-9.043643717812693694e+01
4.679375859374999891e+02,-8.319524078518949750e+01
4.679378789062500346e+02,-8.207635646415154440e+01
4.679381718750000232e+02,-8.838931369839326635e+01
4.679384648437500118e+02,-7.949464467461699257e+01
4.679387578125000005e+02,-7.391520552494070273e+01
4.679390507812499891e+02,-7.225531009186501308e+01
4.679393437500000346e+02,-7.528919472938865454e+01
4.679396367187500232e+02,-7.549981272693045753e+01
4.679399296875000118e+02,-7.126006001219738550e+01
4.679402226562500005e+02,-7.682700783025902069e+01
4.679405156249999891e+02,-8.125437365190114747e+01
4.679408085937500346e+02,-7.785742364164099172e+01
4.679411015625000232e+02,-8.739394851464687974e+01
4.679413945312500118e+02,-8.870541843875230370e+01
4.679416875000000005e+02,-8.471010474535738410e+01
4.679419804687499891e+02,-7.649544653168209152e+01
4.679422734375000346e+02,-7.841074653370297654e+01
4.679425664062500232e+02,-8.531308009411843329e+01
4.679428593750000118e+02,-8.835528146219849077e+01
4.679431523437500005e+02,-9.176153806711369043e+01
4.679434453124999891e+02,-8.174377456440140577e+01
4.679437382812500346e+02,-8.180656450476737973e+01
4.679440312500000232e+02,-8.353924382013927641e+01
4.679443242187500118e+02,-7.641147390172442044e+01
4.679446171875000005e+02,-7.586876839311825904e+01
4.679449101562499891e+02,-8.533047409471122080e+01
4.679452031250000346e+02,-7.746473387013696765e+01
4.679454960937500232e+02,-8.141297030471872631e+01
4.679457890625000118e+02,-8.014986286799263837e+01
4.679460820312500005e+02,-8.202662141201265911e+01
4.679463749999999891e+02,-8.174328774649882234e+01
4.679466679687500346e+02,-8.155675192345171354e+01
4.679469609375000232e+02,-7.599361157024530655e+01
4.679472539062500118e+02,-7.750608479511727467e+01
4.679475468750000005e+02,-9.107393849071763725e+01
4.679478398437499891e+02,-8.632832549592494331e+01
4.679481328125000346e+02,-8.602497685527131921e+01
4.679484257812500232e+02,-9.002698719302473762e+01
4.679487187500000118e+02,-8.308424753387386374e+01
4.679490117187500005e+02,-7.851204908729896204e+01
4.679493046874999891e+02,-7.555472289559696719e+01
4.679495976562500346e+02,-7.579827853426583317e+01
4.679498906250000232e+02,-8.396166076287896374e+01
4.679501835937500118e+02,-7.878053731122587067e+01
4.679504765625000005e+02,-7.455550733475828906e+01
4.679507695312499891e+02,-7.398524871349913212e+01
4.679510625000000346e+02,-8.065017485693979893e+01
4.679513554687500232e+02,-8.599624960891955539e+01
4.679516484375000118e+02,-7.765152636776942074e+01
4.679519414062500005e+02,-7.492704667122774254e+01
4.679522343749999891e+02,-8.028496124599098493e+01
4.679525273437500346e+02,-8.264220289666988606e+01
4.679528203125000232e+02,-9.920610050166192195e+01
4.679531132812500118e+02,-8.052958731369074030e+01
4.679534062500000005e+02,-8.455787182678024294e+01
4.679536992187499891e+02,-7.874180400229612076e+01
4.679539921875000346e+02,-7.474518365043955725e+01
4.679542851562500232e+02,-7.527678798941606431e+01
4.679545781250000118e+02,-8.142735449375120993e+01
4.679548710937500005e+02,-7.516035481813159436e+01
4.679551640624999891e+02,-7.850399277849436430e+01
4.679554570312500346e+02,-8.336979867288960122e+01
4.679557500000000232e+02,-7.567113326418875374e+01
4.679560429687500118e+02,-8.150217609166817567e+01
4.679563359375000005e+02,-8.261325796002880395e+01
4.679566289062499891e+02,-7.616730317985307863e+01
4.679569218750000346e+02,-8.073006812346980610e+01
4.679572148437500232e+02,-8.641003542977554730e+01
4.679575078125000118e+02,-9.034846819848627320e+01
4.679578007812500005e+02,-8.635767839163767690e+01
4.679580937499999891e+02,-7.925925075100596473e+01
4.679583867187500346e+02,-7.985254480833769719e+01
4.679586796875000232e+02,-8.300887456868019854e+01
4.679589726562500118e+02,-8.673162180711456415e+01
4.679592656250000005e+02,-8.407488847750265393e+01
4.679595585937499891e+02,-7.494658516163276829e+01
4.679598515625000346e+02,-7.903350444066245473e+01
4.679601445312500232e+02,-7.808954155894929272e+01
4.679604375000000118e+02,-9.210013598403227775e+01
4.679607304687500005e+02,-8.946882860715226116e+01
4.679610234374999891e+02,-8.405404819191682009e+01
4.679613164062500346e+02,-9.161591386878708931e+01
4.679616093750000232e+02,-9.431020039462806892e+01
4.679619023437500118e+02,-7.965598232386170707e+01
4.679621953125000005e+02,-8.115240960967895489e+01
4.679624882812499891e+02,-9.754761382369440526e+01
4.679627812500000346e+02,-8.747227436170041415e+01
4.679630742187500232e+02,-8.529911639110031274e+01
4.679633671875000118e+02,-8.498440475121222448e+01
4.679636601562500005e+02,-9.091437869699049656e+01
4.679639531249999891e+02,-8.927918825979816120e+01
4.679642460937500346e+02,-8.135990984535848725e+01
4.679645390625000232e+02,-7.979745065333608522e+01
4.679648320312500118e+02,-8.087513167639508538e+01
4.679651250000000005e+02,-7.811969882987739311e+01
4.679654179687499891e+02,-7.347714976941540499e+01
4.679657109375000346e+02,-7.512341855189762896e+01
4.679660039062500232e+02,-7.977600469584527332e+01
4.679662968750000118e+02,-8.097106356182734999e+01
4.679665898437500005e+02,-8.340823551902860800e+01
4.679668828124999891e+02,-8.918434009275085828e+01
4.679671757812500346e+02,-8.599442242439833706e+01
4.679674687500000232e+02,-7.860101162715881173e+01
4.679677617187500118e+02,-7.426137071657178979e+01
4.679680546875000005e+02,-7.463840323310623148e+01
4.679683476562499891e+02,-8.258867117826200399e+01
4.679686406250000346e+02,-7.505050230465000993e+01
4.679689335937500232e+02,-7.902621766404691073e+01
4.679692265625000118e+02,-8.413095145120819041e+01
4.679695195312500005e+02,-8.099806221528450578e+01
4.679698124999999891e+02,-8.466847224915566983e+01
4.679701054687500346e+02,-8.798711250775468784e+01
4.679703984375000232e+02,-7.713608120179770822e+01
4.679706914062500118e+02,-8.212145293897665965e+01
4.679709843750000005e+02,-7.768073011505451575e+01
4.679712773437499891e+02,-8.583017512027700491e+01
4.679715703125000346e+02,-8.410066880398071021e+01
4.679718632812500232e+02,-9.743583325162944675e+01
4.679721562500000118e+02,-8.664654813151523172e+01
4.679724492187500005e+02,-1.035977833700024462e+02
4.679727421874999891e+02,-9.755617341655045038e+01
4.679730351562500346e+02,-8.169471162622610905e+01
4.679733281250000232e+02,-7.795144469467187776e+01
4.679736210937500118e+02,-8.313625003381733336e+01
4.679739140625000005e+02,-9.343840381266997497e+01
4.679742070312499891e+02,-8.660433223405605929e+01
4.679745000000000346e+02,-8.910791329117800785e+01
4.679747929687500232e+02,-7.937978934304486245e+01
4.679750859375000118e+02,-8.391050280341491430e+01
4.679753789062500005e+02,-8.080801626034522656e+01
4.679756718749999891e+02,-7.534884387169478259e+01
4.679759648437500346e+02,-7.781057793695721614e+01
4.679762578125000232e+02,-7.615953066192820131e+01
4.679765507812500118e+02,-8.103408110281485222e+01
4.679768437500000005e+02,-8.792133987747996571e+01
4.679771367187499891e+02,-9.006954899500198053e+01
4.679774296875000346e+02,-7.958091327875492027e+01
4.679777226562500232e+02,-7.805440086858033055e+01
4.679780156250000118e+02,-8.994945784194740668e+01
4.679783085937500005e+02,-8.303122200728793700e+01
4.679786015624999891e+02,-8.353875899274002848e+01
4.679788945312500346e+02,-9.035114808284151877e+01
4.679791875000000232e+02,-8.094998471641851268e+01
4.679794804687500118e+02,-7.845552641688865947e+01
4.679797734375000005e+02,-8.004338360309216682e+01
4.679800664062499891e+02,-7.968872573385313274e+01
4.679803593750000346e+02,-7.884739118322924867e+01
4.679806523437500232e+02,-8.050784134819211602e+01
4.679809453125000118e+02,-8.213332771292355972e+01
4.679812382812500005e+02,-8.762690639015713145e+01
4.679815312499999891e+02,-8.810250351593744256e+01
4.679818242187500346e+02,-9.524515450475000478e+01
4.679821171875000232e+02,-8.246240941396044377e+01
4.679824101562500118e+02,-7.982841972471372571e+01
4.679827031250000005e+02,-8.768532003320926549e+01
4.679829960937499891e+02,-8.320771021538112677e+01
4.679832890625000346e+02,-7.929228491282648861e+01
4.679835820312500232e+02,-8.760707929934193317e+01
4.679838750000000118e+02,-8.574406079722581353e+01
4.679841679687500005e+02,-8.206079726124984575e+01
4.679844609374999891e+02,-8.141440239434376736e+01
4.679847539062500346e+02,-9.372776553194620419e+01
4.679850468750000232e+02,-8.247678471332915251e+01
4.679853398437500118e+02,-8.799839024779066676e+01
4.679856328125000005e+02,-8.252388980827737441e+01
4.679859257812499891e+02,-7.970807219377805097e+01
4.679862187500000346e+02,-8.484780050368711102e+01
4.679865117187500232e+02,-7.924994434395954102e+01
4.679868046875000118e+02,-8.082195336610602965e+01
4.679870976562500005e+02,-8.306715085337999938e+01
4.679873906249999891e+02,-8.856867821512764749e+01
4.679876835937500346e+02,-7.920237529205083149e+01
4.679879765625000232e+02,-7.797454717136463387e+01
4.679882695312500118e+02,-7.908034057885279822e+01
4.679885625000000005e+02,-8.095041935220731943e+01
4.679888554687499891e+02,-8.466542000425475578e+01
4.679891484375000346e+02,-8.174399159710274887e+01
4.679894414062500232e+02,-7.826142294633316965e+01
4.679897343750000118e+02,-8.135218187666872325e+01
4.679900273437500005e+02,-8.143134937489492131e+01
4.679903203124999891e+02,-7.907045382887197604e+01
4.679906132812500346e+02,-8.568032225650200928e+01
4.679909062500000232e+02,-8.448968297733570409e+01
4.679911992187500118e+02,-8.272373049134034773e+01
4.679914921875000005e+02,-8.059264080846514844e+01
4.679917851562499891e+02,-8.215418511283212410e+01
4.679920781250000346e+02,-8.862908392161068605e+01
4.679923710937500232e+02,-8.123821403652473805e+01
4.679926640625000118e+02,-8.441148113991589241e+01
4.679929570312500005e+02,-8.486419968278107717e+01
4.679932499999999891e+02,-8.129725460238064727e+01
4.679935429687500346e+02,-8.207343321225359034e+01
4.679938359375000232e+02,-8.072173161126961816e+01
4.679941289062500118e+02,-8.082390366783427282e+01
4.679944218750000005e+02,-1.031186644922752436e+02
4.679947148437499891e+02,-8.878651519703360862e+01
4.679950078125000346e+02,-8.360583693280382533e+01
4.679953007812500232e+02,-8.943830243676943326e+01
4.679955937500000118e+02,-8.684432511797666621e+01
4.679958867187500005e+02,-8.288158926452210551e+01
4.679961796874999891e+02,-8.171392709422592304e+01
4.679964726562500346e+02,-7.984857612049536613e+01
4.679967656250000232e+02,-7.992676734247054071e+01
4.679970585937500118e+02,-8.531217333748199394e+01
4.679973515625000005e+02,-8.457544927956283232e+01
4.679976445312499891e+02,-8.957259591149883704e+01
4.679979375000000346e+02,-8.551921807893256755e+01
4.679982304687500232e+02,-8.075558706978512191e+01
4.679985234375000118e+02,-8.056006060705264815e+01
4.679988164062500005e+02,-7.989773403155143683e+01
4.679991093749999891e+02,-8.830422914793405198e+01
4.679994023437500346e+02,-8.911431452058471336e+01
4.679996953125000232e+02,-8.287575796741271006e+01
4.679999882812500118e+02,-8.104810451264988558e+01
4.680002812500000005e+02,-8.316109153678111454e+01
4.680005742187499891e+02,-9.878216852826361105e+01
4.680008671875000346e+02,-8.278150205759659741e+01
4.680011601562500232e+02,-7.875494839353787313e+01
4.680014531250000118e+02,-8.978418723429211923e+01
4.680017460937500005e+02,-8.796869596501777266e+01
4.680020390624999891e+02,-8.929246788562335269e+01
4.680023320312500346e+02,-8.378296347828518265e+01
4.680026250000000232e+02,-8.073250671121112987e+01
4.680029179687500118e+02,-8.776651602283735087e+01
4.680032109375000005e+02,-8.104393954174751968e+01
4.680035039062499891e+02,-9.131161138591757265e+01
4.680037968750000346e+02,-8.498431275355696357e+01
4.680040898437500232e+02,-8.704934511858311907e+01
4.680043828125000118e+02,-9.578202337283272527e+01
4.680046757812500005e+02,-8.163162586962718592e+01
4.680049687499999891e+02,-8.714393626897900447e+01
4.680052617187500346e+02,-8.383038580904461412e+01
4.680055546875000232e+02,-8.099665578270590061e+01
4.680058476562500118e+02,-7.972538028336691696e+01
4.680061406250000005e+02,-7.804809647993677402e+01
4.680064335937499891e+02,-9.009546910236790040e+01
4.680067265625000346e+02,-8.344915541715528207e+01
4.680070195312500232e+02,-8.817451938944370227e+01
4.680073125000000118e+02,-8.734441212846938640e+01
4.680076054687500005e+02,-8.150462108269863393e+01
4.680078984374999891e+02,-7.866766896444231350e+01
4.680081914062500346e+02,-8.460703019912395462e+01
4.680084843750000232e+02,-8.950529941312687754e+01
4.680087773437500118e+02,-7.794089466854758541e+01
4.680090703125000005e+02,-7.507007210068962877e+01
4.680093632812499891e+02,-7.868942438297752062e+01
4.680096562500000346e+02,-7.644695821096347288e+01
4.680099492187500232e+02,-7.931297510849159949e+01
4.680102421875000118e+02,-8.338510328287165407e+01
4.680105351562500005e+02,-8.631270020868555548e+01
4.680108281249999891e+02,-7.918400307251978631e+01
4.680111210937500346e+02,-8.013998757166527298e+01
4.680114140625000232e+02,-7.959289750643877426e+01
4.680117070312500118e+02,-8.236824121963041989e+01
4.680120000000000005e+02,-7.789078934306937185e+01
4.680122929687499891e+02,-7.942970181588916034e+01
4.680125859375000346e+02,-8.839540916652643432e+01
4.680128789062500232e+02,-7.981692837110907135e+01
4.680131718750000118e+02,-8.035778574486469950e+01
4.680134648437500005e+02,-8.337180260431421175e+01
4.680137578124999891e+02,-8.363965537770459946e+01
4.680140507812500346e+02,-8.471502995334805064e+01
4.680143437500000232e+02,-8.301410881287667110e+01
4.680146367187500118e+02,-8.156295136929179534e+01
4.680149296875000005e+02,-8.417909126883455428e+01
4.680152226562499891e+02,-9.212883545723188661e+01
4.680155156250000346e+02,-8.169891241194294196e+01
4.680158085937500232e+02,-8.344656801947473923e+01
4.680161015625000118e+02,-8.557563681629156349e+01
4.680163945312500005e+02,-8.460842237831852231e+01
4.680166874999999891e+02,-8.732207602513540223e+01
4.680169804687500346e+02,-8.358671281066818892e+01
4.680172734375000232e+02,-7.979664100089212297e+01
4.680175664062500118e+02,-9.104356443293967516e+01
4.680178593750000005e+02,-8.922282742671401934e+01
4.680181523437499891e+02,-8.327457141227419868e+01
4.680184453125000346e+02,-7.976341269290112734e+01
4.680187382812500232e+02,-8.948635409296862520e+01
4.680190312500000118e+02,-8.825877927876771878e+01
4.680193242187500005e+02,-8.482601683136840620e+01
4.680196171874999891e+02,-8.566077254275089103e+01
4.680199101562500346e+02,-8.227320543764668059e+01
4.680202031250000232e+02,-9.894863307380994399e+01
4.680204960937500118e+02,-8.094565995659084479e+01
4.680207890625000005e+02,-9.130525166941298210e+01
4.680210820312499891e+02,-8.319456609069354158e+01
4.680213750000000346e+02,-8.311826894663987275e+01
4.680216679687500232e+02,-8.576430485246505953e+01
4.680219609375000118e+02,-9.069742339604349013e+01
4.680222539062500005e+02,-8.878101707519080321e+01
4.680225468749999891e+02,-8.833646277478970887e+01
4.680228398437500346e+02,-7.731415960578100055e+01
4.680231328125000232e+02,-7.435661360396230180e+01
4.680234257812500118e+02,-7.519108550853121642e+01
4.680237187500000005e+02,-7.960932696859048008e+01
4.680240117187499891e+02,-9.832502315221914557e+01
4.680243046875000346e+02,-8.042848206969971159e+01
4.680245976562500232e+02,-7.563017503559416355e+01
4.680248906250000118e+02,-7.993004418675724310e+01
4.680251835937500005e+02,-8.302238460057949965e+01
4.680254765624999891e+02,-9.551911387831549405e+01
4.680257695312500346e+02,-9.417198502910164848e+01
4.680260625000000232e+02,-8.439643760651406978e+01
4.680263554687500118e+02,-7.669832603302047858e+01
4.680266484375000005e+02,-8.206309374814838975e+01
4.680269414062499891e+02,-8.680464878835651632e+01
4.680272343750000346e+02,-9.928244265904190513e+01
4.680275273437500232e+02,-8.302643330865586790e+01
4.680278203125000118e+02,-8.577376375453036417e+01
4.680281132812500005e+02,-8.869562623807289015e+01
4.680284062499999891e+02,-8.644039257247618480e+01
4.680286992187500346e+02,-8.314033556901017619e+01
4.680289921875000232e+02,-8.493993340743080012e+01
4.680292851562500118e+02,-8.391285111708967293e+01
4.680295781250000005e+02,-8.559461951412384906e+01
4.680298710937499891e+02,-8.492698168768370692e+01
4.680301640625000346e+02,-8.820708784770283728e+01
4.680304570312500232e+02,-7.922634383595470808e+01
4.680307500000000118e+02,-8.173430292590080626e+01
4.680310429687500005e+02,-8.164208606998739981e+01
4.680313359374999891e+02,-7.707247935320719989e+01
4.680316289062500346e+02,-7.858400705460668689e+01
4.680319218750000232e+02,-7.822241418218249009e+01
4.680322148437500118e+02,-8.112162922105434859e+01
4.680325078125000005e+02,-9.438235274557999333e+01
4.680328007812499891e+02,-8.122184554433135872e+01
4.680330937500000346e+02,-8.588867762268773731e+01
4.680333867187500232e+02,-8.475345934770997758e+01
4.680336796875000118e+02,-8.174303060999805837e+01
4.680339726562500005e+02,-8.102695220731465042e+01
4.680342656249999891e+02,-8.321113923083458985e+01
4.680345585937500346e+02,-9.090891448724818247e+01
4.680348515625000232e+02,-9.172787012548376140e+01
4.680351445312500118e+02,-8.274952830971800211e+01
4.680354375000000005e+02,-8.144478478097170182e+01
4.680357304687499891e+02,-9.821290259010112322e+01
4.680360234375000346e+02,-1.011244940592465156e+02
4.680363164062500232e+02,-8.558793566787684881e+01
4.680366093750000118e+02,-8.018107122945112053e+01
4.680369023437500005e+02,-8.880943321326353157e+01
4.680371953124999891e+02,-9.224879122242532503e+01
4.680374882812500346e+02,-9.285884288190997893e+01
4.680377812500000232e+02,-9.135854262553691285e+01
4.680380742187500118e+02,-8.057889375643131302e+01
4.680383671875000005e+02,-8.061292284335442559e+01
4.680386601562499891e+02,-8.248671512909351122e+01
4.680389531250000346e+02,-8.049397002041503413e+01
4.680392460937500232e+02,-8.433820463360564190e+01
4.680395390625000118e+02,-8.177417583966175130e+01
4.680398320312500005e+02,-8.257270940373979329e+01
4.680401249999999891e+02,-9.142748860837980374e+01
4.680404179687500346e+02,-9.243335356989290119e+01
4.680407109375000232e+02,-9.600433829328270008e+01
4.680410039062500118e+02,-9.621687001119418881e+01
4.680412968750000005e+02,-8.454634049617011726e+01
4.680415898437499891e+02,-7.810742248379804664e+01
4.680418828125000346e+02,-7.932467225800400001e+01
4.680421757812500232e+02,-8.989602429483795731e+01
4.680424687500000118e+02,-8.488388729325778570e+01
4.680427617187500005e+02,-7.640622885761658267e+01
4.680430546874999891e+02,-7.933826670717928664e+01
4.680433476562500346e+02,-9.379155646343104991e+01
4.680436406250000232e+02,-7.962943563156024140e+01
4.680439335937500118e+02,-7.615158683310015419e+01
4.680442265625000005e+02,-7.546390807261747113e+01
4.680445195312499891e+02,-7.955233489122434776e+01
4.680448125000000346e+02,-8.511825849724566240e+01
4.680451054687500232e+02,-7.614818659384334865e+01
4.680453984375000118e+02,-7.828658085997102489e+01
4.680456914062500005e+02,-8.159196184921854922e+01
4.680459843749999891e+02,-8.907836383735157426e+01
4.680462773437500346e+02,-8.733986766204145624e+01
4.680465703125000232e+02,-7.997462890969976002e+01
4.680468632812500118e+02,-8.868737310382515204e+01
4.680471562500000005e+02,-8.695908456499851980e+01
4.680474492187499891e+02,-8.056543447074901110e+01
4.680477421875000346e+02,-8.772276543622129452e+01
4.680480351562500232e+02,-8.845997677746424870e+01
4.680483281250000118e+02,-7.805354607811318601e+01
4.680486210937500005e+02,-7.942750218282955643e+01
4.680489140624999891e+02,-7.946113646636641192e+01
4.680492070312500346e+02,-7.991872250827185553e+01
4.680495000000000232e+02,-8.215587270669129794e+01
4.680497929687500118e+02,-7.902679569564524797e+01
4.680500859375000005e+02,-7.885743963836731041e+01
4.680503789062499891e+02,-8.782973846220264136e+01
4.680506718750000346e+02,-7.852797493845059762e+01
4.680509648437500232e+02,-7.768240235939771310e+01
4.680512578125000118e+02,-7.689503590428631696e+01
4.680515507812500005e+02,-8.014436812507925367e+01
4.680518437499999891e+02,-8.188956716960488791e+01
4.680521367187500346e+02,-7.816043291369028623e+01
4.680524296875000232e+02,-7.983074419047818537e+01
4.680527226562500118e+02,-7.926522568447117578e+01
4.680530156250000005e+02,-7.921846743561968651e+01
4.680533085937499891e+02,-8.104864214840503678e+01
4.680536015625000346e+02,-8.196615722655710101e+01
4.680538945312500232e+02,-8.037976163399432039e+01
4.680541875000000118e+02,-8.253900313820297185e+01
4.680544804687500005e+02,-8.518284259835735384e+01
4.680547734374999891e+02,-7.982160145558479769e+01
4.680550664062500346e+02,-7.723618520813103316e+01
4.680553593750000232e+02,-8.053920473578136807e+01
4.680556523437500118e+02,-9.178572615254682887e+01
4.680559453125000005e+02,-8.497563845283298178e+01
4.680562382812499891e+02,-7.850923507361889619e+01
4.680565312500000346e+02,-8.035228899132121683e+01
4.680568242187500232e+02,-8.170805021138411917e+01
4.680571171875000118e+02,-8.315331775455649677e+01
4.680574101562500005e+02,-8.995514513083180930e+01
4.680577031249999891e+02,-8.751460755710779438e+01
4.680579960937500346e+02,-8.110321410242606532e+01
4.680582890625000232e+02,-8.345693956028605953e+01
4.680585820312500118e+02,-8.336157456938808252e+01
4.680588750000000005e+02,-8.407270745316165517e+01
4.680591679687499891e+02,-7.871438366662327724e+01
4.680594609375000346e+02,-8.168309690758425745e+01
4.680597539062500232e+02,-8.507918101009663303e+01
4.680600468750000118e+02,-8.289993318329135263e+01
4.680603398437500005e+02,-7.944627381305579661e+01
4.680606328124999891e+02,-7.458948416387697478e+01
4.680609257812500346e+02,-7.855645407886697740e+01
4.680612187500000232e+02,-9.233857585197766582e+01
4.680615117187500118e+02,-8.231289744739085279e+01
4.680618046875000005e+02,-7.831246905690146320e+01
4.680620976562499891e+02,-7.861545017446998429e+01
4.680623906250000346e+02,-8.113224639835891594e+01
4.680626835937500232e+02,-7.834821827428255858e+01
4.680629765625000118e+02,-8.102397958067675177e+01
4.680632695312500005e+02,-9.322460138986662059e+01
4.680635624999999891e+02,-8.590836953914944729e+01
4.680638554687500346e+02,-8.912590777247389440e+01
4.680641484375000232e+02,-8.706857748540991793e+01
4.680644414062500118e+02,-8.911273138817335848e+01
4.680647343750000005e+02,-7.953442159251048338e+01
4.680650273437499891e+02,-8.564732959453036187e+01
4.680653203125000346e+02,-9.871022206951437283e+01
4.680656132812500232e+02,-8.211214801472813463e+01
4.680659062500000118e+02,-8.503679107521016078e+01
4.680661992187500005e+02,-8.866487771552377239e+01
4.680664921874999891e+02,-8.621891036149924048e+01
4.680667851562500346e+02,-8.326519488621195819e+01
4.680670781250000232e+02,-7.551124781199060010e+01
4.680673710937500118e+02,-7.505109675446615825e+01
4.680676640625000005e+02,-7.996744451393091424e+01
4.680679570312499891e+02,-7.937911289606161347e+01
4.680682500000000346e+02,-8.075488805302610729e+01
4.680685429687500232e+02,-7.579588513322634924e+01
4.680688359375000118e+02,-8.240040328465325103e+01
4.680691289062500005e+02,-9.596647874180933968e+01
4.680694218749999891e+02,-9.031192682345397316e+01
4.680697148437500346e+02,-9.978472728616350196e+01
4.680700078125000232e+02,-8.459995490188077838e+01
4.680703007812500118e+02,-8.374579076771077268e+01
4.680705937500000005e+02,-8.508749996885755706e+01
4.680708867187499891e+02,-8.880586321775734859e+01
4.680711796875000346e+02,-8.517127781907385042e+01
4.680714726562500232e+02,-7.784522409700504397e+01
4.680717656250000118e+02,-8.243845131410213867e+01
4.680720585937500005e+02,-8.116250555166841707e+01
4.680723515624999891e+02,-8.077887587340919140e+01
4.680726445312500346e+02,-8.228541098091204731e+01
4.680729375000000232e+02,-8.726545996706568076e+01
4.680732304687500118e+02,-7.637273300873825121e+01
4.680735234375000005e+02,-8.035117840251751886e+01
4.680738164062499891e+02,-9.007763798952564116e+01
4.680741093750000346e+02,-8.262554067576979833e+01
4.680744023437500232e+02,-8.919580861569734509e+01
4.680746953125000118e+02,-8.071778498035293126e+01
4.680749882812500005e+02,-8.091767160100546619e+01
4.680752812499999891e+02,-7.968959050897578322e+01
4.680755742187500346e+02,-7.783146869779349686e+01
4.680758671875000232e+02,-8.623652679357886086e+01
4.680761601562500118e+02,-9.306019163635153291e+01
4.680764531250000005e+02,-8.907107128311538702e+01
4.680767460937499891e+02,-8.534432462198951441e+01
4.680770390625000346e+02,-8.135884343129052354e+01
4.680773320312500232e+02,-8.216772955448419680e+01
4.680776250000000118e+02,-8.743686364259724542e+01
4.680779179687500005e+02,-8.021452138427574141e+01
4.680782109374999891e+02,-7.954930218156803789e+01
4.680785039062500346e+02,-7.941982875040719136e+01
4.680787968750000232e+02,-8.070403125044249748e+01
4.680790898437500118e+02,-8.644063861940634297e+01
4.680793828125000005e+02,-8.119559257350442749e+01
4.680796757812499891e+02,-8.272850259647884741e+01
4.680799687500000346e+02,-8.995953687708437485e+01
4.680802617187500232e+02,-8.015829579357459522e+01
4.680805546875000118e+02,-8.313264340533864072e+01
4.680808476562500005e+02,-7.915300674272579329e+01
4.680811406249999891e+02,-7.961276563077265678e+01
4.680814335937500346e+02,-9.080234522660616392e+01
4.680817265625000232e+02,-8.594176774708950006e+01
4.680820195312500118e+02,-8.745714587922272187e+01
4.680823125000000005e+02,-8.802873666266015107e+01
4.680826054687499891e+02,-9.221237276144086081e+01
4.680828984375000346e+02,-8.352281972769858953e+01
4.680831914062500232e+02,-8.894549993287165535e+01
4.680834843750000118e+02,-8.662135831607255909e+01
4.680837773437500005e+02,-7.953278055136694036e+01
4.680840703124999891e+02,-8.005705957444439491e+01
4.680843632812500346e+02,-8.117591640497657579e+01
4.680846562500000232e+02,-8.202814943195066633e+01
4.680849492187500118e+02,-8.636463952825351953e+01
4.680852421875000005e+02,-9.258884229699805246e+01
4.680855351562499891e+02,-8.442492902275569122e+01
4.680858281250000346e+02,-7.378934220430643620e+01
4.680861210937500232e+02,-7.323730705393850826e+01
4.680864140625000118e+02,-7.308369828919401812e+01
4.680867070312500005e+02,-7.859612380015664712e+01
4.680869999999999891e+02,-8.616356021682589983e+01
4.680872929687500346e+02,-8.906981267409449288e+01
4.680875859375000232e+02,-8.133973690964140246e+01
4.680878789062500118e+02,-8.011755626971597621e+01
4.680881718750000005e+02,-8.918060829487114916e+01
4.680884648437499891e+02,-8.024470933178322696e+01
4.680887578125000346e+02,-8.586654790854241526e+01
4.680890507812500232e+02,-7.881493262945414813e+01
4.680893437500000118e+02,-7.651624431153574335e+01
4.680896367187500005e+02,-7.884093390558685144e+01
4.680899296874999891e+02,-8.317670106002692876e+01
4.680902226562500346e+02,-8.575639607406148457e+01
4.680905156250000232e+02,-7.874325299861324368e+01
4.680908085937500118e+02,-8.453406145895407064e+01
4.680911015625000005e+02,-8.539868765594422939e+01
4.680913945312499891e+02,-7.899736604721310584e+01
4.680916875000000346e+02,-8.301542787391902323e+01
4.680919804687500232e+02,-8.244828366613000981e+01
4.680922734375000118e+02,-8.437730012584779615e+01
4.680925664062500005e+02,-8.327055307298380171e+01
4.680928593749999891e+02,-8.527407358432624562e+01
4.680931523437500346e+02,-8.205339230163110642e+01
4.680934453125000232e+02,-8.888217111015188721e+01
4.680937382812500118e+02,-8.738505753136220733e+01
4.680940312500000005e+02,-8.281822273997198636e+01
4.680943242187499891e+02,-8.830735654084756447e+01
4.680946171875000346e+02,-8.087510902850817729e+01
4.680949101562500232e+02,-8.084868887441578522e+01
4.680952031250000118e+02,-8.448535218162582794e+01
4.680954960937500005e+02,-7.637527878796701941e+01
4.680957890624999891e+02,-7.737395341432034002e+01
4.680960820312500346e+02,-1.028156339258225529e+02
4.680963750000000232e+02,-9.045897217534016477e+01
4.680966679687500118e+02,-8.840008893576501237e+01
4.680969609375000005e+02,-8.316110851060361142e+01
4.680972539062499891e+02,-9.461863549546976060e+01
4.680975468750000346e+02,-8.424631928513258572e+01
4.680978398437500232e+02,-8.288273058553996009e+01
4.680981328125000118e+02,-9.173424082967679283e+01
4.680984257812500005e+02,-8.665659983477996775e+01
4.680987187499999891e+02,-8.414876346621169034e+01
4.680990117187500346e+02,-8.290389905893648859e+01
4.680993046875000232e+02,-8.071081371703675700e+01
4.680995976562500118e+02,-8.562840153059603665e+01
4.680998906250000005e+02,-9.282142210873371369e+01
4.681001835937499891e+02,-8.725153737407295296e+01
4.681004765625000346e+02,-8.413753250531330252e+01
4.681007695312500232e+02,-8.622690202947276816e+01
4.681010625000000118e+02,-9.051630403956144733e+01
4.681013554687500005e+02,-9.660902323687292892e+01
4.681016484374999891e+02,-8.473766713268729234e+01
4.681019414062500346e+02,-8.535792669454893655e+01
4.681022343750000232e+02,-8.707277004108880192e+01
4.681025273437500118e+02,-7.905020368364198191e+01
4.681028203125000005e+02,-7.711811261763341463e+01
4.681031132812499891e+02,-7.561282362088648767e+01
4.681034062500000346e+02,-9.220060526065213935e+01
4.681036992187500232e+02,-9.303401250957003299e+01
4.681039921875000118e+02,-8.342767626250747526e+01
4.681042851562500005e+02,-7.918178051829434594e+01
4.681045781249999891e+02,-8.521981148740030676e+01
4.681048710937500346e+02,-8.853530453815785961e+01
4.681051640625000232e+02,-8.530008736184865370e+01
4.681054570312500118e+02,-8.713323465388539546e+01
4.681057500000000005e+02,-9.185893126805393649e+01
4.681060429687499891e+02,-8.818189673371941240e+01
4.681063359375000346e+02,-8.799257431426113385e+01
4.681066289062500232e+02,-9.255510921705666760e+01
4.681069218750000118e+02,-1.038755897788872318e+02
4.681072148437500005e+02,-7.990351545268246980e+01
4.681075078124999891e+02,-7.667589212195339599e+01
4.681078007812500346e+02,-8.100033249041578642e+01
4.681080937500000232e+02,-8.205347703019808137e+01
4.681083867187500118e+02,-8.098450926095070201e+01
4.681086796875000005e+02,-8.251527671562300270e+01
4.681089726562499891e+02,-9.012939693452293000e+01
4.681092656250000346e+02,-8.174899721755123494e+01
4.681095585937500232e+02,-7.920025663944615246e+01
4.681098515625000118e+02,-8.230219449917180441e+01
4.681101445312500005e+02,-8.177977418520274000e+01
4.681104374999999891e+02,-8.474140681731637414e+01
4.681107304687500346e+02,-8.265136913163354393e+01
4.681110234375000232e+02,-8.447185328951151462e+01
4.681113164062500118e+02,-8.063438776510368200e+01
4.681116093750000005e+02,-8.432210571496439400e+01
4.681119023437499891e+02,-8.118249947907204955e+01
4.681121953125000346e+02,-8.782902606985044258e+01
4.681124882812500232e+02,-8.121675415219746696e+01
4.681127812500000118e+02,-8.336091814635723551e+01
4.681130742187500005e+02,-8.426937911509973844e+01
4.681133671874999891e+02,-8.420037861914828170e+01
4.681136601562500346e+02,-8.474564104309851587e+01
4.681139531250000232e+02,-9.223159327944573249e+01
4.681142460937500118e+02,-8.086557601599275813e+01
4.681145390625000005e+02,-7.564280479107262067e+01
4.681148320312499891e+02,-8.082953837562925514e+01
4.681151250000000346e+02,-8.735258343754173893e+01
4.681154179687500232e+02,-8.720879702789973464e+01
4.681157109375000118e+02,-8.539545218110734481e+01
4.681160039062500005e+02,-8.297899787499986246e+01
4.681162968749999891e+02,-8.169372055134309107e+01
4.681165898437500346e+02,-7.964549111738354270e+01
4.681168828125000232e+02,-8.869351289738317234e+01
4.681171757812500118e+02,-8.683382997476762455e+01
4.681174687500000005e+02,-8.627011292129984099e+01
4.681177617187499891e+02,-8.573829195392193014e+01
4.681180546875000346e+02,-8.583699723355273647e+01
4.681183476562500232e+02,-8.593602079827037699e+01
4.681186406250000118e+02,-1.031949731817877591e+02
4.681189335937500005e+02,-9.873402513670444591e+01
4.681192265624999891e+02,-9.364056626917624726e+01
4.681195195312500346e+02,-8.505151835344975098e+01
4.681198125000000232e+02,-1.264993371538977129e+02
4.681201054687500118e+02,-9.104189267971612765e+01
4.681203984375000005e+02,-8.830995119131266335e+01
4.681206914062499891e+02,-7.849759905177057817e+01
4.681209843750000346e+02,-8.093770855249088925e+01
4.681212773437500232e+02,-8.803455336114319607e+01
4.681215703125000118e+02,-8.964892995757422511e+01
4.681218632812500005e+02,-8.886769588839965195e+01
4.681221562499999891e+02,-8.608285783430586946e+01
4.681224492187500346e+02,-9.342794276513501472e+01
4.681227421875000232e+02,-9.388101845075787821e+01
4.681230351562500118e+02,-8.624205340426604494e+01
4.681233281250000005e+02,-8.785944139876204417e+01
4.681236210937499891e+02,-7.932191035142822955e+01
4.681239140625000346e+02,-8.605991192798109068e+01
4.681242070312500232e+02,-8.744616006557177457e+01
4.681245000000000118e+02,-8.150829133621505207e+01
4.681247929687500005e+02,-8.029404810672858162e+01
4.681250859374999891e+02,-8.683128081054995562e+01
4.681253789062500346e+02,-8.346899027321970266e+01
4.681256718750000232e+02,-9.379099193530512935e+01
4.681259648437500118e+02,-1.002575852678178876e+02
4.681262578125000005e+02,-8.173282862388967374e+01
4.681265507812499891e+02,-8.277017641206495568e+01
4.681268437500000346e+02,-8.184099865794664197e+01
4.681271367187500232e+02,-8.265046352641809335e+01
4.681274296875000118e+02,-8.139384367532079523e+01
4.681277226562500005e+02,-8.326869761025419336e+01
4.681280156249999891e+02,-8.371358303342803708e+01
4.681283085937500346e+02,-9.461548940108835382e+01
4.681286015625000232e+02,-8.599733678579298157e+01
4.681288945312500118e+02,-8.676843715715735073e+01
4.681291875000000005e+02,-7.924163499467185545e+01
4.681294804687499891e+02,-8.260307164375824129e+01
4.681297734375000346e+02,-8.246501178386338893e+01
4.681300664062500232e+02,-8.467815375424447666e+01
4.681303593750000118e+02,-9.192333290873273199e+01
4.681306523437500005e+02,-8.831699613961458795e+01
4.681309453124999891e+02,-8.782025313386805010e+01
4.681312382812500346e+02,-8.299699479661570933e+01
4.681315312500000232e+02,-1.023026860008664869e+02
4.681318242187500118e+02,-8.285850650791998362e+01
4.681321171875000005e+02,-7.970682730383251169e+01
4.681324101562499891e+02,-8.265502924220933778e+01
4.681327031250000346e+02,-8.379233338519865981e+01
4.681329960937500232e+02,-8.025420927972915308e+01
4.681332890625000118e+02,-8.307836398823953061e+01
4.681335820312500005e+02,-8.480598710359612369e+01
4.681338749999999891e+02,-8.851514731491516841e+01
4.681341679687500346e+02,-8.254259399027539246e+01
4.681344609375000232e+02,-9.085090969595773913e+01
4.681347539062500118e+02,-9.346592290773901368e+01
4.681350468750000005e+02,-8.789443528722847532e+01
4.681353398437499891e+02,-8.548161017037151055e+01
4.681356328125000346e+02,-8.523179378694429431e+01
4.681359257812500232e+02,-9.018734380858334987e+01
4.681362187500000118e+02,-8.842008582706002073e+01
4.681365117187500005e+02,-8.726508937369467844e+01
4.681368046874999891e+02,-7.956254328249832497e+01
4.681370976562500346e+02,-8.796768637314288242e+01
4.681373906250000232e+02,-9.237386457484439006e+01
4.681376835937500118e+02,-9.819984130480597173e+01
4.681379765625000005e+02,-8.500345262843302407e+01
4.681382695312499891e+02,-8.506484859906576901e+01
4.681385625000000346e+02,-8.439316707157774999e+01
4.681388554687500232e+02,-8.699903493186096171e+01
4.681391484375000118e+02,-8.060597007828772576e+01
4.681394414062500005e+02,-8.661611047226642768e+01
4.681397343749999891e+02,-8.933507317639703160e+01
4.681400273437500346e+02,-8.857240577894947364e+01
4.681403203125000232e+02,-8.807485970988678048e+01
4.681406132812500118e+02,-8.178708634150963519e+01
4.681409062500000005e+02,-8.482696655163456967e+01
4.681411992187499891e+02,-8.320268965648608628e+01
4.681414921875000346e+02,-8.938103483718067821e+01
4.681417851562500232e+02,-8.179616458647778643e+01
4.681420781250000118e+02,-8.308055441037413402e+01
4.681423710937500005e+02,-7.934998348902229282e+01
4.681426640624999891e+02,-8.392798804336968033e+01
4.681429570312500346e+02,-9.119352202076002811e+01
4.681432500000000232e+02,-8.023870702097214291e+01
4.681435429687500118e+02,-8.629292339644224796e+01
4.681438359375000005e+02,-9.014340921053917555e+01
4.681441289062499891e+02,-8.437710823166034402e+01
4.681444218750000346e+02,-8.171154072920542433e+01
4.681447148437500232e+02,-8.330486558171105571e+01
4.681450078125000118e+02,-8.348199134639156682e+01
4.681453007812500005e+02,-8.765109573918982733e+01
4.681455937499999891e+02,-8.741464234489006913e+01
4.681458867187500346e+02,-8.211980724410113908e+01
4.681461796875000232e+02,-7.927649151314116693e+01
4.681464726562500118e+02,-7.930355093660264743e+01
4.681467656250000005e+02,-8.493102518128516465e+01
4.681470585937499891e+02,-9.184202408437904808e+01
4.681473515625000346e+02,-8.420301215812122564e+01
4.681476445312500232e+02,-8.598358034746328826e+01
4.681479375000000118e+02,-8.748434005986113959e+01
4.681482304687500005e+02,-8.194921317050059884e+01
4.681485234374999891e+02,-8.436962766752081677e+01
4.681488164062500346e+02,-8.696258222124529880e+01
4.681491093750000232e+02,-8.565431073562282904e+01
4.681494023437500118e+02,-9.439365834064516037e+01
4.681496953125000005e+02,-1.038226010217535844e+02
4.681499882812499891e+02,-8.763425422145616039e+01
4.681502812500000346e+02,-8.558921710404405303e+01
4.681505742187500232e+02,-8.255153273773683509e+01
4.681508671875000118e+02,-8.365762067004305891e+01
4.681511601562500005e+02,-8.097635093389983751e+01
4.681514531249999891e+02,-7.870893988386578144e+01
4.681517460937500346e+02,-7.972317750397721170e+01
4.681520390625000232e+02,-8.619223464542611168e+01
4.681523320312500118e+02,-1.029429258344321170e+02
4.681526250000000005e+02,-9.062452939223763337e+01
4.681529179687499891e+02,-8.066186553734738141e+01
4.681532109375000346e+02,-8.270610933656151076e+01
4.681535039062500232e+02,-9.290348832140736590e+01
4.681537968750000118e+02,-8.351498836723638419e+01
4.681540898437500005e+02,-8.063011971238069009e+01
4.681543828124999891e+02,-8.793433004705315170e+01
4.681546757812500346e+02,-8.284078628846046399e+01
4.681549687500000232e+02,-8.276251346389130958e+01
4.681552617187500118e+02,-8.413181135614230755e+01
4.681555546875000005e+02,-9.990550546741621929e+01
4.681558476562499891e+02,-8.831377275890693568e+01
4.681561406250000346e+02,-8.654668291801007740e+01
4.681564335937500232e+02,-8.660956549551683281e+01
4.681567265625000118e+02,-8.854222042934151204e+01
4.681570195312500005e+02,-8.983038465446077225e+01
4.681573124999999891e+02,-8.639479679170133863e+01
4.681576054687500346e+02,-9.168705976442095107e+01
4.681578984375000232e+02,-8.157335352687609031e+01
4.681581914062500118e+02,-7.910389880498431125e+01
4.681584843750000005e+02,-7.956845178814019448e+01
4.681587773437499891e+02,-8.669363312945650080e+01
4.681590703125000346e+02,-8.326716753089880285e+01
4.681593632812500232e+02,-7.998908663779546657e+01
4.681596562500000118e+02,-8.778375151933761344e+01
4.681599492187500005e+02,-8.652299191785481014e+01
4.681602421874999891e+02,-8.386298160811499258e+01
4.681605351562500346e+02,-8.522009435913830089e+01
4.681608281250000232e+02,-7.906691968947275484e+01
4.681611210937500118e+02,-7.702103363685358772e+01
4.681614140625000005e+02,-7.703224903554412606e+01
4.681617070312499891e+02,-7.871154337195294204e+01
4.681620000000000346e+02,-8.214822917157755455e+01
4.681622929687500232e+02,-8.311710049500160835e+01
4.681625859375000118e+02,-8.219047905987665104e+01
4.681628789062500005e+02,-8.172155433437994532e+01
4.681631718749999891e+02,-8.078322783658060757e+01
4.681634648437500346e+02,-8.005234203714614694e+01
4.681637578125000232e+02,-8.804418004783678953e+01
4.681640507812500118e+02,-8.715178386310466863e+01
4.681643437500000005e+02,-8.143333961159339651e+01
4.681646367187499891e+02,-8.208208219284058771e+01
4.681649296875000346e+02,-8.610243393740971385e+01
4.681652226562500232e+02,-8.262745783717772952e+01
4.681655156250000118e+02,-7.889664877808326082e+01
4.681658085937500005e+02,-8.488542528682063448e+01
4.681661015624999891e+02,-8.484115578185816275e+01
4.681663945312500346e+02,-8.270574039617038409e+01
4.681666875000000232e+02,-8.350493193345728571e+01
4.681669804687500118e+02,-9.317165406821629858e+01
4.681672734375000005e+02,-8.391720024517248078e+01
4.681675664062499891e+02,-8.296440792505003969e+01
4.681678593750000346e+02,-8.391762421971219510e+01
4.681681523437500232e+02,-8.233963773231580774e+01
4.681684453125000118e+02,-8.244303349320303198e+01
4.681687382812500005e+02,-8.630884767169717975e+01
4.681690312499999891e+02,-9.504996183128277210e+01
4.681693242187500346e+02,-8.855339520675255471e+01
4.681696171875000232e+02,-8.366299969508600043e+01
4.681699101562500118e+02,-8.577999551448675675e+01
4.681702031250000005e+02,-8.053417194211044716e+01
4.681704960937499891e+02,-8.266378283445581587e+01
4.681707890625000346e+02,-8.398325214532236771e+01
4.681710820312500232e+02,-8.821210387061397284e+01
4.681713750000000118e+02,-7.939879732517746902e+01
4.681716679687500005e+02,-7.975898501967159859e+01
4.681719609374999891e+02,-8.692428618376897020e+01
4.681722539062500346e+02,-8.544826060357308961e+01
4.681725468750000232e+02,-9.177165652033025367e+01
4.681728398437500118e+02,-8.781699802994961601e+01
4.681731328125000005e+02,-8.320747916376008391e+01
4.681734257812499891e+02,-8.479172289449908817e+01
4.681737187500000346e+02,-8.139089539654179362e+01
4.681740117187500232e+02,-8.403025861276620390e+01
4.681743046875000118e+02,-1.006038892991899729e+02
4.681745976562500005e+02,-9.280039626986459211e+01
4.681748906249999891e+02,-8.734018439111585508e+01
4.681751835937500346e+02,-9.066258318391759019e+01
4.681754765625000232e+02,-7.999964152664901462e+01
4.681757695312500118e+02,-9.046589462485748356e+01
4.681760625000000005e+02,-9.626214896925787912e+01
4.681763554687499891e+02,-8.380171926013295547e+01
4.681766484375000346e+02,-8.078080802794096371e+01
4.681769414062500232e+02,-8.195403506590444920e+01
4.681772343750000118e+02,-8.756403467120887285e+01
4.681775273437500005e+02,-9.007547831664544447e+01
4.681778203124999891e+02,-8.397432824343636071e+01
4.681781132812500346e+02,-8.950326252899159840e+01
4.681784062500000232e+02,-7.920255626992852171e+01
4.681786992187500118e+02,-7.859198010606473872e+01
4.681789921875000005e+02,-8.815040769340853899e+01
4.681792851562499891e+02,-7.814178211944377495e+01
4.681795781250000346e+02,-7.787774069382852815e+01
4.681798710937500232e+02,-8.545662905912291762e+01
4.681801640625000118e+02,-9.420226843495179025e+01
4.681804570312500005e+02,-8.834878627631269410e+01
4.681807499999999891e+02,-8.250979365894247053e+01
4.681810429687500346e+02,-8.314865350108560449e+01
4.681813359375000232e+02,-8.875616619616479852e+01
4.681816289062500118e+02,-8.181742846109992229e+01
4.681819218750000005e+02,-8.441319927138201251e+01
4.681822148437499891e+02,-8.600761171205333255e+01
4.681825078125000346e+02,-8.828455593963315096e+01
4.681828007812500232e+02,-9.005765266848734996e+01
4.681830937500000118e+02,-8.162218343042118818e+01
4.681833867187500005e+02,-8.743275871012379241e+01
4.681836796874999891e+02,-8.246819018296592674e+01
4.681839726562500346e+02,-8.774498867935466251e+01
4.681842656250000232e+02,-7.800322456727072051e+01
4.681845585937500118e+02,-8.349729861740080139e+01
4.681848515625000005e+02,-8.878027523781439356e+01
4.681851445312499891e+02,-9.057871203615619038e+01
4.681854375000000346e+02,-8.367738435002468123e+01
4.681857304687500232e+02,-8.392870367259774866e+01
4.681860234375000118e+02,-8.035044668715880789e+01
4.681863164062500005e+02,-8.471099634383281796e+01
4.681866093749999891e+02,-8.049672742201528308e+01
4.681869023437500346e+02,-8.234107102455351423e+01
4.681871953125000232e+02,-9.193982572314905610e+01
4.681874882812500118e+02,-8.802573976028794789e+01
4.681877812500000005e+02,-8.874025842196972746e+01
4.681880742187499891e+02,-8.674746057876005523e+01
4.681883671875000346e+02,-9.858839895236238249e+01
4.681886601562500232e+02,-8.782985784030721277e+01
4.681889531250000118e+02,-8.602058586961021547e+01
4.681892460937500005e+02,-8.979319109392747578e+01
4.681895390624999891e+02,-8.687137856025813676e+01
4.681898320312500346e+02,-9.625975865545932209e+01
4.681901250000000232e+02,-8.784321851614997456e+01
4.681904179687500118e+02,-8.932456183330408805e+01
4.681907109375000005e+02,-8.480573678009115213e+01
4.681910039062499891e+02,-8.412735245898950609e+01
4.681912968750000346e+02,-8.474402143522370068e+01
4.681915898437500232e+02,-8.137666856418076122e+01
4.681918828125000118e+02,-8.321804216015145528e+01
4.681921757812500005e+02,-8.480457112346843473e+01
4.681924687499999891e+02,-8.123095131175523420e+01
4.681927617187500346e+02,-8.120341860716786186e+01
4.681930546875000232e+02,-8.165844091061890708e+01
4.681933476562500118e+02,-8.467744904515596716e+01
4.681936406250000005e+02,-8.075007704731831382e+01
4.681939335937499891e+02,-7.894707281967816925e+01
4.681942265625000346e+02,-8.652848640384252121e+01
4.681945195312500232e+02,-9.324300811290429181e+01
4.681948125000000118e+02,-8.698105924798512945e+01
4.681951054687500005e+02,-9.171798818022011801e+01
4.681953984374999891e+02,-8.473319658005868860e+01
4.681956914062500346e+02,-9.569771254736728849e+01
4.681959843750000232e+02,-9.070409898247307012e+01
4.681962773437500118e+02,-8.046295992593833546e+01
4.681965703125000005e+02,-7.887890219121079838e+01
4.681968632812499891e+02,-8.564998069505332978e+01
4.681971562500000346e+02,-8.751678585937652599e+01
4.681974492187500232e+02,-8.415211230909164897e+01
4.681977421875000118e+02,-8.524429700537253041e+01
4.681980351562500005e+02,-1.231121824274027574e+02
4.681983281249999891e+02,-8.429661461557617486e+01
4.681986210937500346e+02,-8.523459970746911551e+01
4.681989140625000232e+02,-8.255837290531671613e+01
4.681992070312500118e+02,-8.310967611952304424e+01
4.681995000000000005e+02,-9.068177277221911936e+01
4.681997929687499891e+02,-8.698860476210302295e+01
4.682000859375000346e+02,-8.752556398558787976e+01
4.682003789062500232e+02,-1.090969475709465257e+02
4.682006718750000118e+02,-8.907736002060381963e+01
4.682009648437500005e+02,-8.409772395632776920e+01
4.682012578124999891e+02,-8.527783002269103463e+01
4.682015507812500346e+02,-9.895141812104952805e+01
4.682018437500000232e+02,-8.672070411577797699e+01
4.682021367187500118e+02,-8.587895393456328463e+01
4.682024296875000005e+02,-8.254651808823412296e+01
4.682027226562499891e+02,-9.200279516708886263e+01
4.682030156250000346e+02,-8.048673169627792845e+01
4.682033085937500232e+02,-8.469890689763332148e+01
4.682036015625000118e+02,-9.545814454904694912e+01
4.682038945312500005e+02,-1.033691689974675540e+02
4.682041874999999891e+02,-8.215460893927667030e+01
4.682044804687500346e+02,-8.161279709923181258e+01
4.682047734375000232e+02,-8.867517898780712926e+01
4.682050664062500118e+02,-8.669480519025511001e+01
4.682053593750000005e+02,-8.043985532199157262e+01
4.682056523437499891e+02,-7.658742639807010733e+01
4.682059453125000346e+02,-7.679765937177992896e+01
4.682062382812500232e+02,-8.654817675953543699e+01
4.682065312500000118e+02,-9.219866932401210136e+01
4.682068242187500005e+02,-8.787651442460621354e+01
4.682071171874999891e+02,-9.026845976171786390e+01
4.682074101562500346e+02,-7.897787170789528943e+01
4.682077031250000232e+02,-8.023546009252898159e+01
4.682079960937500118e+02,-8.015236497250216985e+01
4.682082890625000005e+02,-8.075504486005229410e+01
4.682085820312499891e+02,-8.184611885021597288e+01
4.682088750000000346e+02,-8.116360033278763808e+01
4.682091679687500232e+02,-8.191315125357544957e+01
4.682094609375000118e+02,-7.987602147846321543e+01
4.682097539062500005e+02,-8.324258674290290116e+01
4.682100468749999891e+02,-8.355946813876332158e+01
4.682103398437500346e+02,-8.732951321759180985e+01
4.682106328125000232e+02,-9.049092247918284215e+01
4.682109257812500118e+02,-8.072140870311022809e+01
4.682112187500000005e+02,-7.848320420258491481e+01
4.682115117187499891e+02,-8.197072795627298092e+01
4.682118046875000346e+02,-8.814803446172606982e+01
4.682120976562500232e+02,-9.018182522577377824e+01
4.682123906250000118e+02,-8.651001407057572123e+01
4.682126835937500005e+02,-7.610865509308527521e+01
4.682129765624999891e+02,-7.772801764780507483e+01
4.682132695312500346e+02,-8.258736402120806019e+01
4.682135625000000232e+02,-8.902915131822788908e+01
4.682138554687500118e+02,-8.807072244539023131e+01
4.682141484375000005e+02,-8.777377976900393719e+01
4.682144414062499891e+02,-8.848378531711942685e+01
4.682147343750000346e+02,-8.861792931280874086e+01
4.682150273437500232e+02,-8.647604046694729618e+01
4.682153203125000118e+02,-9.242525010852197909e+01
4.682156132812500005e+02,-9.250972544647115114e+01
4.682159062499999891e+02,-8.798113725239728922e+01
4.682161992187500346e+02,-9.084059392794627286e+01
4.682164921875000232e+02,-8.844646775033702113e+01
4.682167851562500118e+02,-8.892167467008420090e+01
4.682170781250000005e+02,-8.468924354352667194e+01
4.682173710937499891e+02,-8.942867307834652024e+01
4.682176640625000346e+02,-8.902004132891043753e+01
4.682179570312500232e+02,-9.220058977447600057e+01
4.682182500000000118e+02,-8.268608394642087944e+01
4.682185429687500005e+02,-8.226274092108104696e+01
4.682188359374999891e+02,-7.696145620795884668e+01
4.682191289062500346e+02,-7.882771827182520497e+01
4.682194218750000232e+02,-8.355182994240736605e+01
4.682197148437500118e+02,-8.786066765202286888e+01
4.682200078125000005e+02,-8.387696943223380686e+01
4.682203007812499891e+02,-7.811556290166446104e+01
4.682205937500000346e+02,-7.937090449284484350e+01
4.682208867187500232e+02,-8.152165953127045839e+01
4.682211796875000118e+02,-8.156826190183983272e+01
4.682214726562500005e+02,-8.363462345917112373e+01
4.682217656249999891e+02,-8.627812904929555771e+01
4.682220585937500346e+02,-8.230553583442971899e+01
4.682223515625000232e+02,-9.293000166745025581e+01
4.682226445312500118e+02,-8.314352107509840550e+01
4.682229375000000005e+02,-8.754257753523933161e+01
4.682232304687499891e+02,-8.783137703431725640e+01
4.682235234375000346e+02,-8.454347507211556945e+01
4.682238164062500232e+02,-9.045536265113165086e+01
4.682241093750000118e+02,-8.801824105071040094e+01
4.682244023437500005e+02,-9.046997022386945275e+01
4.682246953124999891e+02,-8.829495350705019519e+01
4.682249882812500346e+02,-8.453322084173635176e+01
4.682252812500000232e+02,-8.254149093895432543e+01
4.682255742187500118e+02,-8.978562691908265947e+01
4.682258671875000005e+02,-8.661425369629000670e+01
4.682261601562499891e+02,-8.370738130887701800e+01
4.682264531250000346e+02,-8.046065566320982043e+01
4.682267460937500232e+02,-8.239311736584268431e+01
4.682270390625000118e+02,-8.767036642286367965e+01
4.682273320312500005e+02,-9.051252156896612178e+01
4.682276249999999891e+02,-8.583659408754768094e+01
4.682279179687500346e+02,-8.579859064981783945e+01
4.682282109375000232e+02,-8.505343617000114875e+01
4.682285039062500118e+02,-8.678949110013483903e+01
4.682287968750000005e+02,-8.214293718414808154e+01
4.682290898437499891e+02,-8.555918267348617690e+01
4.682293828125000346e+02,-9.323152170694912400e+01
4.682296757812500232e+02,-1.033702619516666346e+02
4.682299687500000118e+02,-9.423956594802929487e+01
4.682302617187500005e+02,-8.843135605712492975e+01
4.682305546874999891e+02,-8.845816165735875813e+01
4.682308476562500346e+02,-9.857722522167367174e+01
4.682311406250000232e+02,-9.499683181028260037e+01
4.682314335937500118e+02,-9.818577881110047656e+01
4.682317265625000005e+02,-9.272137362489614532e+01
4.682320195312499891e+02,-9.555033871793669675e+01
4.682323125000000346e+02,-8.934183070716321140e+01
4.682326054687500232e+02,-8.487771958705940278e+01
4.682328984375000118e+02,-9.039075556807871692e+01
4.682331914062500005e+02,-8.965466994794823563e+01
4.682334843749999891e+02,-8.031846470207241850e+01
4.682337773437500346e+02,-8.154019473097952186e+01
4.682340703125000232e+02,-8.479122994328159280e+01
4.682343632812500118e+02,-8.863684624675435941e+01
4.682346562500000005e+02,-8.410294978539099020e+01
4.682349492187499891e+02,-8.958674380570221274e+01
4.682352421875000346e+02,-9.546857189460389748e+01
4.682355351562500232e+02,-8.363629621191037700e+01
4.682358281250000118e+02,-8.462524959587851470e+01
4.682361210937500005e+02,-8.729755377768907465e+01
4.682364140624999891e+02,-8.868676930616999243e+01
4.682367070312500346e+02,-8.506734221556408215e+01
4.682370000000000232e+02,-7.987553171688549014e+01
4.682372929687500118e+02,-8.218670990687726885e+01
4.682375859375000005e+02,-8.673498484833621092e+01
4.682378789062499891e+02,-8.961228355029746240e+01
4.682381718750000346e+02,-8.621387902937526349e+01
4.682384648437500232e+02,-8.385179140770392792e+01
4.682387578125000118e+02,-8.458446241453233938e+01
4.682390507812500005e+02,-9.244158968115861796e+01
4.682393437499999891e+02,-9.303735446333051584e+01
4.682396367187500346e+02,-8.333302616654611938e+01
4.682399296875000232e+02,-8.538372451754082704e+01
4.682402226562500118e+02,-8.939752309745833259e+01
4.682405156250000005e+02,-9.863045518727156491e+01
4.682408085937499891e+02,-8.218678355923702838e+01
4.682411015625000346e+02,-8.295500688150134749e+01
4.682413945312500232e+02,-9.066389159394951491e+01
4.682416875000000118e+02,-8.708328201759123033e+01
4.682419804687500005e+02,-8.959055407517996628e+01
4.682422734374999891e+02,-8.659860656738612761e+01
4.682425664062500346e+02,-9.115413877425062594e+01
4.682428593750000232e+02,-9.041626564563897261e+01
4.682431523437500118e+02,-8.902541563872057395e+01
4.682434453125000005e+02,-8.994199504459422201e+01
4.682437382812499891e+02,-8.889810981221174302e+01
4.682440312500000346e+02,-8.573161693708360076e+01
4.682443242187500232e+02,-1.078011576829273253e+02
4.682446171875000118e+02,-9.018932784136944747e+01
4.682449101562500005e+02,-8.677136773878642373e+01
4.682452031249999891e+02,-8.625795247634819418e+01
4.682454960937500346e+02,-8.581574890508568387e+01
4.682457890625000232e+02,-8.836174367416731457e+01
4.682460820312500118e+02,-9.265238127795737455e+01
4.682463750000000005e+02,-8.585530229628935217e+01
4.682466679687499891e+02,-8.805420632071357545e+01
4.682469609375000346e+02,-8.653593953664798732e+01
4.682472539062500232e+02,-8.474234805248931934e+01
4.682475468750000118e+02,-8.773102992288336566e+01
4.682478398437500005e+02,-7.974321888936461278e+01
4.682481328124999891e+02,-8.503579260613309998e+01
4.682484257812500346e+02,-8.759922016827955815e+01
4.682487187500000232e+02,-9.015370450460990526e+01
4.682490117187500118e+02,-8.269235633112356254e+01
4.682493046875000005e+02,-8.151292221073387623e+01
4.682495976562499891e+02,-9.342763698692198204e+01
4.682498906250000346e+02,-8.323681554002057226e+01
4.682501835937500232e+02,-1.003254578850551439e+02
4.682504765625000118e+02,-8.159283599433283030e+01
4.682507695312500005e+02,-8.166103529821869245e+01
4.682510624999999891e+02,-8.660629272670556134e+01
4.682513554687500346e+02,-8.384942772621289464e+01
4.682516484375000232e+02,-8.349205599423993363e+01
4.682519414062500118e+02,-8.952992967322418849e+01
4.682522343750000005e+02,-8.222893290635384744e+01
4.682525273437499891e+02,-7.966297068298635509e+01
4.682528203125000346e+02,-8.321146606008883850e+01
4.682531132812500232e+02,-8.888127150920966812e+01
4.682534062500000118e+02,-9.104832322712347548e+01
4.682536992187500005e+02,-9.126266737666853146e+01
4.682539921874999891e+02,-8.494894282799116070e+01
4.682542851562500346e+02,-9.355000884405990291e+01
4.682545781250000232e+02,-8.492132936634844498e+01
4.682548710937500118e+02,-8.358933315849755274e+01
4.682551640625000005e+02,-8.892221640388753201e+01
4.682554570312499891e+02,-8.874288537663142051e+01
4.682557500000000346e+02,-9.095745481725649029e+01
4.682560429687500232e+02,-9.360006796351629532e+01
4.682563359375000118e+02,-8.487495806350203509e+01
4.682566289062500005e+02,-8.565621679371474784e+01
4.682569218749999891e+02,-8.511435038022334254e+01
4.682572148437500346e+02,-8.624890171992709043e+01
4.682575078125000232e+02,-8.182856341777676334e+01
4.682578007812500118e+02,-8.374709672245379011e+01
4.682580937500000005e+02,-9.716878057535123503e+01
4.682583867187499891e+02,-8.458592632791209098e+01
4.682586796875000346e+02,-9.811225705424240573e+01
4.682589726562500232e+02,-8.629000270237597192e+01
4.682592656250000118e+02,-8.851314183337228769e+01
4.682595585937500005e+02,-8.435051862393378030e+01
4.682598515624999891e+02,-8.363613642361980283e+01
4.682601445312500346e+02,-9.780397851939119391e+01
4.682604375000000232e+02,-9.437646956701927081e+01
4.682607304687500118e+02,-9.001603643290538059e+01
4.682610234375000005e+02,-9.721663792882331734e+01
4.682613164062499891e+02,-8.906445980422198261e+01
4.682616093750000346e+02,-7.977075325777256865e+01
4.682619023437500232e+02,-8.226198856509269319e+01
4.682621953125000118e+02,-8.406066453644294256e+01
4.682624882812500005e+02,-8.145428442325476226e+01
4.682627812499999891e+02,-1.008230692739290504e+02
4.682630742187500346e+02,-8.908798849841618051e+01
4.682633671875000232e+02,-9.430971518517223728e+01
4.682636601562500118e+02,-8.747138905503368278e+01
4.682639531250000005e+02,-1.035951396314212758e+02
4.682642460937499891e+02,-8.162200357028524422e+01
4.682645390625000346e+02,-7.883858968837071757e+01
4.682648320312500232e+02,-8.581487715401131311e+01
4.682651250000000118e+02,-8.580722200176380454e+01
4.682654179687500005e+02,-8.394416188381072175e+01
4.682657109374999891e+02,-9.438878977583179619e+01
4.682660039062500346e+02,-8.413035351712940724e+01
4.682662968750000232e+02,-8.401529780971740990e+01
4.682665898437500118e+02,-8.323547426639152036e+01
4.682668828125000005e+02,-8.608968038660820810e+01
4.682671757812499891e+02,-9.081911296642030607e+01
4.682674687500000346e+02,-8.539188270867637698e+01
4.682677617187500232e+02,-8.400731231635155893e+01
4.682680546875000118e+02,-8.683034441133047210e+01
4.682683476562500005e+02,-9.280815285276786142e+01
4.682686406249999891e+02,-8.894505460685586229e+01
4.682689335937500346e+02,-9.761481211851987894e+01
4.682692265625000232e+02,-8.362073323464052521e+01
4.682695195312500118e+02,-8.104939934976606253e+01
4.682698125000000005e+02,-9.385282945652734554e+01
4.682701054687499891e+02,-1.016558033094237032e+02
4.682703984375000346e+02,-9.361087754022858576e+01
4.682706914062500232e+02,-9.290952900627172539e+01
4.682709843750000118e+02,-8.390439784126527911e+01
4.682712773437500005e+02,-8.928021326289005799e+01
4.682715703124999891e+02,-8.151990107278727749e+01
4.682718632812500346e+02,-8.141944236498132170e+01
4.682721562500000232e+02,-1.026156753086989966e+02
4.682724492187500118e+02,-8.664822845831969289e+01
4.682727421875000005e+02,-8.932565002799049125e+01
4.682730351562499891e+02,-9.156741772647004041e+01
4.682733281250000346e+02,-8.762673902295267681e+01
4.682736210937500232e+02,-8.038062765242446517e+01
4.682739140625000118e+02,-8.204639212682880611e+01
4.682742070312500005e+02,-1.029691752810039986e+02
4.682744999999999891e+02,-8.615067836487131103e+01
4.682747929687500346e+02,-8.797570145041279943e+01
4.682750859375000232e+02,-8.989551568361973466e+01
4.682753789062500118e+02,-8.355807138462748185e+01
4.682756718750000005e+02,-7.966761763744520408e+01
4.682759648437499891e+02,-8.253943739436776639e+01
4.682762578125000346e+02,-9.384873899641762307e+01
4.682765507812500232e+02,-8.914825564511546929e+01
4.682768437500000118e+02,-8.413211921668646198e+01
4.682771367187500005e+02,-8.653473367281803519e+01
4.682774296874999891e+02,-9.263348017722721295e+01
4.682777226562500346e+02,-8.683976816177209912e+01
4.682780156250000232e+02,-8.804422631834574986e+01
4.682783085937500118e+02,-9.047493892260033022e+01
4.682786015625000005e+02,-8.603708689916557262e+01
4.682788945312499891e+02,-8.289017441802027975e+01
4.682791875000000346e+02,-8.271257108247937140e+01
4.682794804687500232e+02,-8.623512071434822701e+01
4.682797734375000118e+02,-9.467775548145218067e+01
4.682800664062500005e+02,-8.802086635698083228e+01
4.682803593749999891e+02,-8.257667987227878825e+01
4.682806523437500346e+02,-8.037071850418728047e+01
4.682809453125000232e+02,-8.599526391819208015e+01
4.682812382812500118e+02,-8.464740249934041572e+01
4.682815312500000005e+02,-8.210228691778033294e+01
4.682818242187499891e+02,-8.782175000134300547e+01
4.682821171875000346e+02,-9.950518535093397077e+01
4.682824101562500232e+02,-9.288428341185971249e+01
4.682827031250000118e+02,-9.143774629012740718e+01
4.682829960937500005e+02,-8.492680312021835221e+01
4.682832890624999891e+02,-8.775749935829833248e+01
4.682835820312500346e+02,-1.011720357400023573e+02
4.682838750000000232e+02,-1.002583294035889736e+02
4.682841679687500118e+02,-1.003656391775588617e+02
4.682844609375000005e+02,-8.708380378921961551e+01
4.682847539062499891e+02,-8.849377054012400379e+01
4.682850468750000346e+02,-1.016574492682044877e+02
4.682853398437500232e+02,-9.872683560206058928e+01
4.682856328125000118e+02,-8.406888355937113033e+01
4.682859257812500005e+02,-8.152097970200401278e+01
4.682862187499999891e+02,-8.597824638816037179e+01
4.682865117187500346e+02,-8.911881375200260891e+01
4.682868046875000232e+02,-9.654250179234784923e+01
4.682870976562500118e+02,-8.866558103651995282e+01
4.682873906250000005e+02,-9.736704408719134562e+01
4.682876835937499891e+02,-9.205524109125840937e+01
4.682879765625000346e+02,-9.015914771124536742e+01
4.682882695312500232e+02,-9.067018172492450390e+01
4.682885625000000118e+02,-9.198748437060245919e+01
4.682888554687500005e+02,-9.245246058418993584e+01
4.682891484374999891e+02,-8.843320861703196556e+01
4.682894414062500346e+02,-8.575305370839045338e+01
4.682897343750000232e+02,-8.361288703207259232e+01
4.682900273437500118e+02,-8.402728777507414293e+01
4.682903203125000005e+02,-8.747540726093369301e+01
4.682906132812499891e+02,-8.293929620266231950e+01
4.682909062500000346e+02,-8.302404812659943900e+01
4.682911992187500232e+02,-8.747382194505553343e+01
4.682914921875000118e+02,-9.324676015242903304e+01
4.682917851562500005e+02,-9.320831478363899691e+01
4.682920781249999891e+02,-8.688832954012693222e+01
4.682923710937500346e+02,-8.550409249809648315e+01
4.682926640625000232e+02,-7.989505321627831336e+01
4.682929570312500118e+02,-7.917486265213484842e+01
4.682932500000000005e+02,-8.097118210666387483e+01
4.682935429687499891e+02,-8.001242840620832908e+01
4.682938359375000346e+02,-8.549991056756718422e+01
4.682941289062500232e+02,-9.086868473912254274e+01
4.682944218750000118e+02,-8.833079626889133351e+01
4.682947148437500005e+02,-8.043712451555651910e+01
4.682950078124999891e+02,-8.216467105686334094e+01
4.682953007812500346e+02,-9.608870069232528976e+01
4.682955937500000232e+02,-1.037447432430814018e+02
4.682958867187500118e+02,-8.761466567414423423e+01
4.682961796875000005e+02,-9.203993024500847753e+01
4.682964726562499891e+02,-8.160150978430669966e+01
4.682967656250000346e+02,-8.712383530225983463e+01
4.682970585937500232e+02,-1.012904003232189609e+02
4.682973515625000118e+02,-8.666347953331516862e+01
4.682976445312500005e+02,-8.260045002563471428e+01
4.682979374999999891e+02,-8.250031505773375784e+01
4.682982304687500346e+02,-8.700061840410245395e+01
4.682985234375000232e+02,-8.430680107197049722e+01
4.682988164062500118e+02,-8.524062294861919042e+01
4.682991093750000005e+02,-8.603029130391318802e+01
4.682994023437499891e+02,-8.006842647913855160e+01
4.682996953125000346e+02,-8.054517294935331506e+01
4.682999882812500232e+02,-7.870318561850454842e+01
4.683002812500000118e+02,-7.863565621660383442e+01
4.683005742187500005e+02,-8.281045782584412507e+01
4.683008671874999891e+02,-8.640244808524857945e+01
4.683011601562500346e+02,-8.565295513695360796e+01
4.683014531250000232e+02,-8.500636174171106063e+01
4.683017460937500118e+02,-8.661409673781824381e+01
4.683020390625000005e+02,-9.176718124632920137e+01
4.683023320312499891e+02,-8.774501718593620581e+01
4.683026250000000346e+02,-8.729027113445542341e+01
4.683029179687500232e+02,-9.826680014788479411e+01
4.683032109375000118e+02,-9.262098317362622879e+01
4.683035039062500005e+02,-1.064260204627991300e+02
4.683037968749999891e+02,-1.027964701706665949e+02
4.683040898437500346e+02,-8.965332953334703348e+01
4.683043828125000232e+02,-8.510763354287323068e+01
4.683046757812500118e+02,-1.020159113703939227e+02
4.683049687500000005e+02,-8.591325805152411021e+01
4.683052617187499891e+02,-9.780999021804019833e+01
4.683055546875000346e+02,-8.197170332983431251e+01
4.683058476562500232e+02,-8.048541888049130932e+01
4.683061406250000118e+02,-8.971953631577613919e+01
4.683064335937500005e+02,-1.046840596045626484e+02
4.683067265624999891e+02,-8.923703112650474623e+01
4.683070195312500346e+02,-8.212493428642667936e+01
4.683073125000000232e+02,-8.083230432523134823e+01
4.683076054687500118e+02,-8.816264081250977824e+01
4.683078984375000005e+02,-9.531574844833795623e+01
4.683081914062499891e+02,-9.146128481835251023e+01
4.683084843750000346e+02,-8.592742750644242733e+01
4.683087773437500232e+02,-9.172236776421749482e+01
4.683090703125000118e+02,-8.346333520475931778e+01
4.683093632812500005e+02,-7.979199041803153136e+01
4.683096562499999891e+02,-8.360204285897708587e+01
4.683099492187500346e+02,-8.747892597185796149e+01
4.683102421875000232e+02,-8.200780091162145879e+01
4.683105351562500118e+02,-9.032955961883646978e+01
4.683108281250000005e+02,-8.659831437752357886e+01
4.683111210937499891e+02,-8.684094612748495479e+01
4.683114140625000346e+02,-9.169821707394753219e+01
4.683117070312500232e+02,-9.757078100794750242e+01
4.683120000000000118e+02,-9.451246963116329880e+01
4.683122929687500005e+02,-9.101095140918310733e+01
4.683125859374999891e+02,-8.827666160339205703e+01
4.683128789062500346e+02,-8.158835426208639774e+01
4.683131718750000232e+02,-8.583211962927670413e+01
4.683134648437500118e+02,-1.028093769670551438e+02
4.683137578125000005e+02,-9.324896855768714943e+01
4.683140507812499891e+02,-8.724053214461039829e+01
4.683143437500000346e+02,-8.623796319025343848e+01
4.683146367187500232e+02,-1.074279666041012717e+02
4.683149296875000118e+02,-8.877879468803502050e+01
4.683152226562500005e+02,-8.797602825621490297e+01
4.683155156249999891e+02,-8.775158463033852740e+01
4.683158085937500346e+02,-9.062737044527862906e+01
4.683161015625000232e+02,-8.306241923068984079e+01
4.683163945312500118e+02,-8.343126384649819727e+01
4.683166875000000005e+02,-9.663386254895492300e+01
4.683169804687499891e+02,-9.442142114354291493e+01
4.683172734375000346e+02,-9.969652650903859126e+01
4.683175664062500232e+02,-8.493368958280491654e+01
4.683178593750000118e+02,-8.102455432443612438e+01
4.683181523437500005e+02,-8.221655869885589141e+01
4.683184453124999891e+02,-8.163746507705323552e+01
4.683187382812500346e+02,-7.724445217573995137e+01
4.683190312500000232e+02,-7.882692152481457981e+01
4.683193242187500118e+02,-8.491884786656861195e+01
4.683196171875000005e+02,-9.239152628275505208e+01
4.683199101562499891e+02,-9.252906042219919414e+01
4.683202031250000346e+02,-8.820721007907251021e+01
4.683204960937500232e+02,-9.223618865535370048e+01
4.683207890625000118e+02,-8.687686797609821099e+01
4.683210820312500005e+02,-9.661757437598693343e+01
4.683213749999999891e+02,-8.845195114898240263e+01
4.683216679687500346e+02,-8.153483053780277601e+01
4.683219609375000232e+02,-8.493135662235806649e+01
4.683222539062500118e+02,-9.333061749745817792e+01
4.683225468750000005e+02,-8.407361222341296525e+01
4.683228398437499891e+02,-8.002897390553854962e+01
4.683231328125000346e+02,-8.441505125944377141e+01
4.683234257812500232e+02,-8.685444131017000302e+01
4.683237187500000118e+02,-9.372686201787843174e+01
4.683240117187500005e+02,-8.398670142724634502e+01
4.683243046874999891e+02,-7.947694032167986222e+01
4.683245976562500346e+02,-8.205808136111664908e+01
4.683248906250000232e+02,-9.546709780609091922e+01
4.683251835937500118e+02,-8.256389722360179917e+01
4.683254765625000005e+02,-8.452727739268965479e+01
4.683257695312499891e+02,-9.761094000453806530e+01
4.683260625000000346e+02,-8.917599189435634344e+01
4.683263554687500232e+02,-9.050479767119009011e+01
4.683266484375000118e+02,-9.312600064701278768e+01
4.683269414062500005e+02,-8.816636823354460262e+01
4.683272343749999891e+02,-8.029435197491700649e+01
4.683275273437500346e+02,-9.162538271440473636e+01
4.683278203125000232e+02,-9.018668101538041526e+01
4.683281132812500118e+02,-9.437051507877953327e+01
4.683284062500000005e+02,-8.619678867168843794e+01
4.683286992187499891e+02,-8.496458430380411642e+01
4.683289921875000346e+02,-8.507112888485799829e+01
4.683292851562500232e+02,-7.880405374718817768e+01
4.683295781250000118e+02,-7.836766399218343793e+01
4.683298710937500005e+02,-8.094849446301365958e+01
4.683301640624999891e+02,-8.528786794839257368e+01
4.683304570312500346e+02,-8.644835179002814129e+01
4.683307500000000232e+02,-8.257420230568848751e+01
4.683310429687500118e+02,-8.130420338448024609e+01
4.683313359375000005e+02,-8.599914840920087045e+01
4.683316289062499891e+02,-9.443175910427180497e+01
4.683319218750000346e+02,-9.499858574070968587e+01
4.683322148437500232e+02,-8.612751638250949782e+01
4.683325078125000118e+02,-8.406913859331422145e+01
4.683328007812500005e+02,-8.473330613508720432e+01
4.683330937499999891e+02,-8.726896043234808076e+01
4.683333867187500346e+02,-8.904872003783269463e+01
4.683336796875000232e+02,-9.095439797293133211e+01
4.683339726562500118e+02,-9.803745028158773778e+01
4.683342656250000005e+02,-8.876361130945019795e+01
4.683345585937499891e+02,-8.553280779051530658e+01
4.683348515625000346e+02,-8.499529673379933570e+01
4.683351445312500232e+02,-8.080009378984776447e+01
4.683354375000000118e+02,-7.792006482886500862e+01
4.683357304687500005e+02,-7.978472565128033978e+01
4.683360234374999891e+02,-8.641369912794891661e+01
4.683363164062500346e+02,-8.265047236662930175e+01
4.683366093750000232e+02,-7.917030662613140635e+01
4.683369023437500118e+02,-7.862792206909715276e+01
4.683371953125000005e+02,-8.358030660231987952e+01
4.683374882812499891e+02,-9.683742179880169942e+01
4.683377812500000346e+02,-8.348246289923260122e+01
4.683380742187500232e+02,-8.062225927399815362e+01
4.683383671875000118e+02,-8.479168669300892702e+01
4.683386601562500005e+02,-8.632351321298317259e+01
4.683389531249999891e+02,-8.731393185760829567e+01
4.683392460937500346e+02,-9.806352466706853477e+01
4.683395390625000232e+02,-8.815255005694167778e+01
4.683398320312500118e+02,-8.765822839673616329e+01
4.683401250000000005e+02,-8.581078997653546026e+01
4.683404179687499891e+02,-8.453254614779393705e+01
4.683407109375000346e+02,-1.117730497664048670e+02
4.683410039062500232e+02,-8.397002645937604370e+01
4.683412968750000118e+02,-8.163249000209845008e+01
4.683415898437500005e+02,-8.879043586053731474e+01
4.683418828124999891e+02,-9.894077400713678117e+01
4.683421757812500346e+02,-8.985641254963431379e+01
4.683424687500000232e+02,-7.889701350457696094e+01
4.683427617187500118e+02,-7.944144241139377982e+01
4.683430546875000005e+02,-7.940066275101045790e+01
4.683433476562499891e+02,-7.947863214288652500e+01
4.683436406250000346e+02,-7.974280672452825058e+01
4.683439335937500232e+02,-8.793745206062999387e+01
4.683442265625000118e+02,-9.422255440722400976e+01
4.683445195312500005e+02,-9.999957032232293841e+01
4.683448124999999891e+02,-8.539246625862682549e+01
4.683451054687500346e+02,-9.093289871330468088e+01
4.683453984375000232e+02,-9.400841387586196163e+01
4.683456914062500118e+02,-8.616094245760066883e+01
4.683459843750000005e+02,-8.051665758139631635e+01
4.683462773437499891e+02,-7.865120226450295604e+01
4.683465703125000346e+02,-8.554012164051711409e+01
4.683468632812500232e+02,-8.485310147944139203e+01
4.683471562500000118e+02,-8.008458431199616712e+01
4.683474492187500005e+02,-8.212129131017631778e+01
4.683477421874999891e+02,-9.110537312711107916e+01
4.683480351562500346e+02,-8.548643533223238933e+01
4.683483281250000232e+02,-8.394012692917002028e+01
4.683486210937500118e+02,-1.077362767315357246e+02
4.683489140625000005e+02,-8.175026151546803987e+01
4.683492070312499891e+02,-8.423825028054855579e+01
4.683495000000000346e+02,-9.588326937803861938e+01
4.683497929687500232e+02,-1.015545289053907538e+02
4.683500859375000118e+02,-9.415220973636996860e+01
4.683503789062500005e+02,-8.769733431473727592e+01
4.683506718749999891e+02,-8.648328582837878287e+01
4.683509648437500346e+02,-9.763030447170528703e+01
4.683512578125000232e+02,-9.530301588802186075e+01
4.683515507812500118e+02,-9.147067942203348423e+01
4.683518437500000005e+02,-1.045345096915137759e+02
4.683521367187499891e+02,-8.831867891120084835e+01
4.683524296875000346e+02,-1.049771803880067012e+02
4.683527226562500232e+02,-8.864372907627225118e+01
4.683530156250000118e+02,-9.020519072894266799e+01
4.683533085937500005e+02,-7.836590652983299776e+01
4.683536015624999891e+02,-7.606790332584702696e+01
4.683538945312500346e+02,-8.470502835482162141e+01
4.683541875000000232e+02,-8.916016705102209983e+01
4.683544804687500118e+02,-9.323542675484107178e+01
4.683547734375000005e+02,-8.600519929123049678e+01
4.683550664062499891e+02,-8.202375175667253870e+01
4.683553593750000346e+02,-9.264743046691103245e+01
4.683556523437500232e+02,-9.031407739786044431e+01
4.683559453125000118e+02,-8.747800995138518942e+01
4.683562382812500005e+02,-9.333338050650070272e+01
4.683565312499999891e+02,-8.762040112974332828e+01
4.683568242187500346e+02,-9.415557470440518273e+01
4.683571171875000232e+02,-9.398327292413469536e+01
4.683574101562500118e+02,-8.892622655669065068e+01
4.683577031250000005e+02,-8.249262885011606272e+01
4.683579960937499891e+02,-8.524295828316085988e+01
4.683582890625000346e+02,-8.748523694471835199e+01
4.683585820312500232e+02,-9.247948875737048979e+01
4.683588750000000118e+02,-8.366527702058291993e+01
4.683591679687500005e+02,-8.013669081461216592e+01
4.683594609374999891e+02,-8.290097146815467966e+01
4.683597539062500346e+02,-8.596056876389144463e+01
4.683600468750000232e+02,-9.848037801228308297e+01
4.683603398437500118e+02,-8.575818856383608590e+01
4.683606328125000005e+02,-8.331050821239840332e+01
4.683609257812499891e+02,-8.806286278348363794e+01
4.683612187500000346e+02,-8.962656537149624114e+01
4.683615117187500232e+02,-8.880476767334835131e+01
4.683618046875000118e+02,-8.617197877731841515e+01
4.683620976562500005e+02,-7.921125744618862541e+01
4.683623906249999891e+02,-8.452366918217356329e+01
4.683626835937500346e+02,-8.537766925974730725e+01
4.683629765625000232e+02,-8.844943886885147322e+01
4.683632695312500118e+02,-9.034605569965870586e+01
4.683635625000000005e+02,-9.815546748350463702e+01
4.683638554687499891e+02,-9.258800929795555135e+01
4.683641484375000346e+02,-8.427188245510012621e+01
4.683644414062500232e+02,-8.257645242230466920e+01
4.683647343750000118e+02,-8.089218823159667693e+01
4.683650273437500005e+02,-7.940256416870442990e+01
4.683653203124999891e+02,-8.640909071895343629e+01
4.683656132812500346e+02,-9.713405595733773623e+01
4.683659062500000232e+02,-1.045515465298499862e+02
4.683661992187500118e+02,-8.926831580008568778e+01
4.683664921875000005e+02,-8.076653336603564526e+01
4.683667851562499891e+02,-8.625323978502112254e+01
4.683670781250000346e+02,-8.709469816685781041e+01
4.683673710937500232e+02,-8.279945006241575811e+01
4.683676640625000118e+02,-8.562725715003986693e+01
4.683679570312500005e+02,-8.903508029344634167e+01
4.683682499999999891e+02,-9.619858100159262904e+01
4.683685429687500346e+02,-9.024674727855092726e+01
4.683688359375000232e+02,-8.697068369613430150e+01
4.683691289062500118e+02,-9.316768656862942066e+01
4.683694218750000005e+02,-9.180384210762598229e+01
4.683697148437499891e+02,-8.855119217460500636e+01
4.683700078125000346e+02,-9.570569278098588484e+01
4.683703007812500232e+02,-8.380988471393159500e+01
4.683705937500000118e+02,-8.448706869405226882e+01
4.683708867187500005e+02,-9.463884515803579234e+01
4.683711796874999891e+02,-8.626650932344661271e+01
4.683714726562500346e+02,-8.446699271319252489e+01
4.683717656250000232e+02,-9.153142222670011563e+01
4.683720585937500118e+02,-7.907312185018886908e+01
4.683723515625000005e+02,-8.006870063569502349e+01
4.683726445312499891e+02,-8.100720478925750001e+01
4.683729375000000346e+02,-8.055700403843903246e+01
4.683732304687500232e+02,-8.050948651777235909e+01
4.683735234375000118e+02,-9.109084565892180763e+01
4.683738164062500005e+02,-8.549899298973645045e+01
4.683741093749999891e+02,-9.131404021050326492e+01
4.683744023437500346e+02,-8.635620224933491329e+01
4.683746953125000232e+02,-8.699995422196539607e+01
4.683749882812500118e+02,-9.428971532406464462e+01
4.683752812500000005e+02,-9.354882027414966217e+01
4.683755742187499891e+02,-8.805547152883721651e+01
4.683758671875000346e+02,-9.596778883791279213e+01
4.683761601562500232e+02,-9.259767177613329636e+01
4.683764531250000118e+02,-8.203855890355515612e+01
4.683767460937500005e+02,-8.077741381734480797e+01
4.683770390624999891e+02,-9.032635925620269290e+01
4.683773320312500346e+02,-9.005197291533063719e+01
4.683776250000000232e+02,-8.563952039279976702e+01
4.683779179687500118e+02,-8.383756019084414390e+01
4.683782109375000005e+02,-8.189895768884063898e+01
4.683785039062499891e+02,-8.664005472753581216e+01
4.683787968750000346e+02,-9.265033189425975024e+01
4.683790898437500232e+02,-8.482582169181520726e+01
4.683793828125000118e+02,-9.150441925611895044e+01
4.683796757812500005e+02,-1.002947851867747175e+02
4.683799687499999891e+02,-9.542026605975866005e+01
4.683802617187500346e+02,-8.913957472661742543e+01
4.683805546875000232e+02,-8.230129052045377591e+01
4.683808476562500118e+02,-8.428922568917562330e+01
4.683811406250000005e+02,-8.948511812836237311e+01
4.683814335937499891e+02,-9.882177537788543020e+01
4.683817265625000346e+02,-8.705337786271078926e+01
4.683820195312500232e+02,-8.287195581334103167e+01
4.683823125000000118e+02,-8.581566518175370106e+01
4.683826054687500005e+02,-8.658861912158846508e+01
4.683828984374999891e+02,-8.579660810075853306e+01
4.683831914062500346e+02,-8.771961839137560446e+01
4.683834843750000232e+02,-8.141275602196867567e+01
4.683837773437500118e+02,-8.123173576555237219e+01
4.683840703125000005e+02,-8.822526913797220516e+01
4.683843632812499891e+02,-9.095312042034169053e+01
4.683846562500000346e+02,-9.308429790808212090e+01
4.683849492187500232e+02,-9.159639692295849045e+01
4.683852421875000118e+02,-1.058272370251821997e+02
4.683855351562500005e+02,-9.719950571992102084e+01
4.683858281249999891e+02,-9.093930623607704433e+01
4.683861210937500346e+02,-8.386213091041318535e+01
4.683864140625000232e+02,-8.387174644819236846e+01
4.683867070312500118e+02,-9.127533821798897407e+01
4.683870000000000005e+02,-9.289283036251293879e+01
4.683872929687499891e+02,-8.234999330610322943e+01
4.683875859375000346e+02,-8.473499330022488607e+01
4.683878789062500232e+02,-9.374960576832252457e+01
4.683881718750000118e+02,-8.756749899934837345e+01
4.683884648437500005e+02,-8.721808277955531707e+01
4.683887578124999891e+02,-9.165951688424394206e+01
4.683890507812500346e+02,-8.976124704094348772e+01
4.683893437500000232e+02,-8.541291558088310865e+01
4.683896367187500118e+02,-8.972899149572042177e+01
4.683899296875000005e+02,-9.611495922798310687e+01
4.683902226562499891e+02,-8.914088145013606379e+01
4.683905156250000346e+02,-8.345471406402930370e+01
4.683908085937500232e+02,-1.033090316153198671e+02
4.683911015625000118e+02,-8.702337730369936253e+01
4.683913945312500005e+02,-8.851741881332664263e+01
4.683916874999999891e+02,-9.539682037671086334e+01
4.683919804687500346e+02,-9.516496425791082459e+01
4.683922734375000232e+02,-8.927779044445838963e+01
4.683925664062500118e+02,-9.299071838748608343e+01
4.683928593750000005e+02,-8.833250339398279039e+01
4.683931523437499891e+02,-8.148673480276383430e+01
4.683934453125000346e+02,-8.081071713006998891e+01
4.683937382812500232e+02,-8.872777342718165983e+01
4.683940312500000118e+02,-9.919518374876524547e+01
4.683943242187500005e+02,-8.439399167056726014e+01
4.683946171874999891e+02,-8.273871144380001397e+01
4.683949101562500346e+02,-8.103892041856177286e+01
4.683952031250000232e+02,-8.053825688701293473e+01
4.683954960937500118e+02,-7.852321982708940595e+01
4.683957890625000005e+02,-8.220902508342595638e+01
4.683960820312499891e+02,-9.281271094105849784e+01
4.683963750000000346e+02,-8.999856764997062442e+01
4.683966679687500232e+02,-9.347183041232349865e+01
4.683969609375000118e+02,-9.045857696700639394e+01
4.683972539062500005e+02,-9.475014511809847306e+01
4.683975468749999891e+02,-8.505010884419408512e+01
4.683978398437500346e+02,-8.340714181490787382e+01
4.683981328125000232e+02,-9.054658550762721347e+01
4.683984257812500118e+02,-9.193578768736409756e+01
4.683987187500000005e+02,-8.003635131987701357e+01
4.683990117187499891e+02,-7.883239482075759952e+01
4.683993046875000346e+02,-8.365274534864227007e+01
4.683995976562500232e+02,-8.919400900410198574e+01
4.683998906250000118e+02,-8.943312756652865403e+01
4.684001835937500005e+02,-8.474812771271081147e+01
4.684004765624999891e+02,-8.616764721495096069e+01
4.684007695312500346e+02,-9.265290879343064034e+01
4.684010625000000232e+02,-8.047135504441916964e+01
4.684013554687500118e+02,-7.990109405389873132e+01
4.684016484375000005e+02,-9.150511527547126889e+01
4.684019414062499891e+02,-9.364542175996089668e+01
4.684022343750000346e+02,-8.341128142954744362e+01
4.684025273437500232e+02,-8.305556108103567681e+01
4.684028203125000118e+02,-9.069235866560113379e+01
4.684031132812500005e+02,-9.833800410032773698e+01
4.684034062499999891e+02,-1.023881559526356000e+02
4.684036992187500346e+02,-8.690909950461639255e+01
4.684039921875000232e+02,-8.306257303708385109e+01
4.684042851562500118e+02,-8.575109153285745833e+01
4.684045781250000005e+02,-8.570804759321164568e+01
4.684048710937499891e+02,-8.529002027351828019e+01
4.684051640625000346e+02,-8.702760408796461888e+01
4.684054570312500232e+02,-8.533799321076058675e+01
4.684057500000000118e+02,-9.367849563398429780e+01
4.684060429687500005e+02,-8.313476232253697162e+01
4.684063359374999891e+02,-8.061166715718272258e+01
4.684066289062500346e+02,-8.987249146886968276e+01
4.684069218750000232e+02,-8.645283424027138608e+01
4.684072148437500118e+02,-8.992383060867497591e+01
4.684075078125000005e+02,-9.238506997475694504e+01
4.684078007812499891e+02,-9.256139234042072417e+01
4.684080937500000346e+02,-8.281579913285931127e+01
4.684083867187500232e+02,-8.249262073795992478e+01
4.684086796875000118e+02,-8.535374691902866573e+01
4.684089726562500005e+02,-1.080971553861526218e+02
4.684092656249999891e+02,-8.588092066721432616e+01
4.684095585937500346e+02,-9.522659411271482099e+01
4.684098515625000232e+02,-9.582325591994714387e+01
4.684101445312500118e+02,-8.835331360893889041e+01
4.684104375000000005e+02,-8.529245908819194710e+01
4.684107304687499891e+02,-9.028557186833248238e+01
4.684110234375000346e+02,-8.348495131307868178e+01
4.684113164062500232e+02,-8.926358080026800224e+01
4.684116093750000118e+02,-7.949521016685011432e+01
4.684119023437500005e+02,-8.120224392122587176e+01
4.684121953124999891e+02,-8.306608161533232249e+01
4.684124882812500346e+02,-8.509899105932291263e+01
4.684127812500000232e+02,-8.821229044049766799e+01
4.684130742187500118e+02,-8.330735266099182468e+01
4.684133671875000005e+02,-8.766459656696997627e+01
4.684136601562499891e+02,-9.077276550936704780e+01
4.684139531250000346e+02,-8.665167696756748228e+01
4.684142460937500232e+02,-8.860683836822258286e+01
4.684145390625000118e+02,-9.220199112304820233e+01
4.684148320312500005e+02,-9.112673581476465756e+01
4.684151249999999891e+02,-9.609418517014132988e+01
4.684154179687500346e+02,-8.567336853796405194e+01
4.684157109375000232e+02,-9.249121729383151091e+01
4.684160039062500118e+02,-9.814997298891623245e+01
4.684162968750000005e+02,-8.878798948203039743e+01
4.684165898437499891e+02,-8.274244901222013482e+01
4.684168828125000346e+02,-9.060055130924862965e+01
4.684171757812500232e+02,-8.682118522340280720e+01
4.684174687500000118e+02,-9.234696296162456974e+01
4.684177617187500005e+02,-8.022129182016720961e+01
4.684180546874999891e+02,-8.465467028668379612e+01
4.684183476562500346e+02,-9.310113804501730783e+01
4.684186406250000232e+02,-9.389222985942726041e+01
4.684189335937500118e+02,-8.645206442942463809e+01
4.684192265625000005e+02,-8.770769932208222031e+01
4.684195195312499891e+02,-8.349456783645595692e+01
4.684198125000000346e+02,-8.345523530768699061e+01
4.684201054687500232e+02,-8.422572650396448068e+01
4.684203984375000118e+02,-9.079147738410009083e+01
4.684206914062500005e+02,-8.699275182255355787e+01
4.684209843749999891e+02,-8.269480896795673175e+01
4.684212773437500346e+02,-8.320630127600975356e+01
4.684215703125000232e+02,-9.010612622444881481e+01
4.684218632812500118e+02,-9.467436849768159846e+01
4.684221562500000005e+02,-1.052672442469943093e+02
4.684224492187499891e+02,-8.749890174808024312e+01
4.684227421875000346e+02,-1.022302643379842664e+02
4.684230351562500232e+02,-8.372442017337094455e+01
4.684233281250000118e+02,-8.097845632282519546e+01
4.684236210937500005e+02,-8.624221495996678755e+01
4.684239140624999891e+02,-9.107386820534617300e+01
4.684242070312500346e+02,-9.467165686358069365e+01
4.684245000000000232e+02,-9.287925840724582827e+01
4.684247929687500118e+02,-9.192716145379120007e+01
4.684250859375000005e+02,-9.431451562243250919e+01
4.684253789062499891e+02,-9.548591920437826275e+01
4.684256718750000346e+02,-8.731266783456808867e+01
4.684259648437500232e+02,-8.355576561808243241e+01
4.684262578125000118e+02,-9.140892507029471403e+01
4.684265507812500005e+02,-9.173569080102807050e+01
4.684268437499999891e+02,-8.413490184545757700e+01
4.684271367187500346e+02,-8.289733120934330657e+01
4.684274296875000232e+02,-8.577734982821803555e+01
4.684277226562500118e+02,-8.711620736133764353e+01
4.684280156250000005e+02,-8.661129162736085618e+01
4.684283085937499891e+02,-8.656558781233712807e+01
4.684286015625000346e+02,-8.934127144311710822e+01
4.684288945312500232e+02,-9.532921280154013743e+01
4.684291875000000118e+02,-8.935666035539708218e+01
4.684294804687500005e+02,-8.705912534472702191e+01
4.684297734374999891e+02,-9.425611800684194463e+01
4.684300664062500346e+02,-8.273261427571947024e+01
4.684303593750000232e+02,-8.366418671436167642e+01
4.684306523437500118e+02,-8.722680620397230200e+01
4.684309453125000005e+02,-8.937733488590269815e+01
4.684312382812499891e+02,-8.682202490167894382e+01
4.684315312500000346e+02,-9.699105769864816295e+01
4.684318242187500232e+02,-9.402257241210779171e+01
4.684321171875000118e+02,-8.800003699086205700e+01
4.684324101562500005e+02,-8.137831461455148485e+01
4.684327031249999891e+02,-8.600083391792340137e+01
4.684329960937500346e+02,-8.952104806448249974e+01
4.684332890625000232e+02,-8.968192949755767529e+01
4.684335820312500118e+02,-1.049170344770189587e+02
4.684338750000000005e+02,-8.767305607783713128e+01
4.684341679687499891e+02,-8.300512973209656309e+01
4.684344609375000346e+02,-8.435896475631486169e+01
4.684347539062500232e+02,-8.203726920068928052e+01
4.684350468750000118e+02,-8.301544182642068392e+01
4.684353398437500005e+02,-8.198571192359410986e+01
4.684356328124999891e+02,-7.948927975934081758e+01
4.684359257812500346e+02,-8.393754645504499479e+01
4.684362187500000232e+02,-8.678392232766540815e+01
4.684365117187500118e+02,-9.005110879188401896e+01
4.684368046875000005e+02,-9.308359970611368794e+01
4.684370976562499891e+02,-9.645644116161797399e+01
4.684373906250000346e+02,-8.824860269557038350e+01
4.684376835937500232e+02,-9.273188240127001336e+01
4.684379765625000118e+02,-9.079868139376343095e+01
4.684382695312500005e+02,-1.017556656305534375e+02
4.684385624999999891e+02,-9.562112174303692314e+01
4.684388554687500346e+02,-9.044603563267543223e+01
4.684391484375000232e+02,-8.371216480026274098e+01
4.684394414062500118e+02,-8.171998409555335741e+01
4.684397343750000005e+02,-8.639159736791454236e+01
4.684400273437499891e+02,-8.872321302277165955e+01
4.684403203125000346e+02,-8.175676368822747975e+01
4.684406132812500232e+02,-8.383277343428105155e+01
4.684409062500000118e+02,-8.774889959713379994e+01
4.684411992187500005e+02,-8.183674443480623495e+01
4.684414921874999891e+02,-8.649893817867364021e+01
4.684417851562500346e+02,-9.110860551669347274e+01
4.684420781250000232e+02,-8.563936609933955424e+01
4.684423710937500118e+02,-8.228696140691428695e+01
4.684426640625000005e+02,-8.484734147204062538e+01
4.684429570312499891e+02,-8.635435024971701523e+01
4.684432500000000346e+02,-9.501890123470940352e+01
4.684435429687500232e+02,-9.986514262244224938e+01
4.684438359375000118e+02,-9.650725557910710961e+01
4.684441289062500005e+02,-8.729074670047309326e+01
4.684444218749999891e+02,-8.754014704823927673e+01
4.684447148437500346e+02,-8.443422509119812958e+01
4.684450078125000232e+02,-9.088315213289602923e+01
4.684453007812500118e+02,-8.794601381242156890e+01
4.684455937500000005e+02,-8.998031971242252780e+01
4.684458867187499891e+02,-9.719856697284549796e+01
4.684461796875000346e+02,-9.598666402397913089e+01
4.684464726562500232e+02,-9.601931235595102976e+01
4.684467656250000118e+02,-9.224544689959172672e+01
4.684470585937500005e+02,-8.701268976815097744e+01
4.684473515624999891e+02,-8.176789404825407814e+01
4.684476445312500346e+02,-8.449647872492305112e+01
4.684479375000000232e+02,-8.722915765429588930e+01
4.684482304687500118e+02,-8.091321470886163070e+01
4.684485234375000005e+02,-7.980225847708456399e+01
4.684488164062499891e+02,-8.110300111982697047e+01
4.684491093750000346e+02,-8.693897727138819675e+01
4.684494023437500232e+02,-1.000922964331427067e+02
4.684496953125000118e+02,-8.726035134670081561e+01
4.684499882812500005e+02,-8.401454527918168935e+01
4.684502812499999891e+02,-8.793622916092280661e+01
4.684505742187500346e+02,-8.568721655540338134e+01
4.684508671875000232e+02,-9.369441619278047995e+01
4.684511601562500118e+02,-8.791337328021779740e+01
4.684514531250000005e+02,-8.365604909478480522e+01
4.684517460937499891e+02,-8.279763632552541708e+01
4.684520390625000346e+02,-8.902618119425446253e+01
4.684523320312500232e+02,-9.862665524113995730e+01
4.684526250000000118e+02,-8.790416410184880647e+01
4.684529179687500005e+02,-8.656365740478749160e+01
4.684532109374999891e+02,-8.644532130180770935e+01
4.684535039062500346e+02,-8.885876150527047912e+01
4.684537968750000232e+02,-8.879245382875490122e+01
4.684540898437500118e+02,-8.422531785543328908e+01
4.684543828125000005e+02,-8.454091285861298388e+01
4.684546757812499891e+02,-8.563538516302745052e+01
4.684549687500000346e+02,-8.000813880449642568e+01
4.684552617187500232e+02,-7.991787247235780001e+01
4.684555546875000118e+02,-8.624921307401427839e+01
4.684558476562500005e+02,-8.249440014650176067e+01
4.684561406249999891e+02,-8.787928420368457694e+01
4.684564335937500346e+02,-9.227991859400530927e+01
4.684567265625000232e+02,-9.119947274614926869e+01
4.684570195312500118e+02,-9.218900821936347256e+01
4.684573125000000005e+02,-9.863126027212666713e+01
4.684576054687499891e+02,-9.703969472390656392e+01
4.684578984375000346e+02,-9.297216230770141010e+01
4.684581914062500232e+02,-8.798513438427958988e+01
4.684584843750000118e+02,-8.825300875540102652e+01
4.684587773437500005e+02,-9.098208341420738066e+01
4.684590703124999891e+02,-8.971106928927432023e+01
4.684593632812500346e+02,-8.977861870923939591e+01
4.684596562500000232e+02,-9.367544246678235709e+01
4.684599492187500118e+02,-8.200483865469976763e+01
4.684602421875000005e+02,-8.375012758039736127e+01
4.684605351562499891e+02,-1.002388461651156746e+02
4.684608281250000346e+02,-9.305604896802282155e+01
4.684611210937500232e+02,-1.021682783018723910e+02
4.684614140625000118e+02,-8.781986758092722312e+01
4.684617070312500005e+02,-9.202930547617424395e+01
4.684619999999999891e+02,-8.124184443686399959e+01
4.684622929687500346e+02,-8.102143351547408656e+01
4.684625859375000232e+02,-8.706134839839288020e+01
4.684628789062500118e+02,-8.426348442896349411e+01
4.684631718750000005e+02,-9.007704209957834962e+01
4.684634648437499891e+02,-9.047645487687199761e+01
4.684637578125000346e+02,-9.033398413287073936e+01
4.684640507812500232e+02,-9.141305791615189946e+01
4.684643437500000118e+02,-8.600142516504021728e+01
4.684646367187500005e+02,-8.733603574650474854e+01
4.684649296874999891e+02,-8.972732688369747223e+01
4.684652226562500346e+02,-8.518179920332883626e+01
4.684655156250000232e+02,-8.412767107812612721e+01
4.684658085937500118e+02,-8.456908876693199772e+01
4.684661015625000005e+02,-9.671615855883263180e+01
4.684663945312499891e+02,-8.217495158715385628e+01
4.684666875000000346e+02,-7.943427796967520749e+01
4.684669804687500232e+02,-8.127644356828571404e+01
4.684672734375000118e+02,-8.854072192483050685e+01
4.684675664062500005e+02,-9.091176636703491454e+01
4.684678593749999891e+02,-9.687429738815114888e+01
4.684681523437500346e+02,-8.405585686708280946e+01
4.684684453125000232e+02,-8.853290164839404497e+01
4.684687382812500118e+02,-8.912941373580098059e+01
4.684690312500000005e+02,-8.654108447531173454e+01
4.684693242187499891e+02,-8.742754464473796361e+01
4.684696171875000346e+02,-8.913821576114213485e+01
4.684699101562500232e+02,-9.234221106142140911e+01
4.684702031250000118e+02,-9.047404920596589761e+01
4.684704960937500005e+02,-8.927769889354129873e+01
4.684707890624999891e+02,-8.939073968917035984e+01
4.684710820312500346e+02,-8.333689823926077622e+01
4.684713750000000232e+02,-8.078921853043337364e+01
4.684716679687500118e+02,-8.130564782531007495e+01
4.684719609375000005e+02,-9.817859362415862279e+01
4.684722539062499891e+02,-8.694932940605343674e+01
4.684725468750000346e+02,-8.814867031110672713e+01
4.684728398437500232e+02,-8.347359341699826984e+01
4.684731328125000118e+02,-8.361642568485699201e+01
4.684734257812500005e+02,-8.336458080559862083e+01
4.684737187499999891e+02,-8.133399512714717616e+01
4.684740117187500346e+02,-8.911043303350800215e+01
4.684743046875000232e+02,-8.576406895879928527e+01
4.684745976562500118e+02,-8.671774655791089970e+01
4.684748906250000005e+02,-8.857350419972192412e+01
4.684751835937499891e+02,-8.427271460269709280e+01
4.684754765625000346e+02,-8.463402130553069469e+01
4.684757695312500232e+02,-8.680159479769196196e+01
4.684760625000000118e+02,-9.499611174413901438e+01
4.684763554687500005e+02,-1.019392262291664792e+02
4.684766484374999891e+02,-8.664710414362191671e+01
4.684769414062500346e+02,-8.551690841573667967e+01
4.684772343750000232e+02,-9.152259964842005502e+01
4.684775273437500118e+02,-9.387197226574384956e+01
4.684778203125000005e+02,-9.982621178521156935e+01
4.684781132812499891e+02,-9.126205298224590479e+01
4.684784062500000346e+02,-8.517265098884932684e+01
4.684786992187500232e+02,-8.362184960859222826e+01
4.684789921875000118e+02,-8.295435312235642300e+01
4.684792851562500005e+02,-9.922383633662113311e+01
4.684795781249999891e+02,-8.347320115888965120e+01
4.684798710937500346e+02,-9.768773631605803587e+01
4.684801640625000232e+02,-9.417354969066066417e+01
4.684804570312500118e+02,-1.016454161507913767e+02
4.684807500000000005e+02,-9.315546587925732069e+01
4.684810429687499891e+02,-8.008900669367352521e+01
4.684813359375000346e+02,-7.800848169714700475e+01
4.684816289062500232e+02,-8.558582632918655975e+01
4.684819218750000118e+02,-8.562888216252842710e+01
4.684822148437500005e+02,-9.188557184685178925e+01
4.684825078124999891e+02,-8.784899239614900068e+01
4.684828007812500346e+02,-9.094784492740873816e+01
4.684830937500000232e+02,-8.533908406452340500e+01
4.684833867187500118e+02,-8.561287473918945068e+01
4.684836796875000005e+02,-8.585218701926100948e+01
4.684839726562499891e+02,-9.500392427712515087e+01
4.684842656250000346e+02,-8.672446291269919527e+01
4.684845585937500232e+02,-8.286375667935631384e+01
4.684848515625000118e+02,-9.017785748321118433e+01
4.684851445312500005e+02,-8.959787609998707580e+01
4.684854374999999891e+02,-8.863326607080550446e+01
4.684857304687500346e+02,-9.405304347960898781e+01
4.684860234375000232e+02,-9.727042932171109157e+01
4.684863164062500118e+02,-9.314582649418780136e+01
4.684866093750000005e+02,-8.810296637213484416e+01
4.684869023437499891e+02,-9.271797119571117207e+01
4.684871953125000346e+02,-9.727720076561953988e+01
4.684874882812500232e+02,-8.773234800286468271e+01
4.684877812500000118e+02,-9.427925708383139636e+01
4.684880742187500005e+02,-9.271241154338581225e+01
4.684883671874999891e+02,-9.009007586335386009e+01
4.684886601562500346e+02,-9.831449815270940462e+01
4.684889531250000232e+02,-9.686411257592716595e+01
4.684892460937500118e+02,-9.249192364002551869e+01
4.684895390625000005e+02,-9.633575094967328312e+01
4.684898320312499891e+02,-1.025976893128049170e+02
4.684901250000000346e+02,-9.140806389479003258e+01
4.684904179687500232e+02,-9.067647814831477149e+01
4.684907109375000118e+02,-8.937126144334669675e+01
4.684910039062500005e+02,-9.451163925085702999e+01
4.684912968749999891e+02,-9.560739938314455344e+01
4.684915898437500346e+02,-8.800822835627526786e+01
4.684918828125000232e+02,-8.294009569311519670e+01
4.684921757812500118e+02,-8.326352976738341738e+01
4.684924687500000005e+02,-8.460506260338732432e+01
4.684927617187499891e+02,-8.250112577831379213e+01
4.684930546875000346e+02,-8.642512363640905448e+01
4.684933476562500232e+02,-8.703903233164416520e+01
4.684936406250000118e+02,-9.540664696117973165e+01
4.684939335937500005e+02,-8.289704470021975169e+01
4.684942265624999891e+02,-8.534309569894296033e+01
4.684945195312500346e+02,-1.023587329067156872e+02
4.684948125000000232e+02,-9.051491832919937508e+01
4.684951054687500118e+02,-9.164225139620401706e+01
4.684953984375000005e+02,-9.037893788114388371e+01
4.684956914062499891e+02,-9.712292764328027772e+01
4.684959843750000346e+02,-9.080652204280822559e+01
4.684962773437500232e+02,-9.091943141316278343e+01
4.684965703125000118e+02,-8.776263953217423364e+01
4.684968632812500005e+02,-8.506464313465681926e+01
4.684971562499999891e+02,-8.676880631964480983e+01
4.684974492187500346e+02,-8.837577344672097013e+01
4.684977421875000232e+02,-8.812455881144259706e+01
4.684980351562500118e+02,-8.977263876274321319e+01
4.684983281250000005e+02,-1.025238272501142234e+02
4.684986210937499891e+02,-9.153832127081189185e+01
4.684989140625000346e+02,-9.635763362812087962e+01
4.684992070312500232e+02,-8.530146435121905313e+01
4.684995000000000118e+02,-7.957351951586937844e+01
4.684997929687500005e+02,-8.158884601110095502e+01
4.685000859374999891e+02,-8.714850254804312613e+01
4.685003789062500346e+02,-8.898522265094675276e+01
4.685006718750000232e+02,-8.839992628218368509e+01
4.685009648437500118e+02,-9.555246939133709816e+01
4.685012578125000005e+02,-8.570577634185185900e+01
4.685015507812499891e+02,-8.764679854144122828e+01
4.685018437500000346e+02,-9.194672277135222771e+01
4.685021367187500232e+02,-9.244670900614572417e+01
4.685024296875000118e+02,-9.219547038133362094e+01
4.685027226562500005e+02,-8.834551445117961066e+01
4.685030156249999891e+02,-8.478948204211994266e+01
4.685033085937500346e+02,-8.557734290602942906e+01
4.685036015625000232e+02,-9.734630297619136741e+01
4.685038945312500118e+02,-8.946523442359249145e+01
4.685041875000000005e+02,-8.691621388161917139e+01
4.685044804687499891e+02,-8.859233625984839477e+01
4.685047734375000346e+02,-9.349539066995660619e+01
4.685050664062500232e+02,-9.006723833286281433e+01
4.685053593750000118e+02,-8.503876381016934261e+01
4.685056523437500005e+02,-8.730374343074987564e+01
4.685059453124999891e+02,-8.917672035300078903e+01
4.685062382812500346e+02,-1.009600238960117480e+02
4.685065312500000232e+02,-8.749127263634650831e+01
4.685068242187500118e+02,-9.143451556301629068e+01
4.685071171875000005e+02,-8.788349501712451683e+01
4.685074101562499891e+02,-8.689873177898475376e+01
4.685077031250000346e+02,-9.341361461651973741e+01
4.685079960937500232e+02,-9.094767649001272503e+01
4.685082890625000118e+02,-8.647151403349951693e+01
4.685085820312500005e+02,-8.638798632323158699e+01
4.685088749999999891e+02,-9.292858295386773193e+01
4.685091679687500346e+02,-9.595426885157776553e+01
4.685094609375000232e+02,-9.518600184609199744e+01
4.685097539062500118e+02,-9.268251061398549950e+01
4.685100468750000005e+02,-8.559212785825965852e+01
4.685103398437499891e+02,-9.115848738043396793e+01
4.685106328125000346e+02,-8.926011140388578724e+01
4.685109257812500232e+02,-8.171176985420225947e+01
4.685112187500000118e+02,-8.261092346859015834e+01
4.685115117187500005e+02,-8.851652983145682185e+01
4.685118046874999891e+02,-9.546359532836410722e+01
4.685120976562500346e+02,-1.004535932247566876e+02
4.685123906250000232e+02,-8.717329595574766188e+01
4.685126835937500118e+02,-8.750746713520595677e+01
4.685129765625000005e+02,-8.925159119956050802e+01
4.685132695312499891e+02,-9.316544556943736666e+01
4.685135625000000346e+02,-8.729979151659763659e+01
4.685138554687500232e+02,-8.848498040206798976e+01
4.685141484375000118e+02,-8.498559342990131427e+01
4.685144414062500005e+02,-8.791532490359919905e+01
4.685147343749999891e+02,-8.978000098232615755e+01
4.685150273437500346e+02,-8.579563138136663270e+01
4.685153203125000232e+02,-9.489970354314218071e+01
4.685156132812500118e+02,-9.167509037472805744e+01
4.685159062500000005e+02,-8.502627013049526283e+01
4.685161992187499891e+02,-8.147809909671478579e+01
4.685164921875000346e+02,-8.125511698971004648e+01
4.685167851562500232e+02,-9.611085812954098628e+01
4.685170781250000118e+02,-8.702000396764168499e+01
4.685173710937500005e+02,-9.721431217529656976e+01
4.685176640624999891e+02,-8.910061223834134125e+01
4.685179570312500346e+02,-8.801055861717451023e+01
4.685182500000000232e+02,-8.886546946894648613e+01
4.685185429687500118e+02,-8.316018565259703621e+01
4.685188359375000005e+02,-9.299696007327467839e+01
4.685191289062499891e+02,-8.442817363319048241e+01
4.685194218750000346e+02,-9.260770907191842127e+01
4.685197148437500232e+02,-8.335198714767392403e+01
4.685200078125000118e+02,-8.174982880491582193e+01
4.685203007812500005e+02,-8.439073319868313661e+01
4.685205937499999891e+02,-8.679806843306258202e+01
4.685208867187500346e+02,-9.019405334899036575e+01
4.685211796875000232e+02,-9.307636623195074321e+01
4.685214726562500118e+02,-8.901391293019696604e+01
4.685217656250000005e+02,-8.777207991408369026e+01
4.685220585937499891e+02,-9.561164834957907033e+01
4.685223515625000346e+02,-9.473547301368586204e+01
4.685226445312500232e+02,-9.249707272186913087e+01
4.685229375000000118e+02,-9.955002335503439781e+01
4.685232304687500005e+02,-9.381189311365139361e+01
4.685235234374999891e+02,-8.611727010296867491e+01
4.685238164062500346e+02,-1.051506389526749672e+02
4.685241093750000232e+02,-9.388664218179027898e+01
4.685244023437500118e+02,-9.631854731326646402e+01
4.685246953125000005e+02,-8.473723892191161156e+01
4.685249882812499891e+02,-8.843105313155724900e+01
4.685252812500000346e+02,-9.058945492186504111e+01
4.685255742187500232e+02,-8.753590311429383064e+01
4.685258671875000118e+02,-8.491185350602484050e+01
4.685261601562500005e+02,-9.143864637596050216e+01
4.685264531249999891e+02,-9.144968973874702556e+01
4.685267460937500346e+02,-8.776877404176745756e+01
4.685270390625000232e+02,-8.439252623100708206e+01
4.685273320312500118e+02,-8.230588229281229928e+01
4.685276250000000005e+02,-8.748373205874636938e+01
4.685279179687499891e+02,-9.278894569460231878e+01
4.685282109375000346e+02,-8.273058971487394331e+01
4.685285039062500232e+02,-8.901629675257153451e+01
4.685287968750000118e+02,-8.817479523155031984e+01
4.685290898437500005e+02,-9.325163425018709518e+01
4.685293828124999891e+02,-9.671396300989525230e+01
4.685296757812500346e+02,-9.002377442629067161e+01
4.685299687500000232e+02,-8.421168457330109902e+01
4.685302617187500118e+02,-8.953267588456461112e+01
4.685305546875000005e+02,-1.075401594560945284e+02
4.685308476562499891e+02,-8.749182413022758453e+01
4.685311406250000346e+02,-9.187856430859309853e+01
4.685314335937500232e+02,-8.360707983690382150e+01
4.685317265625000118e+02,-8.752125561538883858e+01
4.685320195312500005e+02,-9.533265101219384974e+01
4.685323124999999891e+02,-9.704156081827147773e+01
4.685326054687500346e+02,-8.728947775453887914e+01
4.685328984375000232e+02,-8.592890019184147832e+01
4.685331914062500118e+02,-8.919411570490930785e+01
4.685334843750000005e+02,-8.964359357699092357e+01
4.685337773437499891e+02,-9.566855707700949552e+01
4.685340703125000346e+02,-9.360423269311304750e+01
4.685343632812500232e+02,-8.650719740525224211e+01
4.685346562500000118e+02,-9.028353610829179843e+01
4.685349492187500005e+02,-8.570788032262603906e+01
4.685352421874999891e+02,-8.648836111045950759e+01
4.685355351562500346e+02,-8.829463348857309768e+01
4.685358281250000232e+02,-9.102266739978064436e+01
4.685361210937500118e+02,-9.050765232814086403e+01
4.685364140625000005e+02,-8.680144966148392882e+01
4.685367070312499891e+02,-9.109509021752324998e+01
4.685370000000000346e+02,-8.592667496531454674e+01
4.685372929687500232e+02,-9.116147665115875043e+01
4.685375859375000118e+02,-8.806076120359848858e+01
4.685378789062500005e+02,-9.618513451929408120e+01
4.685381718749999891e+02,-8.839902958372647390e+01
4.685384648437500346e+02,-8.432068638574779129e+01
4.685387578125000232e+02,-8.288664670660124045e+01
4.685390507812500118e+02,-8.964519907971939006e+01
4.685393437500000005e+02,-9.721095008589892927e+01
4.685396367187499891e+02,-8.972170687973314784e+01
4.685399296875000346e+02,-8.872858766566557165e+01
4.685402226562500232e+02,-8.119383108365211399e+01
4.685405156250000118e+02,-8.705312816883588312e+01
4.685408085937500005e+02,-8.433027252339272195e+01
4.685411015624999891e+02,-8.249094686261139486e+01
4.685413945312500346e+02,-8.884229601465200687e+01
4.685416875000000232e+02,-9.551592199746581002e+01
4.685419804687500118e+02,-8.609128500938808770e+01
4.685422734375000005e+02,-9.322503533555560296e+01
4.685425664062499891e+02,-8.676837841392305961e+01
4.685428593750000346e+02,-9.401641002091183452e+01
4.685431523437500232e+02,-8.656477514143652741e+01
4.685434453125000118e+02,-9.085391853101937443e+01
4.685437382812500005e+02,-8.984623188411097772e+01
4.685440312499999891e+02,-9.205880035912514359e+01
4.685443242187500346e+02,-8.175831538113284580e+01
4.685446171875000232e+02,-8.520986643794826421e+01
4.685449101562500118e+02,-9.499717936209306401e+01
4.685452031250000005e+02,-9.271255280872067317e+01
4.685454960937499891e+02,-8.814916209533031122e+01
4.685457890625000346e+02,-9.410849834818934312e+01
4.685460820312500232e+02,-8.736665962343212755e+01
4.685463750000000118e+02,-8.357516979735164853e+01
4.685466679687500005e+02,-9.241672465057641261e+01
4.685469609374999891e+02,-8.299203970292492727e+01
4.685472539062500346e+02,-8.814178916177026224e+01
4.685475468750000232e+02,-8.866532112188929204e+01
4.685478398437500118e+02,-8.273967922173163458e+01
4.685481328125000005e+02,-8.400953390785656438e+01
4.685484257812499891e+02,-8.635711525682782508e+01
4.685487187500000346e+02,-9.034485527521118797e+01
4.685490117187500232e+02,-9.885638244843575251e+01
4.685493046875000118e+02,-8.923447893129454656e+01
4.685495976562500005e+02,-8.947384342788041067e+01
4.685498906249999891e+02,-8.665440703848084070e+01
4.685501835937500346e+02,-9.126564489059964558e+01
4.685504765625000232e+02,-8.293116443199819798e+01
4.685507695312500118e+02,-8.534622932089051517e+01
4.685510625000000005e+02,-8.428242267725005377e+01
4.685513554687499891e+02,-8.920585230383075270e+01
4.685516484375000346e+02,-8.827654356973106076e+01
4.685519414062500232e+02,-8.559776963061239030e+01
4.685522343750000118e+02,-1.000318957194878635e+02
4.685525273437500005e+02,-8.920984920439481414e+01
4.685528203124999891e+02,-8.930588919879987486e+01
4.685531132812500346e+02,-8.754295445154031086e+01
4.685534062500000232e+02,-9.144393166797279093e+01
4.685536992187500118e+02,-8.674350086158477779e+01
4.685539921875000005e+02,-8.703617156914802422e+01
4.685542851562499891e+02,-9.335328881093079190e+01
4.685545781250000346e+02,-8.770897905862756261e+01
4.685548710937500232e+02,-9.129839521040648265e+01
4.685551640625000118e+02,-9.280575906056293434e+01
4.685554570312500005e+02,-9.833286815259674540e+01
4.685557499999999891e+02,-9.630251439235883026e+01
4.685560429687500346e+02,-1.011630048822020598e+02
4.685563359375000232e+02,-9.079796426036863011e+01
4.685566289062500118e+02,-8.991403258104892871e+01
4.685569218750000005e+02,-9.383360653914456861e+01
4.685572148437499891e+02,-9.047584382728251740e+01
4.685575078125000346e+02,-9.490787786046919905e+01
4.685578007812500232e+02,-8.486339202765319101e+01
4.685580937500000118e+02,-8.377486074835380236e+01
4.685583867187500005e+02,-8.339588621260874390e+01
4.685586796874999891e+02,-8.252707244686791910e+01
4.685589726562500346e+02,-8.557738121713700252e+01
4.685592656250000232e+02,-8.978779384010377385e+01
4.685595585937500118e+02,-9.303379808701055254e+01
4.685598515625000005e+02,-9.249229498035320773e+01
4.685601445312499891e+02,-9.124089019174869009e+01
4.685604375000000346e+02,-9.183060215853915054e+01
4.685607304687500232e+02,-8.506252728186709078e+01
4.685610234375000118e+02,-8.316250165402954053e+01
4.685613164062500005e+02,-8.549300308784501112e+01
4.685616093749999891e+02,-8.516871990054568187e+01
4.685619023437500346e+02,-9.097740821630095809e+01
4.685621953125000232e+02,-9.586693142866680262e+01
4.685624882812500118e+02,-9.150593925380414362e+01
4.685627812500000005e+02,-9.130427536181227310e+01
4.685630742187499891e+02,-9.180923210440185755e+01
4.685633671875000346e+02,-8.608209276631383489e+01
4.685636601562500232e+02,-1.035064554239133940e+02
4.685639531250000118e+02,-8.990672993780528088e+01
4.685642460937500005e+02,-8.596285841761739732e+01
4.685645390624999891e+02,-9.069287746761000335e+01
4.685648320312500346e+02,-9.271326206388852142e+01
4.685651250000000232e+02,-8.696749564844890301e+01
4.685654179687500118e+02,-8.023110992750716264e+01
4.685657109375000005e+02,-8.148538520682606645e+01
4.685660039062499891e+02,-8.408791671701311543e+01
4.685662968750000346e+02,-8.457150741938157523e+01
4.685665898437500232e+02,-8.782022770799734701e+01
4.685668828125000118e+02,-9.177100797033256185e+01
4.685671757812500005e+02,-9.317280816283697220e+01
4.685674687499999891e+02,-9.507437685091073831e+01
4.685677617187500346e+02,-8.780573802651881010e+01
4.685680546875000232e+02,-8.285859142568889979e+01
4.685683476562500118e+02,-8.725594717904984066e+01
4.685686406250000005e+02,-9.601277807914966900e+01
4.685689335937499891e+02,-9.091122326665862374e+01
4.685692265625000346e+02,-8.598790245897795614e+01
4.685695195312500232e+02,-8.459695199275053312e+01
4.685698125000000118e+02,-8.801323630928864361e+01
4.685701054687500005e+02,-8.574176021757736521e+01
4.685703984374999891e+02,-8.621694893339727628e+01
4.685706914062500346e+02,-9.000489335289569226e+01
4.685709843750000232e+02,-8.988612203885190866e+01
4.685712773437500118e+02,-1.093469663206133760e+02
4.685715703125000005e+02,-9.820513258797060985e+01
4.685718632812499891e+02,-8.374947920719401395e+01
4.685721562500000346e+02,-8.343319792655304923e+01
4.685724492187500232e+02,-8.508529914212003575e+01
4.685727421875000118e+02,-8.547017230379765351e+01
4.685730351562500005e+02,-8.572943567656650998e+01
4.685733281249999891e+02,-8.737460577612027635e+01
4.685736210937500346e+02,-9.090189363314485149e+01
4.685739140625000232e+02,-9.244578763285662149e+01
4.685742070312500118e+02,-9.400436627260273781e+01
4.685745000000000005e+02,-9.444417085267092205e+01
4.685747929687499891e+02,-8.480024129884060358e+01
4.685750859375000346e+02,-8.293455132330979040e+01
4.685753789062500232e+02,-9.305239135046866750e+01
4.685756718750000118e+02,-1.003499158911415066e+02
4.685759648437500005e+02,-9.027321443012014868e+01
4.685762578124999891e+02,-9.130895805892750161e+01
4.685765507812500346e+02,-9.404449424222340781e+01
4.685768437500000232e+02,-8.993462549236882353e+01
4.685771367187500118e+02,-8.498900484687163726e+01
4.685774296875000005e+02,-9.169268251661983982e+01
4.685777226562499891e+02,-9.632672758532982016e+01
4.685780156250000346e+02,-8.810777607980466541e+01
4.685783085937500232e+02,-8.413260463762568975e+01
4.685786015625000118e+02,-9.343971477868898035e+01
4.685788945312500005e+02,-8.948413859720638186e+01
4.685791874999999891e+02,-8.586946348714144506e+01
4.685794804687500346e+02,-8.749215370530892244e+01
4.685797734375000232e+02,-8.238269510178859889e+01
4.685800664062500118e+02,-8.328597287969459728e+01
4.685803593750000005e+02,-8.630398612748386711e+01
4.685806523437499891e+02,-8.713608582339652742e+01
4.685809453125000346e+02,-8.702191087006457337e+01
4.685812382812500232e+02,-9.286542877313225119e+01
4.685815312500000118e+02,-9.140101008937675431e+01
4.685818242187500005e+02,-1.078649012248884276e+02
4.685821171874999891e+02,-8.572226562832234720e+01
4.685824101562500346e+02,-8.490513051421285695e+01
4.685827031250000232e+02,-9.144090623095557646e+01
4.685829960937500118e+02,-8.893063419979418427e+01
4.685832890625000005e+02,-8.370112641755773097e+01
4.685835820312499891e+02,-8.324742248895192631e+01
4.685838750000000346e+02,-8.916378540651402318e+01
4.685841679687500232e+02,-8.602396211960213179e+01
4.685844609375000118e+02,-8.331025981649104040e+01
4.685847539062500005e+02,-9.510700193399731006e+01
4.685850468749999891e+02,-9.985178893095557839e+01
4.685853398437500346e+02,-8.581826823555188355e+01
4.685856328125000232e+02,-8.291682455016385234e+01
4.685859257812500118e+02,-8.297197096248200410e+01
4.685862187500000005e+02,-8.658776902348904514e+01
4.685865117187499891e+02,-8.944647555179085430e+01
4.685868046875000346e+02,-8.421102145517710369e+01
4.685870976562500232e+02,-8.732210465761602336e+01
4.685873906250000118e+02,-9.245978486634386684e+01
4.685876835937500005e+02,-8.968327697195226733e+01
4.685879765624999891e+02,-8.701378506467824536e+01
4.685882695312500346e+02,-9.595128141637532337e+01
4.685885625000000232e+02,-9.820890841752706990e+01
4.685888554687500118e+02,-9.058193641318408140e+01
4.685891484375000005e+02,-9.651593393659739206e+01
4.685894414062499891e+02,-8.892200087961556676e+01
4.685897343750000346e+02,-8.618777305385926013e+01
4.685900273437500232e+02,-8.337204693593834293e+01
4.685903203125000118e+02,-8.435512031745324180e+01
4.685906132812500005e+02,-8.943464924154660878e+01
4.685909062499999891e+02,-9.313832866174649894e+01
4.685911992187500346e+02,-8.636914071810269888e+01
4.685914921875000232e+02,-9.034762573258142027e+01
4.685917851562500118e+02,-9.610588861724156118e+01
4.685920781250000005e+02,-9.765129804008401493e+01
4.685923710937499891e+02,-9.295554685635428882e+01
4.685926640625000346e+02,-8.893054846099263955e+01
4.685929570312500232e+02,-9.092543416892647201e+01
4.685932500000000118e+02,-9.362207052347095271e+01
4.685935429687500005e+02,-8.883762101244565201e+01
4.685938359374999891e+02,-9.451208790062410969e+01
4.685941289062500346e+02,-9.307504454596787014e+01
4.685944218750000232e+02,-8.687514119624565012e+01
4.685947148437500118e+02,-8.781514225953679897e+01
4.685950078125000005e+02,-8.955038455429138367e+01
4.685953007812499891e+02,-9.071041565349355551e+01
4.685955937500000346e+02,-8.701096380112231543e+01
4.685958867187500232e+02,-9.416464124502964239e+01
4.685961796875000118e+02,-9.369870604182384000e+01
4.685964726562500005e+02,-8.810565108978140358e+01
4.685967656249999891e+02,-8.471355316218318876e+01
4.685970585937500346e+02,-8.148487926363659994e+01
4.685973515625000232e+02,-8.378974646136315130e+01
4.685976445312500118e+02,-8.603996556112262795e+01
4.685979375000000005e+02,-9.332280699184968853e+01
4.685982304687499891e+02,-9.337088572561663113e+01
4.685985234375000346e+02,-9.460000023440066741e+01
4.685988164062500232e+02,-9.583412730564356252e+01
4.685991093750000118e+02,-1.039037641649705108e+02
4.685994023437500005e+02,-9.416137293125382257e+01
4.685996953124999891e+02,-1.052304976250287325e+02
4.685999882812500346e+02,-9.244651511851429859e+01
4.686002812500000232e+02,-9.129493574864613947e+01
4.686005742187500118e+02,-9.801348644886627426e+01
4.686008671875000005e+02,-8.720430274463947740e+01
4.686011601562499891e+02,-9.567946911501934437e+01
4.686014531250000346e+02,-9.635968697040701159e+01
4.686017460937500232e+02,-8.430030106638807297e+01
4.686020390625000118e+02,-8.192291079666723874e+01
4.686023320312500005e+02,-8.723295598363219483e+01
4.686026249999999891e+02,-9.349209846683571357e+01
4.686029179687500346e+02,-9.309855644222366777e+01
4.686032109375000232e+02,-9.054751774439210976e+01
4.686035039062500118e+02,-8.600047489835687031e+01
4.686037968750000005e+02,-8.651033092880587105e+01
4.686040898437499891e+02,-8.704468498024588996e+01
4.686043828125000346e+02,-9.140447944727795004e+01
4.686046757812500232e+02,-1.045700628268163257e+02
4.686049687500000118e+02,-9.157610882792211271e+01
4.686052617187500005e+02,-8.539173332877859934e+01
4.686055546874999891e+02,-8.400132614249559992e+01
4.686058476562500346e+02,-8.501357653207679732e+01
4.686061406250000232e+02,-8.705877684839421704e+01
4.686064335937500118e+02,-8.877180864226430401e+01
4.686067265625000005e+02,-8.847019074349989864e+01
4.686070195312499891e+02,-8.542786821086556870e+01
4.686073125000000346e+02,-9.328757454999970378e+01
4.686076054687500232e+02,-8.916820978287805133e+01
4.686078984375000118e+02,-8.730722698021469341e+01
4.686081914062500005e+02,-9.186685814011225659e+01
4.686084843749999891e+02,-9.878370680560861672e+01
4.686087773437500346e+02,-9.086907342016296241e+01
4.686090703125000232e+02,-9.400467912263331982e+01
4.686093632812500118e+02,-9.173745129654223263e+01
4.686096562500000005e+02,-1.005103693976097503e+02
4.686099492187499891e+02,-8.662917432896912828e+01
4.686102421875000346e+02,-9.055747147428252219e+01
4.686105351562500232e+02,-8.377903604900535584e+01
4.686108281250000118e+02,-8.178360600354426424e+01
4.686111210937500005e+02,-8.152059340620078842e+01
4.686114140624999891e+02,-8.348388086989700696e+01
4.686117070312500346e+02,-8.973122515248314812e+01
4.686120000000000232e+02,-9.492023846598243608e+01
4.686122929687500118e+02,-9.543017755771066390e+01
4.686125859375000005e+02,-9.234132451406037490e+01
4.686128789062499891e+02,-8.438618886430374744e+01
4.686131718750000346e+02,-8.641654746312518398e+01
4.686134648437500232e+02,-9.373578433165172896e+01
4.686137578125000118e+02,-8.526947752145771631e+01
4.686140507812500005e+02,-8.461647290113251074e+01
4.686143437499999891e+02,-8.889822260326496917e+01
4.686146367187500346e+02,-9.667197068724435383e+01
4.686149296875000232e+02,-9.421866152884388157e+01
4.686152226562500118e+02,-9.048426762889823749e+01
4.686155156250000005e+02,-8.457343891462322460e+01
4.686158085937499891e+02,-8.903814300032267681e+01
4.686161015625000346e+02,-9.352213388145970896e+01
4.686163945312500232e+02,-9.174395621460985240e+01
4.686166875000000118e+02,-8.726175997436959619e+01
4.686169804687500005e+02,-9.037772479728513986e+01
4.686172734374999891e+02,-9.254131506413166619e+01
4.686175664062500346e+02,-9.231008702800582455e+01
4.686178593750000232e+02,-9.152573375866857930e+01
4.686181523437500118e+02,-8.796894203716563254e+01
4.686184453125000005e+02,-9.071546638047405509e+01
4.686187382812499891e+02,-8.934278773525184647e+01
4.686190312500000346e+02,-9.484290718083741467e+01
4.686193242187500232e+02,-9.339891142446737149e+01
4.686196171875000118e+02,-9.766298246723643217e+01
4.686199101562500005e+02,-9.013463780938393199e+01
4.686202031249999891e+02,-9.363053470537255407e+01
4.686204960937500346e+02,-9.154903961893742803e+01
4.686207890625000232e+02,-9.058609768501041515e+01
4.686210820312500118e+02,-9.711422575439598859e+01
4.686213750000000005e+02,-8.511862093765883230e+01
4.686216679687499891e+02,-8.326229942624314617e+01
4.686219609375000346e+02,-8.969414281088261021e+01
4.686222539062500232e+02,-8.585228964110605432e+01
4.686225468750000118e+02,-8.794845201833294368e+01
4.686228398437500005e+02,-9.044690654006450359e+01
4.686231328124999891e+02,-8.807739661953631582e+01
4.686234257812500346e+02,-1.048534337925597697e+02
4.686237187500000232e+02,-8.990198735923868867e+01
4.686240117187500118e+02,-8.594845147500940641e+01
4.686243046875000005e+02,-8.358258470778278593e+01
4.686245976562499891e+02,-8.682785819891316237e+01
4.686248906250000346e+02,-9.512525100133088074e+01
4.686251835937500232e+02,-9.152864971201539390e+01
4.686254765625000118e+02,-8.416307971123934806e+01
4.686257695312500005e+02,-8.646124250249670240e+01
4.686260624999999891e+02,-1.005296207625560783e+02
4.686263554687500346e+02,-9.843705027766026205e+01
4.686266484375000232e+02,-9.682596359340278980e+01
4.686269414062500118e+02,-8.784609136163018661e+01
4.686272343750000005e+02,-9.245520141345316745e+01
4.686275273437499891e+02,-9.674914483856461800e+01
4.686278203125000346e+02,-8.774030676142926666e+01
4.686281132812500232e+02,-8.631689953170391050e+01
4.686284062500000118e+02,-8.670345662262866426e+01
4.686286992187500005e+02,-8.826184793919195215e+01
4.686289921874999891e+02,-9.903266733986819759e+01
4.686292851562500346e+02,-9.095483557751839498e+01
4.686295781250000232e+02,-8.739043454746492046e+01
4.686298710937500118e+02,-8.857356932146501549e+01
4.686301640625000005e+02,-8.991570137674719376e+01
4.686304570312499891e+02,-9.360511276556103155e+01
4.686307500000000346e+02,-8.748592266114420113e+01
4.686310429687500232e+02,-9.101633173899136864e+01
4.686313359375000118e+02,-1.016618826634030626e+02
4.686316289062500005e+02,-9.349686173036126036e+01
4.686319218749999891e+02,-8.573008503531360702e+01
4.686322148437500346e+02,-8.815944471153484585e+01
4.686325078125000232e+02,-8.872253543132467257e+01
4.686328007812500118e+02,-8.690074358233120222e+01
4.686330937500000005e+02,-8.719106810148240072e+01
4.686333867187499891e+02,-8.966938835617143866e+01
4.686336796875000346e+02,-1.081819705533642093e+02
4.686339726562500232e+02,-9.416260364379729708e+01
4.686342656250000118e+02,-9.328502543931962521e+01
4.686345585937500005e+02,-9.635557875099009095e+01
4.686348515624999891e+02,-9.487281460302902758e+01
4.686351445312500346e+02,-8.915293854864606260e+01
4.686354375000000232e+02,-9.068408482730610842e+01
4.686357304687500118e+02,-9.417488318457999696e+01
4.686360234375000005e+02,-1.001869445014088456e+02
4.686363164062499891e+02,-9.519945477693569558e+01
4.686366093750000346e+02,-9.065508628014228520e+01
4.686369023437500232e+02,-9.796058457414922316e+01
4.686371953125000118e+02,-9.222877420576934071e+01
4.686374882812500005e+02,-9.537246923418840083e+01
4.686377812499999891e+02,-9.086952280118482861e+01
4.686380742187500346e+02,-8.436723633327927985e+01
4.686383671875000232e+02,-8.767376377390223752e+01
4.686386601562500118e+02,-9.195972068713275860e+01
4.686389531250000005e+02,-9.898929809906732658e+01
4.686392460937499891e+02,-9.044106517339876916e+01
4.686395390625000346e+02,-8.845763078166098126e+01
4.686398320312500232e+02,-9.073011043744563153e+01
4.686401250000000118e+02,-8.847186085659171795e+01
4.686404179687500005e+02,-8.933255461529041952e+01
4.686407109374999891e+02,-9.390100329727027884e+01
4.686410039062500346e+02,-9.189393292524721346e+01
4.686412968750000232e+02,-9.488287466218680777e+01
4.686415898437500118e+02,-1.005266084998113172e+02
4.686418828125000005e+02,-9.322188688728290629e+01
4.686421757812499891e+02,-9.746100557774244066e+01
4.686424687500000346e+02,-9.192212416996086688e+01
4.686427617187500232e+02,-1.039134364744217720e+02
4.686430546875000118e+02,-9.372734931211721232e+01
4.686433476562500005e+02,-9.390402714589114908e+01
4.686436406249999891e+02,-8.744419600963739470e+01
4.686439335937500346e+02,-8.781478876457072147e+01
4.686442265625000232e+02,-8.752637308535582861e+01
4.686445195312500118e+02,-8.556255469970005834e+01
4.686448125000000005e+02,-9.128409327558549080e+01
4.686451054687499891e+02,-9.786060979329067777e+01
4.686453984375000346e+02,-9.555978608317117562e+01
4.686456914062500232e+02,-9.113487353528856261e+01
4.686459843750000118e+02,-9.713319464789330482e+01
4.686462773437500005e+02,-9.400928365421115984e+01
4.686465703124999891e+02,-9.755383048614851305e+01
4.686468632812500346e+02,-1.235654759683827990e+02
4.686471562500000232e+02,-9.084373546281034351e+01
4.686474492187500118e+02,-8.734140963140957581e+01
4.686477421875000005e+02,-8.989393522088232658e+01
4.686480351562499891e+02,-8.992039401807333832e+01
4.686483281250000346e+02,-9.143312698453797793e+01
4.686486210937500232e+02,-9.383353101207532632e+01
4.686489140625000118e+02,-9.407640157054768792e+01
4.686492070312500005e+02,-9.580483499932846314e+01
4.686494999999999891e+02,-9.928779418022871539e+01
4.686497929687500346e+02,-9.750603957889180151e+01
4.686500859375000232e+02,-1.022304335465248215e+02
4.686503789062500118e+02,-8.938090830808144460e+01
4.686506718750000005e+02,-8.602363620993990878e+01
4.686509648437499891e+02,-1.013417321528039565e+02
4.686512578125000346e+02,-9.589030124030800550e+01
4.686515507812500232e+02,-1.029271166350278577e+02
4.686518437500000118e+02,-9.913513131406794798e+01
4.686521367187500005e+02,-9.350430469666861200e+01
4.686524296874999891e+02,-9.760392941077554951e+01
4.686527226562500346e+02,-9.136809752709942245e+01
4.686530156250000232e+02,-9.597066765666207289e+01
4.686533085937500118e+02,-8.834017704030765117e+01
4.686536015625000005e+02,-9.951782706163355385e+01
4.686538945312499891e+02,-9.379965709169439947e+01
4.686541875000000346e+02,-9.358782431151580283e+01
4.686544804687500232e+02,-8.579843311414271056e+01
4.686547734375000118e+02,-8.419956347961070264e+01
4.686550664062500005e+02,-8.651353957297078523e+01
4.686553593749999891e+02,-1.021550725819016492e+02
4.686556523437500346e+02,-9.079755109437654426e+01
4.686559453125000232e+02,-8.768576919462248043e+01
4.686562382812500118e+02,-9.498608429817386423e+01
4.686565312500000005e+02,-8.826269036971154947e+01
4.686568242187499891e+02,-8.823472961350972810e+01
4.686571171875000346e+02,-9.406550228811310888e+01
4.686574101562500232e+02,-9.377867458315536453e+01
4.686577031250000118e+02,-9.004286512611108151e+01
4.686579960937500005e+02,-1.094702122081745443e+02
4.686582890624999891e+02,-9.695232810635538101e+01
4.686585820312500346e+02,-9.171212046583985966e+01
4.686588750000000232e+02,-9.028490824881711774e+01
4.686591679687500118e+02,-1.057848438308753458e+02
4.686594609375000005e+02,-9.499336143239221997e+01
4.686597539062499891e+02,-9.073785447098575219e+01
4.686600468750000346e+02,-9.351301075948802577e+01
4.686603398437500232e+02,-1.050988800972802721e+02
4.686606328125000118e+02,-9.976339228448668450e+01
4.686609257812500005e+02,-1.006209992050961120e+02
4.686612187499999891e+02,-9.166528227828378306e+01
4.686615117187500346e+02,-9.557819882935299916e+01
4.686618046875000232e+02,-1.041634295608725438e+02
4.686620976562500118e+02,-9.074973456150021889e+01
4.686623906250000005e+02,-8.648977568551532613e+01
4.686626835937499891e+02,-8.936211238347721064e+01
4.686629765625000346e+02,-9.271732647310997777e+01
4.686632695312500232e+02,-9.026896673941821803e+01
4.686635625000000118e+02,-9.075804659287926768e+01
4.686638554687500005e+02,-8.684189430743337823e+01
4.686641484374999891e+02,-8.758366002925311022e+01
4.686644414062500346e+02,-8.810846117325071702e+01
4.686647343750000232e+02,-8.849875596341584583e+01
4.686650273437500118e+02,-9.381756878982213266e+01
4.686653203125000005e+02,-1.013460039865237547e+02
4.686656132812499891e+02,-9.600014987538955324e+01
4.686659062500000346e+02,-9.212026137432694384e+01
4.686661992187500232e+02,-9.360466137087875893e+01
4.686664921875000118e+02,-9.402339780076631826e+01
4.686667851562500005e+02,-9.960767650986589672e+01
4.686670781249999891e+02,-8.748346787991837914e+01
4.686673710937500346e+02,-9.092629855523489368e+01
4.686676640625000232e+02,-9.739773054011968156e+01
4.686679570312500118e+02,-9.223079983712837304e+01
4.686682500000000005e+02,-1.054944895013139217e+02
4.686685429687499891e+02,-9.478480758738457723e+01
4.686688359375000346e+02,-9.236050295407804356e+01
4.686691289062500232e+02,-9.328615959867333629e+01
4.686694218750000118e+02,-9.218750977410435610e+01
4.686697148437500005e+02,-9.055946437039963826e+01
4.686700078124999891e+02,-8.905494002023263533e+01
4.686703007812500346e+02,-8.786740369072974488e+01
4.686705937500000232e+02,-9.044376206165212295e+01
4.686708867187500118e+02,-9.256821514057281775e+01
4.686711796875000005e+02,-9.080927330403510211e+01
4.686714726562499891e+02,-8.904347484627803055e+01
4.686717656250000346e+02,-8.945233248642293233e+01
4.686720585937500232e+02,-1.057039929890489560e+02
4.686723515625000118e+02,-8.756535485955267006e+01
4.686726445312500005e+02,-9.387746089431644236e+01
4.686729374999999891e+02,-8.662392902458192623e+01
4.686732304687500346e+02,-8.404694447452493478e+01
4.686735234375000232e+02,-8.478215660579164137e+01
4.686738164062500118e+02,-9.159178707244743123e+01
4.686741093750000005e+02,-1.088343558635006758e+02
4.686744023437499891e+02,-9.987077016255652495e+01
4.686746953125000346e+02,-8.823642405446153703e+01
4.686749882812500232e+02,-8.457495924284798150e+01
4.686752812500000118e+02,-8.997544955511332887e+01
4.686755742187500005e+02,-8.748673872876095459e+01
4.686758671874999891e+02,-9.589899939101556470e+01
4.686761601562500346e+02,-8.757496921516576549e+01
4.686764531250000232e+02,-9.301983398366789402e+01
4.686767460937500118e+02,-9.490517260886889517e+01
4.686770390625000005e+02,-1.002244055424671103e+02
4.686773320312499891e+02,-8.554298861495162498e+01
4.686776250000000346e+02,-8.628979620216523472e+01
4.686779179687500232e+02,-8.974056371053262637e+01
4.686782109375000118e+02,-9.112830822186933233e+01
4.686785039062500005e+02,-9.158004450276740727e+01
4.686787968749999891e+02,-9.344965952271365950e+01
4.686790898437500346e+02,-1.031452336687287783e+02
4.686793828125000232e+02,-9.149728840292711141e+01
4.686796757812500118e+02,-9.340228559998779190e+01
4.686799687500000005e+02,-9.351646909972689059e+01
4.686802617187499891e+02,-9.398990237105130063e+01
4.686805546875000346e+02,-9.615247729814325339e+01
4.686808476562500232e+02,-9.148141175912033418e+01
4.686811406250000118e+02,-9.073023029658089911e+01
4.686814335937500005e+02,-9.399462226350307503e+01
4.686817265624999891e+02,-9.539303301238213351e+01
4.686820195312500346e+02,-9.073596630484499315e+01
4.686823125000000232e+02,-9.084337130195723375e+01
4.686826054687500118e+02,-9.568611929888960788e+01
4.686828984375000005e+02,-9.425031706647277474e+01
4.686831914062499891e+02,-9.322554267098598757e+01
4.686834843750000346e+02,-9.475239260728956481e+01
4.686837773437500232e+02,-9.619809210367583319e+01
4.686840703125000118e+02,-9.033792103186885925e+01
4.686843632812500005e+02,-9.371917680249987370e+01
4.686846562499999891e+02,-8.466974872100030325e+01
4.686849492187500346e+02,-8.467814706525351198e+01
4.686852421875000232e+02,-8.529732694870003229e+01
4.686855351562500118e+02,-8.348917078654152135e+01
4.686858281250000005e+02,-8.784612156823735063e+01
4.686861210937499891e+02,-9.256492647541280405e+01
4.686864140625000346e+02,-9.423241629245322315e+01
4.686867070312500232e+02,-9.457981091690558628e+01
4.686870000000000118e+02,-9.424609974877137120e+01
4.686872929687500005e+02,-9.070694181075856477e+01
4.686875859374999891e+02,-8.856815551473708581e+01
4.686878789062500346e+02,-9.515981092920092976e+01
4.686881718750000232e+02,-8.972758408303249666e+01
4.686884648437500118e+02,-8.841316287146456432e+01
4.686887578125000005e+02,-8.675650722311756624e+01
4.686890507812499891e+02,-8.705980838794258148e+01
4.686893437500000346e+02,-8.934448620784581863e+01
4.686896367187500232e+02,-8.739945054841705030e+01
4.686899296875000118e+02,-8.795405064797876094e+01
4.686902226562500005e+02,-8.380746778367536365e+01
4.686905156249999891e+02,-8.285540346162594005e+01
4.686908085937500346e+02,-8.246981526314131372e+01
4.686911015625000232e+02,-8.113861807775130330e+01
4.686913945312500118e+02,-8.411615812876270581e+01
4.686916875000000005e+02,-9.079765352800373535e+01
4.686919804687499891e+02,-9.464504914160781368e+01
4.686922734375000346e+02,-9.787289968240331461e+01
4.686925664062500232e+02,-8.627458399744483586e+01
4.686928593750000118e+02,-8.647423450295663372e+01
4.686931523437500005e+02,-8.592804562575558691e+01
4.686934453124999891e+02,-8.796487425590467524e+01
4.686937382812500346e+02,-8.974235637408381194e+01
4.686940312500000232e+02,-8.944692705853984194e+01
4.686943242187500118e+02,-9.107532917514492965e+01
4.686946171875000005e+02,-8.818719653522749979e+01
4.686949101562499891e+02,-1.085946730009298733e+02
4.686952031250000346e+02,-9.974813674121945439e+01
4.686954960937500232e+02,-9.508507366877323363e+01
4.686957890625000118e+02,-9.435545505192528992e+01
4.686960820312500005e+02,-8.952485445309844181e+01
4.686963749999999891e+02,-9.021129730348559406e+01
4.686966679687500346e+02,-9.118919646372370380e+01
4.686969609375000232e+02,-8.719204030130919136e+01
4.686972539062500118e+02,-9.057650399590130519e+01
4.686975468750000005e+02,-8.488607875543294767e+01
4.686978398437499891e+02,-8.245686485876152005e+01
4.686981328125000346e+02,-8.513624540324056511e+01
4.686984257812500232e+02,-8.586843240387435117e+01
4.686987187500000118e+02,-8.461643425211352110e+01
4.686990117187500005e+02,-9.213500364206061022e+01
4.686993046874999891e+02,-9.295997443902740542e+01
4.686995976562500346e+02,-9.204689844586337699e+01
4.686998906250000232e+02,-8.560792504734570230e+01
4.687001835937500118e+02,-8.699580049546483451e+01
4.687004765625000005e+02,-9.612724721658744897e+01
4.687007695312499891e+02,-9.644757296455635753e+01
4.687010625000000346e+02,-9.837701662290254490e+01
4.687013554687500232e+02,-9.440620398290009518e+01
4.687016484375000118e+02,-9.216064946655814083e+01
4.687019414062500005e+02,-9.180857004553119793e+01
4.687022343749999891e+02,-9.071430995429469135e+01
4.687025273437500346e+02,-8.508394338995566386e+01
4.687028203125000232e+02,-8.715420102479947673e+01
4.687031132812500118e+02,-9.540071875229881471e+01
4.687034062500000005e+02,-8.690226899542444983e+01
4.687036992187499891e+02,-8.744527476425304258e+01
4.687039921875000346e+02,-9.194047949548789234e+01
4.687042851562500232e+02,-9.601509054881532279e+01
4.687045781250000118e+02,-1.026219113938259113e+02
4.687048710937500005e+02,-1.015423140159049069e+02
4.687051640624999891e+02,-9.477369633479233357e+01
4.687054570312500346e+02,-8.830096493167546612e+01
4.687057500000000232e+02,-8.715131208123544582e+01
4.687060429687500118e+02,-9.050099663131450711e+01
4.687063359375000005e+02,-9.883001262831874101e+01
4.687066289062499891e+02,-9.353886723618796850e+01
4.687069218750000346e+02,-9.127839283567323037e+01
4.687072148437500232e+02,-9.579297098418622625e+01
4.687075078125000118e+02,-9.657521199577608684e+01
4.687078007812500005e+02,-9.087442825336587759e+01
4.687080937499999891e+02,-8.509329980015863271e+01
4.687083867187500346e+02,-8.759001120095709325e+01
4.687086796875000232e+02,-9.781701791216994479e+01
4.687089726562500118e+02,-8.942068903657228418e+01
4.687092656250000005e+02,-8.648019744866334690e+01
4.687095585937499891e+02,-8.686055278974210125e+01
4.687098515625000346e+02,-8.813023785797906839e+01
4.687101445312500232e+02,-8.960604355886428607e+01
4.687104375000000118e+02,-9.697596586732538526e+01
4.687107304687500005e+02,-9.228393623774789489e+01
4.687110234374999891e+02,-9.477862187907223301e+01
4.687113164062500346e+02,-9.713443730107066187e+01
4.687116093750000232e+02,-8.685376550351625724e+01
4.687119023437500118e+02,-8.713784037645254443e+01
4.687121953125000005e+02,-8.957437051787999849e+01
4.687124882812499891e+02,-9.789777180647843124e+01
4.687127812500000346e+02,-9.374428986371653139e+01
4.687130742187500232e+02,-1.001057035764313099e+02
4.687133671875000118e+02,-8.588774348591662999e+01
4.687136601562500005e+02,-8.634126958694571385e+01
4.687139531249999891e+02,-9.127033317414827707e+01
4.687142460937500346e+02,-8.878801752967351035e+01
4.687145390625000232e+02,-8.600513480386622689e+01
4.687148320312500118e+02,-8.588065151901898275e+01
4.687151250000000005e+02,-9.062509983784170231e+01
4.687154179687499891e+02,-9.756525653375531704e+01
4.687157109375000346e+02,-9.471595385091342223e+01
4.687160039062500232e+02,-9.291840636287037114e+01
4.687162968750000118e+02,-8.665900419586242265e+01
4.687165898437500005e+02,-8.476229628597258170e+01
4.687168828124999891e+02,-8.677705196048631819e+01
4.687171757812500346e+02,-8.990665326432605298e+01
4.687174687500000232e+02,-1.104672607966995912e+02
4.687177617187500118e+02,-8.874686985036552755e+01
4.687180546875000005e+02,-8.635986811155206055e+01
4.687183476562499891e+02,-9.814099438416954513e+01
4.687186406250000346e+02,-9.961335123430301053e+01
4.687189335937500232e+02,-9.030203412890801928e+01
4.687192265625000118e+02,-9.278174637394654667e+01
4.687195195312500005e+02,-9.005622836551663113e+01
4.687198124999999891e+02,-8.522824940246411529e+01
4.687201054687500346e+02,-8.493436452295836148e+01
4.687203984375000232e+02,-8.863358442028074080e+01
4.687206914062500118e+02,-9.484810078113461884e+01
4.687209843750000005e+02,-8.651013559370764483e+01
4.687212773437499891e+02,-8.635461417690727615e+01
4.687215703125000346e+02,-8.521888772405151258e+01
4.687218632812500232e+02,-8.290160610497594007e+01
4.687221562500000118e+02,-8.403049694061812147e+01
4.687224492187500005e+02,-8.680269051451637097e+01
4.687227421874999891e+02,-9.062099011603362442e+01
4.687230351562500346e+02,-9.436120555685661770e+01
4.687233281250000232e+02,-9.937805552691813205e+01
4.687236210937500118e+02,-9.135189237150591168e+01
4.687239140625000005e+02,-9.312912261381670476e+01
4.687242070312499891e+02,-9.451874642883478828e+01
4.687245000000000346e+02,-9.297006320058487461e+01
4.687247929687500232e+02,-9.119780944231192166e+01
4.687250859375000118e+02,-8.979571931562050224e+01
4.687253789062500005e+02,-8.898295419986041566e+01
4.687256718749999891e+02,-9.371511596587838255e+01
4.687259648437500346e+02,-9.325390093085765386e+01
4.687262578125000232e+02,-8.666506357492521317e+01
4.687265507812500118e+02,-8.762417676085379981e+01
4.687268437500000005e+02,-9.275175680652402832e+01
4.687271367187499891e+02,-9.786068065698167118e+01
4.687274296875000346e+02,-9.411278170119595643e+01
4.687277226562500232e+02,-9.545244551403516198e+01
4.687280156250000118e+02,-1.056705369630859792e+02
4.687283085937500005e+02,-9.299353536441223866e+01
4.687286015624999891e+02,-8.687279987528751235e+01
4.687288945312500346e+02,-9.302522694035707218e+01
4.687291875000000232e+02,-9.326479599859158043e+01
4.687294804687500118e+02,-9.808491531369162431e+01
4.687297734375000005e+02,-9.576031828093340437e+01
4.687300664062499891e+02,-8.960774118672307509e+01
4.687303593750000346e+02,-8.796683400774105621e+01
4.687306523437500232e+02,-9.268216029955925706e+01
4.687309453125000118e+02,-9.355516988453740623e+01
4.687312382812500005e+02,-9.092851069507808859e+01
4.687315312499999891e+02,-9.045068969656290392e+01
4.687318242187500346e+02,-8.493869701887899737e+01
4.687321171875000232e+02,-8.630721860211264129e+01
4.687324101562500118e+02,-8.787098500240148269e+01
4.687327031250000005e+02,-1.023139271226004325e+02
4.687329960937499891e+02,-8.492736884254263430e+01
4.687332890625000346e+02,-8.550751706650054018e+01
4.687335820312500232e+02,-9.243980935358266038e+01
4.687338750000000118e+02,-8.712987491168057375e+01
4.687341679687500005e+02,-8.507630054839768263e+01
4.687344609374999891e+02,-8.299815448315543165e+01
4.687347539062500346e+02,-8.490678316691287364e+01
4.687350468750000232e+02,-8.855960200461879595e+01
4.687353398437500118e+02,-8.417955256948195597e+01
4.687356328125000005e+02,-8.157340233769888016e+01
4.687359257812499891e+02,-9.081019112309286356e+01
4.687362187500000346e+02,-9.561023232240573577e+01
4.687365117187500232e+02,-8.922142923663143677e+01
4.687368046875000118e+02,-1.058663830718798238e+02
4.687370976562500005e+02,-9.346673547894775425e+01
4.687373906249999891e+02,-9.456544855125045501e+01
4.687376835937500346e+02,-9.200911131934076082e+01
4.687379765625000232e+02,-8.546361050063302400e+01
4.687382695312500118e+02,-8.952071320714424019e+01
4.687385625000000005e+02,-8.911303225268656547e+01
4.687388554687499891e+02,-9.168370967129833105e+01
4.687391484375000346e+02,-9.428000132410063827e+01
4.687394414062500232e+02,-9.048676145834505746e+01
4.687397343750000118e+02,-8.723063731663422971e+01
4.687400273437500005e+02,-9.404562670638102873e+01
4.687403203124999891e+02,-9.248342115267517727e+01
4.687406132812500346e+02,-9.069272345009608216e+01
4.687409062500000232e+02,-9.549807190873752916e+01
4.687411992187500118e+02,-8.808399370927608629e+01
4.687414921875000005e+02,-9.322537780467538937e+01
4.687417851562499891e+02,-9.178119413307604191e+01
4.687420781250000346e+02,-8.326106094014053838e+01
4.687423710937500232e+02,-8.212392594601834617e+01
4.687426640625000118e+02,-8.386645146776322690e+01
4.687429570312500005e+02,-8.554802171599908434e+01
4.687432499999999891e+02,-8.756719628322707649e+01
4.687435429687500346e+02,-8.711355866960238359e+01
4.687438359375000232e+02,-8.798309523995369830e+01
4.687441289062500118e+02,-9.204430192877603645e+01
4.687444218750000005e+02,-9.272075075499542152e+01
4.687447148437499891e+02,-8.805449544566712916e+01
4.687450078125000346e+02,-8.807925437238000654e+01
4.687453007812500232e+02,-8.962206060986416389e+01
4.687455937500000118e+02,-8.787590811246440126e+01
4.687458867187500005e+02,-8.402232382727341076e+01
4.687461796874999891e+02,-8.773919046162838242e+01
4.687464726562500346e+02,-1.030389185145845374e+02
4.687467656250000232e+02,-8.790957660633006299e+01
4.687470585937500118e+02,-8.891603125504333605e+01
4.687473515625000005e+02,-8.958316870337220905e+01
4.687476445312499891e+02,-9.034197310077770737e+01
4.687479375000000346e+02,-9.052840145880659861e+01
4.687482304687500232e+02,-9.072039512534598771e+01
4.687485234375000118e+02,-8.919379723687085004e+01
4.687488164062500005e+02,-9.782988828176220863e+01
4.687491093749999891e+02,-8.775781488197544888e+01
4.687494023437500346e+02,-1.002852006453274356e+02
4.687496953125000232e+02,-8.778115448737806048e+01
4.687499882812500118e+02,-9.329297742593000464e+01
4.687502812500000005e+02,-1.042982237214124552e+02
4.687505742187499891e+02,-9.634973040505988706e+01
4.687508671875000346e+02,-8.541804575150358403e+01
4.687511601562500232e+02,-8.260145400178996056e+01
4.687514531250000118e+02,-8.702898959061312212e+01
4.687517460937500005e+02,-9.285414134516241802e+01
4.687520390624999891e+02,-1.036772108238021559e+02
4.687523320312500346e+02,-9.250359526941343802e+01
4.687526250000000232e+02,-8.540759590207015606e+01
4.687529179687500118e+02,-8.739345722704513264e+01
4.687532109375000005e+02,-9.082211066439751335e+01
4.687535039062499891e+02,-9.126318053052777657e+01
4.687537968750000346e+02,-8.585570069359474132e+01
4.687540898437500232e+02,-8.776164093819460277e+01
4.687543828125000118e+02,-8.942484631685147178e+01
4.687546757812500005e+02,-8.840264012626631995e+01
4.687549687499999891e+02,-9.051560954830308958e+01
4.687552617187500346e+02,-8.902248791717963172e+01
4.687555546875000232e+02,-9.201356825207011525e+01
4.687558476562500118e+02,-8.927558007659213501e+01
4.687561406250000005e+02,-9.508837400007089968e+01
4.687564335937499891e+02,-9.633329686325056684e+01
4.687567265625000346e+02,-8.511744881431386034e+01
4.687570195312500232e+02,-8.315862319394314284e+01
4.687573125000000118e+02,-8.615316876559559489e+01
4.687576054687500005e+02,-9.217385066388914083e+01
4.687578984374999891e+02,-9.543254846014085047e+01
4.687581914062500346e+02,-9.323469986378523799e+01
4.687584843750000232e+02,-9.120824934592400268e+01
4.687587773437500118e+02,-8.669579042447162465e+01
4.687590703125000005e+02,-8.753580222903758568e+01
4.687593632812499891e+02,-8.580867989887060787e+01
4.687596562500000346e+02,-9.138353091340447065e+01
4.687599492187500232e+02,-8.827405379425772480e+01
4.687602421875000118e+02,-8.996964958517359889e+01
4.687605351562500005e+02,-9.917447846083962304e+01
4.687608281249999891e+02,-9.300678477301067915e+01
4.687611210937500346e+02,-9.278820367369753797e+01
4.687614140625000232e+02,-8.577207745140904649e+01
4.687617070312500118e+02,-8.587237296066197700e+01
