Frequency_MHz,Power_dBHz
4.663620000000000232e+02,-8.437570156746210159e+01
4.663622929687500118e+02,-8.478298763570899155e+01
4.663625859375000005e+02,-8.449517497563208224e+01
4.663628789062499891e+02,-8.398015073050926560e+01
4.663631718750000346e+02,-8.344795467848861392e+01
4.663634648437500232e+02,-8.444697929860882368e+01
4.663637578125000118e+02,-9.342011803179252638e+01
4.663640507812500005e+02,-9.288185664710228195e+01
4.663643437499999891e+02,-9.156374604747315971e+01
4.663646367187500346e+02,-8.668123517295137503e+01
4.663649296875000232e+02,-8.933019431536163779e+01
4.663652226562500118e+02,-9.348688037305416287e+01
4.663655156250000005e+02,-1.072975611401989795e+02
4.663658085937499891e+02,-1.016604984619596337e+02
4.663661015625000346e+02,-1.008334280687405169e+02
4.663663945312500232e+02,-9.619346887304641314e+01
4.663666875000000118e+02,-9.757351868045128640e+01
4.663669804687500005e+02,-9.090230720304450074e+01
4.663672734374999891e+02,-9.891098174351286332e+01
4.663675664062500346e+02,-8.590311655811895264e+01
4.663678593750000232e+02,-8.687162916016194458e+01
4.663681523437500118e+02,-1.003299935032553236e+02
4.663684453125000005e+02,-9.341122065231205340e+01
4.663687382812499891e+02,-9.610460805063972600e+01
4.663690312500000346e+02,-8.825817267989515358e+01
4.663693242187500232e+02,-8.563962492245856595e+01
4.663696171875000118e+02,-8.624748065264904540e+01
4.663699101562500005e+02,-8.596144946591877556e+01
4.663702031249999891e+02,-8.721855790162400979e+01
4.663704960937500346e+02,-9.967701896702594411e+01
4.663707890625000232e+02,-8.736690454625679081e+01
4.663710820312500118e+02,-9.111371752490514098e+01
4.663713750000000005e+02,-9.628494571217588316e+01
4.663716679687499891e+02,-9.379101780047238890e+01
4.663719609375000346e+02,-9.867968527787948574e+01
4.663722539062500232e+02,-8.810970224792229999e+01
4.663725468750000118e+02,-8.883491927940481503e+01
4.663728398437500005e+02,-9.561897678419688873e+01
4.663731328124999891e+02,-8.757271539038045205e+01
4.663734257812500346e+02,-8.699908083807952153e+01
4.663737187500000232e+02,-8.900308513543743061e+01
4.663740117187500118e+02,-9.116026622991256545e+01
4.663743046875000005e+02,-1.027357487779480749e+02
4.663745976562499891e+02,-8.914300539401416756e+01
4.663748906250000346e+02,-8.567272495165909163e+01
4.663751835937500232e+02,-9.722072989587550751e+01
4.663754765625000118e+02,-9.399374746943165349e+01
4.663757695312500005e+02,-9.223402997585566254e+01
4.663760624999999891e+02,-8.753488606816766548e+01
4.663763554687500346e+02,-9.354312811076057699e+01
4.663766484375000232e+02,-8.211398522836233838e+01
4.663769414062500118e+02,-8.267613046061499915e+01
4.663772343750000005e+02,-8.646541298947509802e+01
4.663775273437499891e+02,-8.929570756473113136e+01
4.663778203125000346e+02,-1.001517795882593020e+02
4.663781132812500232e+02,-9.337390903135721487e+01
4.663784062500000118e+02,-9.925479021554880887e+01
4.663786992187500005e+02,-9.599755087689831612e+01
4.663789921874999891e+02,-9.261030065962873437e+01
4.663792851562500346e+02,-8.669941367931436105e+01
4.663795781250000232e+02,-8.600404813044218599e+01
4.663798710937500118e+02,-8.719081287517924750e+01
4.663801640625000005e+02,-8.796401881965402936e+01
4.663804570312499891e+02,-9.007876608327549661e+01
4.663807500000000346e+02,-1.046228366913045988e+02
4.663810429687500232e+02,-1.066872374685864457e+02
4.663813359375000118e+02,-9.996071461849824402e+01
4.663816289062500005e+02,-8.645980880178618122e+01
4.663819218749999891e+02,-9.111864109159199643e+01
4.663822148437500346e+02,-8.904015212486871178e+01
4.663825078125000232e+02,-9.010722203586749401e+01
4.663828007812500118e+02,-8.430381947514979402e+01
4.663830937500000005e+02,-8.725161223373473263e+01
4.663833867187499891e+02,-9.011868879890079143e+01
4.663836796875000346e+02,-9.322739214877630332e+01
4.663839726562500232e+02,-9.184925853525595585e+01
4.663842656250000118e+02,-9.184311778478418375e+01
4.663845585937500005e+02,-1.071937721376283150e+02
4.663848515624999891e+02,-8.670817891716923498e+01
4.663851445312500346e+02,-9.395846241127243559e+01
4.663854375000000232e+02,-8.721654594697088214e+01
4.663857304687500118e+02,-8.693781541096413434e+01
4.663860234375000005e+02,-8.910711060459048838e+01
4.663863164062499891e+02,-9.268270220446066787e+01
4.663866093750000346e+02,-9.654009572929584237e+01
4.663869023437500232e+02,-8.621915735241942969e+01
4.663871953125000118e+02,-8.452061066424276703e+01
4.663874882812500005e+02,-8.452353477092438538e+01
4.663877812499999891e+02,-9.197999257255666805e+01
4.663880742187500346e+02,-9.925317839020274846e+01
4.663883671875000232e+02,-9.578401394580055239e+01
4.663886601562500118e+02,-8.756988461019398073e+01
4.663889531250000005e+02,-8.793726843214918176e+01
4.663892460937499891e+02,-8.691812852089211106e+01
4.663895390625000346e+02,-8.652194225546716666e+01
4.663898320312500232e+02,-9.071633415118725452e+01
4.663901250000000118e+02,-1.103026501946767866e+02
4.663904179687500005e+02,-9.019395629769937273e+01
4.663907109374999891e+02,-9.932852888630834798e+01
4.663910039062500346e+02,-9.077680733494580068e+01
4.663912968750000232e+02,-9.930952282285491606e+01
4.663915898437500118e+02,-8.734359159699067732e+01
4.663918828125000005e+02,-8.513451561025203773e+01
4.663921757812499891e+02,-8.283833200517931061e+01
4.663924687500000346e+02,-8.763099455653970438e+01
4.663927617187500232e+02,-1.016001539844493919e+02
4.663930546875000118e+02,-9.149611619671728135e+01
4.663933476562500005e+02,-8.740727574203580730e+01
4.663936406249999891e+02,-9.803596961348317507e+01
4.663939335937500346e+02,-8.898142146193092117e+01
4.663942265625000232e+02,-8.238335342100126013e+01
4.663945195312500118e+02,-8.994451165886391664e+01
4.663948125000000005e+02,-9.372999043784662376e+01
4.663951054687499891e+02,-9.047477455308451511e+01
4.663953984375000346e+02,-9.515531936822250714e+01
4.663956914062500232e+02,-9.515530285566592283e+01
4.663959843750000118e+02,-9.265704552081339784e+01
4.663962773437500005e+02,-8.505499714417763357e+01
4.663965703124999891e+02,-9.513887023585672864e+01
4.663968632812500346e+02,-8.732761110500229051e+01
4.663971562500000232e+02,-1.030434142838990255e+02
4.663974492187500118e+02,-9.257142094896386197e+01
4.663977421875000005e+02,-9.160126147252148598e+01
4.663980351562499891e+02,-9.025305689003361920e+01
4.663983281250000346e+02,-9.088018600867795271e+01
4.663986210937500232e+02,-8.171786038535086050e+01
4.663989140625000118e+02,-8.544250485384895910e+01
4.663992070312500005e+02,-1.008979961066316662e+02
4.663994999999999891e+02,-9.088443963710963658e+01
4.663997929687500346e+02,-9.004409704647122226e+01
4.664000859375000232e+02,-9.162400138339336308e+01
4.664003789062500118e+02,-9.875511825912937525e+01
4.664006718750000005e+02,-1.161309797254396017e+02
4.664009648437499891e+02,-9.506730703281786532e+01
4.664012578125000346e+02,-1.017846048325570365e+02
4.664015507812500232e+02,-8.966399344996155207e+01
4.664018437500000118e+02,-9.127420952881045935e+01
4.664021367187500005e+02,-8.919561617473451065e+01
4.664024296874999891e+02,-8.669627318534861615e+01
4.664027226562500346e+02,-9.530675348985369055e+01
4.664030156250000232e+02,-9.265289476359696152e+01
4.664033085937500118e+02,-8.853274098286375704e+01
4.664036015625000005e+02,-8.797067157780745106e+01
4.664038945312499891e+02,-9.589853847942934806e+01
4.664041875000000346e+02,-9.342437413249010092e+01
4.664044804687500232e+02,-9.338472212818015805e+01
4.664047734375000118e+02,-8.620053971985500141e+01
4.664050664062500005e+02,-8.955062782652143483e+01
4.664053593749999891e+02,-9.766401937522326193e+01
4.664056523437500346e+02,-9.149941201033215066e+01
4.664059453125000232e+02,-1.031271926329458211e+02
4.664062382812500118e+02,-9.944023860292534778e+01
4.664065312500000005e+02,-8.487485630417408800e+01
4.664068242187499891e+02,-8.458497039078031321e+01
4.664071171875000346e+02,-8.924543809065119149e+01
4.664074101562500232e+02,-8.728189277476931807e+01
4.664077031250000118e+02,-9.647740192424038241e+01
4.664079960937500005e+02,-8.987477436662202024e+01
4.664082890624999891e+02,-8.538864479261627594e+01
4.664085820312500346e+02,-9.276865631653649302e+01
4.664088750000000232e+02,-8.784116265776425792e+01
4.664091679687500118e+02,-8.731303361271361041e+01
4.664094609375000005e+02,-8.977861529555711684e+01
4.664097539062499891e+02,-8.742991617526600123e+01
4.664100468750000346e+02,-8.750642777619262347e+01
4.664103398437500232e+02,-8.371160134438488853e+01
4.664106328125000118e+02,-9.090932590180572959e+01
4.664109257812500005e+02,-9.135300892593916444e+01
4.664112187499999891e+02,-9.519561333931179092e+01
4.664115117187500346e+02,-9.734014335780996419e+01
4.664118046875000232e+02,-9.708539884066684067e+01
4.664120976562500118e+02,-9.221267756628590462e+01
4.664123906250000005e+02,-1.069100633429335971e+02
4.664126835937499891e+02,-9.547207333868209389e+01
4.664129765625000346e+02,-1.010309352375512901e+02
4.664132695312500232e+02,-9.247342208354430682e+01
4.664135625000000118e+02,-8.808971765536567489e+01
4.664138554687500005e+02,-8.804553081788375835e+01
4.664141484374999891e+02,-8.984187626044871422e+01
4.664144414062500346e+02,-9.417921445964790905e+01
4.664147343750000232e+02,-8.652561695648678608e+01
4.664150273437500118e+02,-8.809683744594741484e+01
4.664153203125000005e+02,-8.834383404640169601e+01
4.664156132812499891e+02,-8.900630701177266246e+01
4.664159062500000346e+02,-8.972001765010770669e+01
4.664161992187500232e+02,-9.341670725383167451e+01
4.664164921875000118e+02,-9.841868641803480955e+01
4.664167851562500005e+02,-9.272894742971134008e+01
4.664170781249999891e+02,-8.662797441780767826e+01
4.664173710937500346e+02,-9.101510809903959398e+01
4.664176640625000232e+02,-1.030407149575360393e+02
4.664179570312500118e+02,-9.032786082411261930e+01
4.664182500000000005e+02,-9.456853971891007404e+01
4.664185429687499891e+02,-9.416166110492568464e+01
4.664188359375000346e+02,-9.309954607364306867e+01
4.664191289062500232e+02,-9.575222512733427038e+01
4.664194218750000118e+02,-9.137011318125192361e+01
4.664197148437500005e+02,-8.416654206318449383e+01
4.664200078124999891e+02,-8.628287657194933047e+01
4.664203007812500346e+02,-8.543541676771049254e+01
4.664205937500000232e+02,-8.982711749245157762e+01
4.664208867187500118e+02,-9.031738999495756559e+01
4.664211796875000005e+02,-8.792193695036908707e+01
4.664214726562499891e+02,-8.310541985876724880e+01
4.664217656250000346e+02,-8.849504573342426283e+01
4.664220585937500232e+02,-1.002760467799678850e+02
4.664223515625000118e+02,-1.009016416365704174e+02
4.664226445312500005e+02,-8.542020489766883884e+01
4.664229374999999891e+02,-8.092482423046379836e+01
4.664232304687500346e+02,-8.565928099263027207e+01
4.664235234375000232e+02,-8.391014892791388036e+01
4.664238164062500118e+02,-9.838470841553045432e+01
4.664241093750000005e+02,-8.532988825142479072e+01
4.664244023437499891e+02,-8.468869235841678744e+01
4.664246953125000346e+02,-8.387374202004548351e+01
4.664249882812500232e+02,-8.688314072020141055e+01
4.664252812500000118e+02,-9.120351681400128996e+01
4.664255742187500005e+02,-9.124617689326331060e+01
4.664258671874999891e+02,-8.080210902475018031e+01
4.664261601562500346e+02,-8.436446980228197390e+01
4.664264531250000232e+02,-9.186896806488903167e+01
4.664267460937500118e+02,-8.519690969741098741e+01
4.664270390625000005e+02,-8.601252859751272695e+01
4.664273320312499891e+02,-8.863882148053208709e+01
4.664276250000000346e+02,-8.559242887032365843e+01
4.664279179687500232e+02,-9.937682669530423141e+01
4.664282109375000118e+02,-9.710969098186232884e+01
4.664285039062500005e+02,-9.120808211941680099e+01
4.664287968749999891e+02,-9.166076526061618779e+01
4.664290898437500346e+02,-9.916134017406145063e+01
4.664293828125000232e+02,-9.067109512105629676e+01
4.664296757812500118e+02,-8.238806876651524647e+01
4.664299687500000005e+02,-8.933762434422675369e+01
4.664302617187499891e+02,-8.444856715624494825e+01
4.664305546875000346e+02,-8.246983550041740330e+01
4.664308476562500232e+02,-8.872925356588338275e+01
4.664311406250000118e+02,-8.834665118684172569e+01
4.664314335937500005e+02,-8.665251934609915452e+01
4.664317265624999891e+02,-8.513142906974452728e+01
4.664320195312500346e+02,-8.323241086499740504e+01
4.664323125000000232e+02,-8.598119675844432663e+01
4.664326054687500118e+02,-8.783553697822969752e+01
4.664328984375000005e+02,-9.169914471711172155e+01
4.664331914062499891e+02,-9.802354099646046848e+01
4.664334843750000346e+02,-9.070162324422815914e+01
4.664337773437500232e+02,-9.342872488478815285e+01
4.664340703125000118e+02,-9.483695362420178299e+01
4.664343632812500005e+02,-8.727511675495270538e+01
4.664346562499999891e+02,-9.500196874048495488e+01
4.664349492187500346e+02,-9.472943830971878754e+01
4.664352421875000232e+02,-8.777768235373417838e+01
4.664355351562500118e+02,-8.766923934146007014e+01
4.664358281250000005e+02,-8.421952957080515034e+01
4.664361210937499891e+02,-8.307956326994123231e+01
4.664364140625000346e+02,-9.558048627037180722e+01
4.664367070312500232e+02,-8.636457994617663303e+01
4.664370000000000118e+02,-8.884102592494478756e+01
4.664372929687500005e+02,-8.284376499236915947e+01
4.664375859374999891e+02,-8.472692709172764580e+01
4.664378789062500346e+02,-8.627805840021244421e+01
4.664381718750000232e+02,-8.406362485932619677e+01
4.664384648437500118e+02,-8.677925990934723188e+01
4.664387578125000005e+02,-1.016509408308930063e+02
4.664390507812499891e+02,-9.226832038988118256e+01
4.664393437500000346e+02,-8.495076671870124585e+01
4.664396367187500232e+02,-8.443846786299440055e+01
4.664399296875000118e+02,-8.898878860889823272e+01
4.664402226562500005e+02,-8.923311675239936847e+01
4.664405156249999891e+02,-1.033404280563262176e+02
4.664408085937500346e+02,-8.991722952879726449e+01
4.664411015625000232e+02,-9.399116460991983502e+01
4.664413945312500118e+02,-9.092790747047504851e+01
4.664416875000000005e+02,-8.743040489683562555e+01
4.664419804687499891e+02,-8.932618977812767014e+01
4.664422734375000346e+02,-8.765305132768378371e+01
4.664425664062500232e+02,-9.002861682828634571e+01
4.664428593750000118e+02,-8.256054561506245193e+01
4.664431523437500005e+02,-8.197218967694232106e+01
4.664434453124999891e+02,-9.037024202238823989e+01
4.664437382812500346e+02,-8.880076159988455231e+01
4.664440312500000232e+02,-8.931643498351772337e+01
4.664443242187500118e+02,-8.700088118802588610e+01
4.664446171875000005e+02,-9.066103752327067866e+01
4.664449101562499891e+02,-8.844270159756024441e+01
4.664452031250000346e+02,-9.189370461896416487e+01
4.664454960937500232e+02,-9.289764603769272355e+01
4.664457890625000118e+02,-9.032240612213962550e+01
4.664460820312500005e+02,-8.682629412077332631e+01
4.664463749999999891e+02,-1.006360142222639098e+02
4.664466679687500346e+02,-9.120272034599634026e+01
4.664469609375000232e+02,-8.575629712116341352e+01
4.664472539062500118e+02,-9.194752539420866810e+01
4.664475468750000005e+02,-9.146768568890993834e+01
4.664478398437499891e+02,-8.722445354707984677e+01
4.664481328125000346e+02,-8.484204040780328171e+01
4.664484257812500232e+02,-8.625646815861452410e+01
4.664487187500000118e+02,-8.680136583017039698e+01
4.664490117187500005e+02,-8.424971617714996341e+01
4.664493046874999891e+02,-8.124126258042440440e+01
4.664495976562500346e+02,-9.212323256545846561e+01
4.664498906250000232e+02,-8.945347282929077437e+01
4.664501835937500118e+02,-8.499633491273229424e+01
4.664504765625000005e+02,-8.165008096013464467e+01
4.664507695312499891e+02,-8.451163735897962681e+01
4.664510625000000346e+02,-8.613764902352568242e+01
4.664513554687500232e+02,-8.820506231733831726e+01
4.664516484375000118e+02,-9.761125626242359488e+01
4.664519414062500005e+02,-9.135988202778204936e+01
4.664522343749999891e+02,-8.461511521220337784e+01
4.664525273437500346e+02,-8.796425710187432401e+01
4.664528203125000232e+02,-8.853184211872431320e+01
4.664531132812500118e+02,-9.109047175471354763e+01
4.664534062500000005e+02,-9.257093869903691541e+01
4.664536992187499891e+02,-8.793495540122712839e+01
4.664539921875000346e+02,-8.685753388971667732e+01
4.664542851562500232e+02,-8.695020512112498068e+01
4.664545781250000118e+02,-9.604666006496545094e+01
4.664548710937500005e+02,-9.541872894771422864e+01
4.664551640624999891e+02,-8.397164470475900089e+01
4.664554570312500346e+02,-8.247485815231640061e+01
4.664557500000000232e+02,-8.804056083399865429e+01
4.664560429687500118e+02,-9.159955879253038802e+01
4.664563359375000005e+02,-8.841940402123586296e+01
4.664566289062499891e+02,-9.832411533605727527e+01
4.664569218750000346e+02,-9.511280107614398105e+01
4.664572148437500232e+02,-9.180284090565983490e+01
4.664575078125000118e+02,-9.091060554846217201e+01
4.664578007812500005e+02,-9.163793875509981035e+01
4.664580937499999891e+02,-9.028211943567241349e+01
4.664583867187500346e+02,-9.350817573172312791e+01
4.664586796875000232e+02,-9.639208992706187473e+01
4.664589726562500118e+02,-8.808797531293717498e+01
4.664592656250000005e+02,-8.645059605813054304e+01
4.664595585937499891e+02,-8.893828253364230818e+01
4.664598515625000346e+02,-9.260373137053777270e+01
4.664601445312500232e+02,-9.200830875951668020e+01
4.664604375000000118e+02,-8.902897142735659486e+01
4.664607304687500005e+02,-9.220650453661606605e+01
4.664610234374999891e+02,-9.361096787946804909e+01
4.664613164062500346e+02,-8.702195030831285294e+01
4.664616093750000232e+02,-8.407142085020129230e+01
4.664619023437500118e+02,-9.847605361917230482e+01
4.664621953125000005e+02,-8.620925059924367417e+01
4.664624882812499891e+02,-9.088724445101256322e+01
4.664627812500000346e+02,-9.068144862256323790e+01
4.664630742187500232e+02,-8.634399221889549381e+01
4.664633671875000118e+02,-8.637433465363443474e+01
4.664636601562500005e+02,-9.082798340785296887e+01
4.664639531249999891e+02,-9.444181404491295950e+01
4.664642460937500346e+02,-8.955385716933290041e+01
4.664645390625000232e+02,-8.371635986512637828e+01
4.664648320312500118e+02,-9.036872964765663596e+01
4.664651250000000005e+02,-9.031138005041576378e+01
4.664654179687499891e+02,-8.445026162619818422e+01
4.664657109375000346e+02,-8.159183270664776444e+01
4.664660039062500232e+02,-8.211280059598878722e+01
4.664662968750000118e+02,-8.685768678991993852e+01
4.664665898437500005e+02,-8.486540188995661538e+01
4.664668828124999891e+02,-9.690810537405386071e+01
4.664671757812500346e+02,-1.046549696995341350e+02
4.664674687500000232e+02,-1.040209132799566873e+02
4.664677617187500118e+02,-9.138675376416716745e+01
4.664680546875000005e+02,-8.945646387050916815e+01
4.664683476562499891e+02,-8.093521437720841050e+01
4.664686406250000346e+02,-7.853527577957495964e+01
4.664689335937500232e+02,-8.326429512145912781e+01
4.664692265625000118e+02,-8.866628043698145234e+01
4.664695195312500005e+02,-9.696260891294400608e+01
4.664698124999999891e+02,-8.615138464991608203e+01
4.664701054687500346e+02,-8.711758783161815245e+01
4.664703984375000232e+02,-8.894663749283563448e+01
4.664706914062500118e+02,-8.628072787008440514e+01
4.664709843750000005e+02,-8.615218872752464563e+01
4.664712773437499891e+02,-8.874726231175873181e+01
4.664715703125000346e+02,-8.799481826994255584e+01
4.664718632812500232e+02,-9.260625220602163665e+01
4.664721562500000118e+02,-9.582489952431325264e+01
4.664724492187500005e+02,-8.716301127299044538e+01
4.664727421874999891e+02,-8.032490078445931658e+01
4.664730351562500346e+02,-8.398459749196562996e+01
4.664733281250000232e+02,-9.431066613419761779e+01
4.664736210937500118e+02,-9.089426524772034099e+01
4.664739140625000005e+02,-8.569527667838956120e+01
4.664742070312499891e+02,-8.995394716874935170e+01
4.664745000000000346e+02,-8.686393136534266546e+01
4.664747929687500232e+02,-8.375587881293255066e+01
4.664750859375000118e+02,-8.392233991186772357e+01
4.664753789062500005e+02,-8.876623929054277085e+01
4.664756718749999891e+02,-9.735263393110102470e+01
4.664759648437500346e+02,-9.301585281416477358e+01
4.664762578125000232e+02,-9.541583348074956916e+01
4.664765507812500118e+02,-8.700341270292732077e+01
4.664768437500000005e+02,-8.959468613859556285e+01
4.664771367187499891e+02,-9.329734820458811839e+01
4.664774296875000346e+02,-9.027189640614891175e+01
4.664777226562500232e+02,-8.821126622687893359e+01
4.664780156250000118e+02,-9.697668383973601181e+01
4.664783085937500005e+02,-8.825310318857711422e+01
4.664786015624999891e+02,-9.712624475603112728e+01
4.664788945312500346e+02,-8.789945639813426226e+01
4.664791875000000232e+02,-8.749775119278936586e+01
4.664794804687500118e+02,-8.836186187817581583e+01
4.664797734375000005e+02,-9.127385804960158566e+01
4.664800664062499891e+02,-9.772593479514556236e+01
4.664803593750000346e+02,-9.311511786782543254e+01
4.664806523437500232e+02,-8.735673475775102759e+01
4.664809453125000118e+02,-9.072180638371423811e+01
4.664812382812500005e+02,-8.541402719861420678e+01
4.664815312499999891e+02,-8.485274417434854399e+01
4.664818242187500346e+02,-9.475437133748962992e+01
4.664821171875000232e+02,-8.349311087310746871e+01
4.664824101562500118e+02,-8.354830775173954294e+01
4.664827031250000005e+02,-8.990212010436414403e+01
4.664829960937499891e+02,-8.700624455611213648e+01
4.664832890625000346e+02,-8.413155544395002039e+01
4.664835820312500232e+02,-8.622367264924589847e+01
4.664838750000000118e+02,-9.417078951706625389e+01
4.664841679687500005e+02,-1.011442326604592381e+02
4.664844609374999891e+02,-8.720665490938412745e+01
4.664847539062500346e+02,-8.708220482479268298e+01
4.664850468750000232e+02,-8.811302786596510828e+01
4.664853398437500118e+02,-8.906306660641986639e+01
4.664856328125000005e+02,-9.396675003518892311e+01
4.664859257812499891e+02,-9.774291933239608454e+01
4.664862187500000346e+02,-8.547959777814996585e+01
4.664865117187500232e+02,-8.658404896770647952e+01
4.664868046875000118e+02,-8.937431282445183456e+01
4.664870976562500005e+02,-8.519825927015392608e+01
4.664873906249999891e+02,-9.061692372604211698e+01
4.664876835937500346e+02,-8.827809910135782445e+01
4.664879765625000232e+02,-8.537633146162454523e+01
4.664882695312500118e+02,-8.276744110338121629e+01
4.664885625000000005e+02,-8.950123740552335505e+01
4.664888554687499891e+02,-9.309124178975848452e+01
4.664891484375000346e+02,-8.531579009240898870e+01
4.664894414062500232e+02,-9.103204487900823949e+01
4.664897343750000118e+02,-1.059945110361761778e+02
4.664900273437500005e+02,-9.043875006888274015e+01
4.664903203124999891e+02,-8.618015059510548781e+01
4.664906132812500346e+02,-8.797065117079883123e+01
4.664909062500000232e+02,-9.070170317196618726e+01
4.664911992187500118e+02,-8.685311575537761541e+01
4.664914921875000005e+02,-8.392853237581702786e+01
4.664917851562499891e+02,-9.429225183181422665e+01
4.664920781250000346e+02,-8.581646941787502669e+01
4.664923710937500232e+02,-8.416618339408088900e+01
4.664926640625000118e+02,-8.186266741410308612e+01
4.664929570312500005e+02,-8.077478363505436221e+01
4.664932499999999891e+02,-8.645842745423922793e+01
4.664935429687500346e+02,-8.446223434054509482e+01
4.664938359375000232e+02,-8.870128251179197321e+01
4.664941289062500118e+02,-8.631257144339714671e+01
4.664944218750000005e+02,-8.957799342118573804e+01
4.664947148437499891e+02,-9.205156317028558988e+01
4.664950078125000346e+02,-9.289392634852643482e+01
4.664953007812500232e+02,-8.310042381819962998e+01
4.664955937500000118e+02,-8.448607406690895516e+01
4.664958867187500005e+02,-8.657606095785921241e+01
4.664961796874999891e+02,-9.285404165513929797e+01
4.664964726562500346e+02,-9.696404969906879501e+01
4.664967656250000232e+02,-1.081872887813618576e+02
4.664970585937500118e+02,-8.725225665592218149e+01
4.664973515625000005e+02,-9.116566083182368629e+01
4.664976445312499891e+02,-9.126956475366029053e+01
4.664979375000000346e+02,-9.185741216771074846e+01
4.664982304687500232e+02,-9.380738902988818495e+01
4.664985234375000118e+02,-9.123761600210531242e+01
4.664988164062500005e+02,-8.731556453842355836e+01
4.664991093749999891e+02,-8.275784584164156854e+01
4.664994023437500346e+02,-8.317471898255156759e+01
4.664996953125000232e+02,-8.260876592049937983e+01
4.664999882812500118e+02,-8.783703453276545758e+01
4.665002812500000005e+02,-8.945865787287230830e+01
4.665005742187499891e+02,-8.862362418145278298e+01
4.665008671875000346e+02,-9.297363145173720511e+01
4.665011601562500232e+02,-1.051716679022503911e+02
4.665014531250000118e+02,-9.517418461288002618e+01
4.665017460937500005e+02,-9.228430072777312887e+01
4.665020390624999891e+02,-9.403141549910948527e+01
4.665023320312500346e+02,-8.774547490452304999e+01
4.665026250000000232e+02,-9.043660387637473264e+01
4.665029179687500118e+02,-9.107262845265253759e+01
4.665032109375000005e+02,-8.998320542580907500e+01
4.665035039062499891e+02,-1.048738259193419253e+02
4.665037968750000346e+02,-9.484687915544058967e+01
4.665040898437500232e+02,-8.691946179207818091e+01
4.665043828125000118e+02,-8.637661183615684024e+01
4.665046757812500005e+02,-9.055976882596527844e+01
4.665049687499999891e+02,-9.493970216941470142e+01
4.665052617187500346e+02,-8.533407433045462653e+01
4.665055546875000232e+02,-8.315790572451359708e+01
4.665058476562500118e+02,-8.489226565459620133e+01
4.665061406250000005e+02,-9.447839879491503723e+01
4.665064335937499891e+02,-8.967925504175006779e+01
4.665067265625000346e+02,-9.365796838287459991e+01
4.665070195312500232e+02,-9.949388102203016615e+01
4.665073125000000118e+02,-9.255159755329444238e+01
4.665076054687500005e+02,-9.497833300135707191e+01
4.665078984374999891e+02,-9.026970938877846606e+01
4.665081914062500346e+02,-9.271267920921744121e+01
4.665084843750000232e+02,-9.066171519728916905e+01
4.665087773437500118e+02,-9.229169179496368258e+01
4.665090703125000005e+02,-9.116625591438526044e+01
4.665093632812499891e+02,-8.640453528504183112e+01
4.665096562500000346e+02,-8.256743219583994176e+01
4.665099492187500232e+02,-9.256645147798647599e+01
4.665102421875000118e+02,-8.868419451213418370e+01
4.665105351562500005e+02,-9.108777635955236462e+01
4.665108281249999891e+02,-8.527968921366891664e+01
4.665111210937500346e+02,-8.956555753854004820e+01
4.665114140625000232e+02,-8.945826245238245633e+01
4.665117070312500118e+02,-8.689675450698865689e+01
4.665120000000000005e+02,-9.199062963749238975e+01
4.665122929687499891e+02,-9.037653178130003084e+01
4.665125859375000346e+02,-8.501634958849811596e+01
4.665128789062500232e+02,-8.757517816485142248e+01
4.665131718750000118e+02,-1.013501722447238365e+02
4.665134648437500005e+02,-9.971194797667760668e+01
4.665137578124999891e+02,-8.864684002996831680e+01
4.665140507812500346e+02,-8.529965552910528004e+01
4.665143437500000232e+02,-8.985775465754683466e+01
4.665146367187500118e+02,-8.877940889800761681e+01
4.665149296875000005e+02,-8.328910074229808913e+01
4.665152226562499891e+02,-8.322607839609568714e+01
4.665155156250000346e+02,-8.916735639809087388e+01
4.665158085937500232e+02,-8.438143044787686620e+01
4.665161015625000118e+02,-8.288904252370107884e+01
4.665163945312500005e+02,-8.512374937438920597e+01
4.665166874999999891e+02,-8.647582584614005441e+01
4.665169804687500346e+02,-9.190559180928235605e+01
4.665172734375000232e+02,-8.466951044048860808e+01
4.665175664062500118e+02,-9.020659503247159705e+01
4.665178593750000005e+02,-9.874184678396227355e+01
4.665181523437499891e+02,-9.620263400423175426e+01
4.665184453125000346e+02,-9.975158432080112902e+01
4.665187382812500232e+02,-9.832668004835517195e+01
4.665190312500000118e+02,-9.318706584478300670e+01
4.665193242187500005e+02,-1.037901013942530568e+02
4.665196171874999891e+02,-9.402660208175578305e+01
4.665199101562500346e+02,-9.476495183412959022e+01
4.665202031250000232e+02,-9.139332046655681552e+01
4.665204960937500118e+02,-9.736623936394622092e+01
4.665207890625000005e+02,-9.088033565426366067e+01
4.665210820312499891e+02,-9.680889546260834777e+01
4.665213750000000346e+02,-8.896533461769013229e+01
4.665216679687500232e+02,-8.977198439843922984e+01
4.665219609375000118e+02,-9.045297459961213349e+01
4.665222539062500005e+02,-9.187321456742725445e+01
4.665225468749999891e+02,-9.638245556078769027e+01
4.665228398437500346e+02,-9.236661567468756573e+01
4.665231328125000232e+02,-9.129033060351234496e+01
4.665234257812500118e+02,-8.472224669229150606e+01
4.665237187500000005e+02,-8.765847231795417827e+01
4.665240117187499891e+02,-8.634756697314065832e+01
4.665243046875000346e+02,-9.182984596673308886e+01
4.665245976562500232e+02,-8.742391493794825408e+01
4.665248906250000118e+02,-9.118138679475565311e+01
4.665251835937500005e+02,-9.071540784296429649e+01
4.665254765624999891e+02,-9.429139242990163439e+01
4.665257695312500346e+02,-9.334779988308301313e+01
4.665260625000000232e+02,-9.402624076352259408e+01
4.665263554687500118e+02,-8.949735237677649025e+01
4.665266484375000005e+02,-9.111977449034728238e+01
4.665269414062499891e+02,-8.637778255945326578e+01
4.665272343750000346e+02,-9.144726504626108010e+01
4.665275273437500232e+02,-9.644757967107167929e+01
4.665278203125000118e+02,-9.490469117087506845e+01
4.665281132812500005e+02,-9.081328224250572134e+01
4.665284062499999891e+02,-8.954077190215198812e+01
4.665286992187500346e+02,-9.739213350376688538e+01
4.665289921875000232e+02,-8.495660196179655088e+01
4.665292851562500118e+02,-8.155892622532427083e+01
4.665295781250000005e+02,-8.145071590058310562e+01
4.665298710937499891e+02,-8.907235090590165782e+01
4.665301640625000346e+02,-1.068310625085248802e+02
4.665304570312500232e+02,-9.081038687164334533e+01
4.665307500000000118e+02,-8.972040567010601819e+01
4.665310429687500005e+02,-9.103658047093142613e+01
4.665313359374999891e+02,-9.806369305797593938e+01
4.665316289062500346e+02,-9.245036365368788722e+01
4.665319218750000232e+02,-8.682064532710826654e+01
4.665322148437500118e+02,-8.897405169246709988e+01
4.665325078125000005e+02,-8.912210532257466866e+01
4.665328007812499891e+02,-1.006567136729238143e+02
4.665330937500000346e+02,-8.782686043341308846e+01
4.665333867187500232e+02,-8.212390114001819086e+01
4.665336796875000118e+02,-8.339879840632858077e+01
4.665339726562500005e+02,-9.591825705027112292e+01
4.665342656249999891e+02,-9.901865840464772361e+01
4.665345585937500346e+02,-9.510988534512362946e+01
4.665348515625000232e+02,-1.078266173285401806e+02
4.665351445312500118e+02,-9.220946566364372643e+01
4.665354375000000005e+02,-8.443095337979420378e+01
4.665357304687499891e+02,-8.101539824558781788e+01
4.665360234375000346e+02,-8.291463067157647515e+01
4.665363164062500232e+02,-9.383708706156086521e+01
4.665366093750000118e+02,-8.160585517695889735e+01
4.665369023437500005e+02,-9.074005893376492793e+01
4.665371953124999891e+02,-9.710540001677793498e+01
4.665374882812500346e+02,-8.728222905231154982e+01
4.665377812500000232e+02,-9.136817015334193570e+01
4.665380742187500118e+02,-9.230596218529024100e+01
4.665383671875000005e+02,-8.685963815778575281e+01
4.665386601562499891e+02,-9.414885383310246425e+01
4.665389531250000346e+02,-9.632442125215133899e+01
4.665392460937500232e+02,-9.046688893277777765e+01
4.665395390625000118e+02,-8.585195593751194565e+01
4.665398320312500005e+02,-8.616644984125633755e+01
4.665401249999999891e+02,-1.011898278012886294e+02
4.665404179687500346e+02,-1.010692348634199789e+02
4.665407109375000232e+02,-1.057963408989279088e+02
4.665410039062500118e+02,-9.499646553495963985e+01
4.665412968750000005e+02,-9.393114957477402527e+01
4.665415898437499891e+02,-8.754802108372513203e+01
4.665418828125000346e+02,-8.157598442911195491e+01
4.665421757812500232e+02,-8.336592303967826467e+01
4.665424687500000118e+02,-8.963045635757887908e+01
4.665427617187500005e+02,-8.648576317333927932e+01
4.665430546874999891e+02,-9.427815387636314881e+01
4.665433476562500346e+02,-1.003849372290004993e+02
4.665436406250000232e+02,-9.012323254597420430e+01
4.665439335937500118e+02,-9.219426009136221012e+01
4.665442265625000005e+02,-8.324477907988581649e+01
4.665445195312499891e+02,-8.423422534757585822e+01
4.665448125000000346e+02,-9.438648033447807961e+01
4.665451054687500232e+02,-8.832290992404156782e+01
4.665453984375000118e+02,-8.906646763546223156e+01
4.665456914062500005e+02,-9.380123618636852711e+01
4.665459843749999891e+02,-9.076960624795952981e+01
4.665462773437500346e+02,-8.404690042608949341e+01
4.665465703125000232e+02,-8.533651577847804504e+01
4.665468632812500118e+02,-8.763710024942527355e+01
4.665471562500000005e+02,-8.769173765386396724e+01
4.665474492187499891e+02,-8.692872997098184840e+01
4.665477421875000346e+02,-8.751636977267085626e+01
4.665480351562500232e+02,-8.887875916432832923e+01
4.665483281250000118e+02,-9.808850022839628480e+01
4.665486210937500005e+02,-8.809519988864549589e+01
4.665489140624999891e+02,-8.733947460706340848e+01
4.665492070312500346e+02,-9.052484740950747266e+01
4.665495000000000232e+02,-8.947498529769299580e+01
4.665497929687500118e+02,-8.456979336692810989e+01
4.665500859375000005e+02,-8.401332643162162128e+01
4.665503789062499891e+02,-8.995132906577588017e+01
4.665506718750000346e+02,-8.908501416407926854e+01
4.665509648437500232e+02,-8.849964361365093168e+01
4.665512578125000118e+02,-8.806475881177388487e+01
4.665515507812500005e+02,-9.454500598263700795e+01
4.665518437499999891e+02,-9.074000661724113570e+01
4.665521367187500346e+02,-8.505322045196598424e+01
4.665524296875000232e+02,-9.034013041932476540e+01
4.665527226562500118e+02,-9.890571307768655629e+01
4.665530156250000005e+02,-9.366999641229512008e+01
4.665533085937499891e+02,-9.729878341245463957e+01
4.665536015625000346e+02,-9.469566145226158937e+01
4.665538945312500232e+02,-8.939566445649344928e+01
4.665541875000000118e+02,-9.633988553689349033e+01
4.665544804687500005e+02,-1.141126330548644603e+02
4.665547734374999891e+02,-1.188659259922044100e+02
4.665550664062500346e+02,-8.844691084897867484e+01
4.665553593750000232e+02,-8.260747247267798343e+01
4.665556523437500118e+02,-8.744350669552424904e+01
4.665559453125000005e+02,-9.789833542072179284e+01
4.665562382812499891e+02,-8.963703285931990195e+01
4.665565312500000346e+02,-8.150308052193325636e+01
4.665568242187500232e+02,-8.534034341760073517e+01
4.665571171875000118e+02,-9.503284949728517006e+01
4.665574101562500005e+02,-9.120577283462985463e+01
4.665577031249999891e+02,-9.083863694389930288e+01
4.665579960937500346e+02,-9.101866952368673935e+01
4.665582890625000232e+02,-8.644821789122619293e+01
4.665585820312500118e+02,-8.470804768927874306e+01
4.665588750000000005e+02,-8.393631734666827526e+01
4.665591679687499891e+02,-9.217817227512469458e+01
4.665594609375000346e+02,-8.343612588996077761e+01
4.665597539062500232e+02,-8.254875887107209564e+01
4.665600468750000118e+02,-8.624708912285510110e+01
4.665603398437500005e+02,-9.755449643271870741e+01
4.665606328124999891e+02,-9.586993346498297797e+01
4.665609257812500346e+02,-9.289815722427897526e+01
4.665612187500000232e+02,-9.289009055310542351e+01
4.665615117187500118e+02,-8.769345634912960463e+01
4.665618046875000005e+02,-8.571792684164944376e+01
4.665620976562499891e+02,-8.124273311679523601e+01
4.665623906250000346e+02,-8.486784985427804884e+01
4.665626835937500232e+02,-9.258064022894295420e+01
4.665629765625000118e+02,-8.722322755412740491e+01
4.665632695312500005e+02,-8.675398870631522641e+01
4.665635624999999891e+02,-1.053988822566192738e+02
4.665638554687500346e+02,-9.322756043515482816e+01
4.665641484375000232e+02,-8.967954160027292687e+01
4.665644414062500118e+02,-9.528066336196771147e+01
4.665647343750000005e+02,-9.230228832285226304e+01
4.665650273437499891e+02,-8.893640466604851724e+01
4.665653203125000346e+02,-8.420055420586120931e+01
4.665656132812500232e+02,-8.368746031762265147e+01
4.665659062500000118e+02,-8.577735257405926461e+01
4.665661992187500005e+02,-1.063379927887817757e+02
4.665664921874999891e+02,-8.921702449103320021e+01
4.665667851562500346e+02,-8.239851828602425599e+01
4.665670781250000232e+02,-8.190386272656604660e+01
4.665673710937500118e+02,-8.427540129609030828e+01
4.665676640625000005e+02,-8.520321289224860095e+01
4.665679570312499891e+02,-8.487758359080697801e+01
4.665682500000000346e+02,-1.012514025846629977e+02
4.665685429687500232e+02,-8.659134257811116697e+01
4.665688359375000118e+02,-8.214578407310415287e+01
4.665691289062500005e+02,-8.835810774265638656e+01
4.665694218749999891e+02,-9.576387363882794546e+01
4.665697148437500346e+02,-8.926687572509615620e+01
4.665700078125000232e+02,-8.598037662114344926e+01
4.665703007812500118e+02,-8.348809222541333952e+01
4.665705937500000005e+02,-9.454822673316039072e+01
4.665708867187499891e+02,-8.380841550586914934e+01
4.665711796875000346e+02,-9.526444832217363512e+01
4.665714726562500232e+02,-8.752942468576344481e+01
4.665717656250000118e+02,-8.616965398155782907e+01
4.665720585937500005e+02,-9.548522567565515828e+01
4.665723515624999891e+02,-9.203148754429571454e+01
4.665726445312500346e+02,-9.156039332734704317e+01
4.665729375000000232e+02,-8.475694303062338975e+01
4.665732304687500118e+02,-9.431959724553581736e+01
4.665735234375000005e+02,-7.997550606083868274e+01
4.665738164062499891e+02,-9.223447837164692942e+01
4.665741093750000346e+02,-8.438328906786171046e+01
4.665744023437500232e+02,-9.307247288790682660e+01
4.665746953125000118e+02,-9.069715935772339321e+01
4.665749882812500005e+02,-8.604728059688505937e+01
4.665752812499999891e+02,-8.546994129251581285e+01
4.665755742187500346e+02,-8.550741732278588358e+01
4.665758671875000232e+02,-9.838378774323032872e+01
4.665761601562500118e+02,-9.348990939440012937e+01
4.665764531250000005e+02,-8.760729112596749246e+01
4.665767460937499891e+02,-8.380839659019166277e+01
4.665770390625000346e+02,-8.463211327317416988e+01
4.665773320312500232e+02,-9.365069905841141917e+01
4.665776250000000118e+02,-8.401108931517065059e+01
4.665779179687500005e+02,-8.825256565992376068e+01
4.665782109374999891e+02,-9.281639065124822707e+01
4.665785039062500346e+02,-8.245200905764575339e+01
4.665787968750000232e+02,-8.579972665928707443e+01
4.665790898437500118e+02,-8.802526275085685370e+01
4.665793828125000005e+02,-1.068069865976573709e+02
4.665796757812499891e+02,-8.440317551973727461e+01
4.665799687500000346e+02,-8.566646766521026279e+01
4.665802617187500232e+02,-8.679656200318420645e+01
4.665805546875000118e+02,-8.659836163493582717e+01
4.665808476562500005e+02,-8.531850285102855480e+01
4.665811406249999891e+02,-9.260132784761431424e+01
4.665814335937500346e+02,-9.920999801988655520e+01
4.665817265625000232e+02,-9.590162559397072073e+01
4.665820195312500118e+02,-8.456613013520686195e+01
4.665823125000000005e+02,-8.922904571978025956e+01
4.665826054687499891e+02,-9.788863529497206173e+01
4.665828984375000346e+02,-8.409829552065717451e+01
4.665831914062500232e+02,-8.578359586173277762e+01
4.665834843750000118e+02,-8.208072732017527073e+01
4.665837773437500005e+02,-8.090379443055552144e+01
4.665840703124999891e+02,-8.229922964398012653e+01
4.665843632812500346e+02,-9.167215883968481194e+01
4.665846562500000232e+02,-9.050724331441546155e+01
4.665849492187500118e+02,-8.543318351044645453e+01
4.665852421875000005e+02,-8.458124156880130329e+01
4.665855351562499891e+02,-9.272027130833187414e+01
4.665858281250000346e+02,-9.317684523285359433e+01
4.665861210937500232e+02,-9.777760066396726302e+01
4.665864140625000118e+02,-9.722751999464519201e+01
4.665867070312500005e+02,-8.564689692440090596e+01
4.665869999999999891e+02,-8.593719751090731052e+01
4.665872929687500346e+02,-8.204815015382749266e+01
4.665875859375000232e+02,-8.099366622664135207e+01
4.665878789062500118e+02,-8.746702780411402500e+01
4.665881718750000005e+02,-9.096031201595960169e+01
4.665884648437499891e+02,-8.377756478125293427e+01
4.665887578125000346e+02,-8.318928416513131197e+01
4.665890507812500232e+02,-8.383265698851515424e+01
4.665893437500000118e+02,-8.649365642095344242e+01
4.665896367187500005e+02,-9.563787231532670319e+01
4.665899296874999891e+02,-1.005012867710337190e+02
4.665902226562500346e+02,-8.712103987287940754e+01
4.665905156250000232e+02,-9.708175651366067882e+01
4.665908085937500118e+02,-9.295350373102179731e+01
4.665911015625000005e+02,-1.109672109611587132e+02
4.665913945312499891e+02,-1.094187834942052291e+02
4.665916875000000346e+02,-8.735268356544474955e+01
4.665919804687500232e+02,-8.131950128772928110e+01
4.665922734375000118e+02,-8.518959122504470827e+01
4.665925664062500005e+02,-8.745738766600820213e+01
4.665928593749999891e+02,-8.335215300177729603e+01
4.665931523437500346e+02,-9.372322982670239355e+01
4.665934453125000232e+02,-8.687767169800684997e+01
4.665937382812500118e+02,-8.863623111362190343e+01
4.665940312500000005e+02,-1.018814381013745560e+02
4.665943242187499891e+02,-8.956039014079766503e+01
4.665946171875000346e+02,-8.527138110008783656e+01
4.665949101562500232e+02,-8.285264269302332707e+01
4.665952031250000118e+02,-8.070263279791450373e+01
4.665954960937500005e+02,-8.984202017112635019e+01
4.665957890624999891e+02,-9.318485494818355619e+01
4.665960820312500346e+02,-8.913053331857186379e+01
4.665963750000000232e+02,-8.846532544534568387e+01
4.665966679687500118e+02,-8.678527497663615975e+01
4.665969609375000005e+02,-8.843935808639247398e+01
4.665972539062499891e+02,-9.287188695387149551e+01
4.665975468750000346e+02,-8.865171790794488516e+01
4.665978398437500232e+02,-8.941579527373961866e+01
4.665981328125000118e+02,-8.821404936026308974e+01
4.665984257812500005e+02,-8.198070077086198637e+01
4.665987187499999891e+02,-8.247450968874676391e+01
4.665990117187500346e+02,-9.127705423439898880e+01
4.665993046875000232e+02,-8.997671157305802581e+01
4.665995976562500118e+02,-8.257364463362412721e+01
4.665998906250000005e+02,-8.297142097247972004e+01
4.666001835937499891e+02,-8.920517639905064300e+01
4.666004765625000346e+02,-9.915112285198587472e+01
4.666007695312500232e+02,-9.413215657044432305e+01
4.666010625000000118e+02,-1.005699686058244140e+02
4.666013554687500005e+02,-9.029838000117493380e+01
4.666016484374999891e+02,-8.629177941922735329e+01
4.666019414062500346e+02,-8.707739901937134164e+01
4.666022343750000232e+02,-8.447224782423239731e+01
4.666025273437500118e+02,-8.912735110128018334e+01
4.666028203125000005e+02,-9.187382976275631563e+01
4.666031132812499891e+02,-8.786429645932710741e+01
4.666034062500000346e+02,-8.434644412862169816e+01
4.666036992187500232e+02,-8.536636426413153345e+01
4.666039921875000118e+02,-9.954818852780516636e+01
4.666042851562500005e+02,-9.006177769445807257e+01
4.666045781249999891e+02,-8.249040317325057003e+01
4.666048710937500346e+02,-8.598216512901308306e+01
4.666051640625000232e+02,-9.514782530353269863e+01
4.666054570312500118e+02,-8.456187630121355880e+01
4.666057500000000005e+02,-8.905932006185710748e+01
4.666060429687499891e+02,-8.753321903730281406e+01
4.666063359375000346e+02,-8.379911025449528950e+01
4.666066289062500232e+02,-8.716190943704393135e+01
4.666069218750000118e+02,-8.857783079378727109e+01
4.666072148437500005e+02,-8.924262058437209078e+01
4.666075078124999891e+02,-8.976510607935961161e+01
4.666078007812500346e+02,-8.574133917281952222e+01
4.666080937500000232e+02,-8.806440778169763917e+01
4.666083867187500118e+02,-8.336801452990806638e+01
4.666086796875000005e+02,-8.947597600438945165e+01
4.666089726562499891e+02,-9.093127421006145994e+01
4.666092656250000346e+02,-8.823668019493908332e+01
4.666095585937500232e+02,-8.853154561727424721e+01
4.666098515625000118e+02,-8.697351950054405734e+01
4.666101445312500005e+02,-1.024763902313083292e+02
4.666104374999999891e+02,-8.566377384798214223e+01
4.666107304687500346e+02,-9.425671676857619730e+01
4.666110234375000232e+02,-9.397842583016584683e+01
4.666113164062500118e+02,-9.578140745280356327e+01
4.666116093750000005e+02,-8.809894192189230466e+01
4.666119023437499891e+02,-8.049722401318419429e+01
4.666121953125000346e+02,-8.101896636790834805e+01
4.666124882812500232e+02,-8.259885852962611352e+01
4.666127812500000118e+02,-8.716093667465617045e+01
4.666130742187500005e+02,-9.310907425322659492e+01
4.666133671874999891e+02,-8.334375917459935579e+01
4.666136601562500346e+02,-8.106703230318275644e+01
4.666139531250000232e+02,-8.567656107395983156e+01
4.666142460937500118e+02,-8.879653721225368201e+01
4.666145390625000005e+02,-8.787481195033828385e+01
4.666148320312499891e+02,-8.605623529693815499e+01
4.666151250000000346e+02,-9.703681821131097252e+01
4.666154179687500232e+02,-8.256300573906659679e+01
4.666157109375000118e+02,-8.878176330534876115e+01
4.666160039062500005e+02,-8.610019500019436123e+01
4.666162968749999891e+02,-8.788624694905703905e+01
4.666165898437500346e+02,-8.493866974175668361e+01
4.666168828125000232e+02,-8.630591114477991255e+01
4.666171757812500118e+02,-8.823851510429221889e+01
4.666174687500000005e+02,-8.668632910610551789e+01
4.666177617187499891e+02,-9.413183081696261922e+01
4.666180546875000346e+02,-9.207874736997732157e+01
4.666183476562500232e+02,-8.641762875490867657e+01
4.666186406250000118e+02,-7.997258325146268021e+01
4.666189335937500005e+02,-8.214358107330795633e+01
4.666192265624999891e+02,-9.172702398491937004e+01
4.666195195312500346e+02,-8.769771972733579446e+01
4.666198125000000232e+02,-8.591259729352015029e+01
4.666201054687500118e+02,-9.180524999353255566e+01
4.666203984375000005e+02,-8.916226790363546684e+01
4.666206914062499891e+02,-8.735582318034039417e+01
4.666209843750000346e+02,-8.606430613201467850e+01
4.666212773437500232e+02,-8.510915675522282697e+01
4.666215703125000118e+02,-9.078458648985963464e+01
4.666218632812500005e+02,-8.987345439519550894e+01
4.666221562499999891e+02,-9.159084511106398452e+01
4.666224492187500346e+02,-9.251247072570137675e+01
4.666227421875000232e+02,-8.230110857809917491e+01
4.666230351562500118e+02,-8.524490854893478797e+01
4.666233281250000005e+02,-9.289716012801356726e+01
4.666236210937499891e+02,-8.682017948534964091e+01
4.666239140625000346e+02,-8.173685669668535070e+01
4.666242070312500232e+02,-9.244516983319743986e+01
4.666245000000000118e+02,-9.336446212128686284e+01
4.666247929687500005e+02,-9.535104832481491144e+01
4.666250859374999891e+02,-8.307954304715178750e+01
4.666253789062500346e+02,-8.256722757396120471e+01
4.666256718750000232e+02,-8.615782036991311088e+01
4.666259648437500118e+02,-8.749545738715974608e+01
4.666262578125000005e+02,-8.414297275709390078e+01
4.666265507812499891e+02,-9.335025505191454442e+01
4.666268437500000346e+02,-8.456205570500983981e+01
4.666271367187500232e+02,-8.388838225049538266e+01
4.666274296875000118e+02,-9.418374787450406416e+01
4.666277226562500005e+02,-8.340585510010106418e+01
4.666280156249999891e+02,-8.100834337444483424e+01
4.666283085937500346e+02,-9.400337872368650949e+01
4.666286015625000232e+02,-8.771248128646037401e+01
4.666288945312500118e+02,-8.880493728532483999e+01
4.666291875000000005e+02,-8.831474773030430470e+01
4.666294804687499891e+02,-9.009440997692689734e+01
4.666297734375000346e+02,-8.462075010910454864e+01
4.666300664062500232e+02,-8.432997969418354955e+01
4.666303593750000118e+02,-8.447476138552410418e+01
4.666306523437500005e+02,-9.011882883746704920e+01
4.666309453124999891e+02,-8.997194084513884604e+01
4.666312382812500346e+02,-1.042472843784698711e+02
4.666315312500000232e+02,-8.236965663949337113e+01
4.666318242187500118e+02,-8.062306489461199988e+01
4.666321171875000005e+02,-8.217398217490789136e+01
4.666324101562499891e+02,-8.825127795535996711e+01
4.666327031250000346e+02,-1.047952871026775483e+02
4.666329960937500232e+02,-8.814104267838557405e+01
4.666332890625000118e+02,-8.418645446540469379e+01
4.666335820312500005e+02,-8.290740504763944330e+01
4.666338749999999891e+02,-8.422854393253942362e+01
4.666341679687500346e+02,-9.594787850622245173e+01
4.666344609375000232e+02,-8.647628652853501308e+01
4.666347539062500118e+02,-8.947152010429903157e+01
4.666350468750000005e+02,-9.211272247247529776e+01
4.666353398437499891e+02,-9.342659247811965884e+01
4.666356328125000346e+02,-8.618951311143570138e+01
4.666359257812500232e+02,-9.364216935781854545e+01
4.666362187500000118e+02,-8.995671997608063464e+01
4.666365117187500005e+02,-8.653581904174976103e+01
4.666368046874999891e+02,-8.547774912756382548e+01
4.666370976562500346e+02,-8.840034217837782649e+01
4.666373906250000232e+02,-8.924275495706928041e+01
4.666376835937500118e+02,-8.975798959820373568e+01
4.666379765625000005e+02,-8.806403212160151384e+01
4.666382695312499891e+02,-8.089848844644694736e+01
4.666385625000000346e+02,-8.571888436426735325e+01
4.666388554687500232e+02,-8.921502949145099137e+01
4.666391484375000118e+02,-8.150090881111051999e+01
4.666394414062500005e+02,-8.155560760983237856e+01
4.666397343749999891e+02,-8.501500938309544608e+01
4.666400273437500346e+02,-9.596639083488281585e+01
4.666403203125000232e+02,-8.516693861492770168e+01
4.666406132812500118e+02,-9.138491907534911718e+01
4.666409062500000005e+02,-8.969568467782312382e+01
4.666411992187499891e+02,-8.665128529275824576e+01
4.666414921875000346e+02,-9.301504579037933240e+01
4.666417851562500232e+02,-8.754069787793318369e+01
4.666420781250000118e+02,-8.710666701085654040e+01
4.666423710937500005e+02,-9.058601832046612401e+01
4.666426640624999891e+02,-9.535027658914437154e+01
4.666429570312500346e+02,-1.018296891164874864e+02
4.666432500000000232e+02,-9.904395429951932783e+01
4.666435429687500118e+02,-9.020864883434931869e+01
4.666438359375000005e+02,-8.467232315981422630e+01
4.666441289062499891e+02,-9.229148394955558388e+01
4.666444218750000346e+02,-9.187615196957735009e+01
4.666447148437500232e+02,-8.937028459941922165e+01
4.666450078125000118e+02,-9.332708411996291886e+01
4.666453007812500005e+02,-8.731264750478381131e+01
4.666455937499999891e+02,-9.108075895827485624e+01
4.666458867187500346e+02,-9.457545180918168626e+01
4.666461796875000232e+02,-9.822754854374991851e+01
4.666464726562500118e+02,-1.068763481022483290e+02
4.666467656250000005e+02,-1.029705263183856090e+02
4.666470585937499891e+02,-9.500244730714980790e+01
4.666473515625000346e+02,-8.994468863380203061e+01
4.666476445312500232e+02,-9.268411493867567685e+01
4.666479375000000118e+02,-9.045114058661710033e+01
4.666482304687500005e+02,-9.861870409950476812e+01
4.666485234374999891e+02,-9.455845591688702712e+01
4.666488164062500346e+02,-9.373692139868268214e+01
4.666491093750000232e+02,-8.816580586572173672e+01
4.666494023437500118e+02,-8.722699874730534475e+01
4.666496953125000005e+02,-8.850376760059646131e+01
4.666499882812499891e+02,-8.974549610667581589e+01
4.666502812500000346e+02,-1.007494527305038332e+02
4.666505742187500232e+02,-1.002951828267125478e+02
4.666508671875000118e+02,-8.351534108812674617e+01
4.666511601562500005e+02,-7.948031803827976205e+01
4.666514531249999891e+02,-7.854818636205878590e+01
4.666517460937500346e+02,-8.098896358982054267e+01
4.666520390625000232e+02,-8.622062269594434269e+01
4.666523320312500118e+02,-9.125854709768316297e+01
4.666526250000000005e+02,-8.990681802070662343e+01
4.666529179687499891e+02,-9.040371140067607314e+01
4.666532109375000346e+02,-9.862620448392435435e+01
4.666535039062500232e+02,-9.291998581080281383e+01
4.666537968750000118e+02,-9.088965478637894080e+01
4.666540898437500005e+02,-9.097324597518723976e+01
4.666543828124999891e+02,-9.191459495300631488e+01
4.666546757812500346e+02,-8.696864472018687309e+01
4.666549687500000232e+02,-8.457967643529185864e+01
4.666552617187500118e+02,-8.778108816493201516e+01
4.666555546875000005e+02,-9.801062735044897067e+01
4.666558476562499891e+02,-9.354664163006833633e+01
4.666561406250000346e+02,-8.275947775982595545e+01
4.666564335937500232e+02,-8.240151242420060385e+01
4.666567265625000118e+02,-8.400403149763280908e+01
4.666570195312500005e+02,-8.832500279712660074e+01
4.666573124999999891e+02,-9.120831010951910400e+01
4.666576054687500346e+02,-8.859097312535475055e+01
4.666578984375000232e+02,-9.667794563525772844e+01
4.666581914062500118e+02,-8.993076708978435363e+01
4.666584843750000005e+02,-8.600498961111264862e+01
4.666587773437499891e+02,-8.787082909402442965e+01
4.666590703125000346e+02,-8.363930425693592952e+01
4.666593632812500232e+02,-8.871377595362454826e+01
4.666596562500000118e+02,-1.004790399014778046e+02
4.666599492187500005e+02,-1.064960305754428305e+02
4.666602421874999891e+02,-9.898842605379498139e+01
4.666605351562500346e+02,-8.608791916465756344e+01
4.666608281250000232e+02,-8.796264474789630583e+01
4.666611210937500118e+02,-8.531278727065819112e+01
4.666614140625000005e+02,-8.446303252181800758e+01
4.666617070312499891e+02,-8.576461701816069194e+01
4.666620000000000346e+02,-8.247337277390519716e+01
4.666622929687500232e+02,-8.826790365382760228e+01
4.666625859375000118e+02,-8.561719077586639060e+01
4.666628789062500005e+02,-8.266204720331410272e+01
4.666631718749999891e+02,-8.490726623291931219e+01
4.666634648437500346e+02,-8.948477689428011672e+01
4.666637578125000232e+02,-9.097956023588650964e+01
4.666640507812500118e+02,-9.451130533451413385e+01
4.666643437500000005e+02,-1.030209671848862882e+02
4.666646367187499891e+02,-9.367538085229730882e+01
4.666649296875000346e+02,-8.638320125156540996e+01
4.666652226562500232e+02,-8.371673004618124025e+01
4.666655156250000118e+02,-8.428246936167509773e+01
4.666658085937500005e+02,-9.866502005415020449e+01
4.666661015624999891e+02,-1.007283270396046504e+02
4.666663945312500346e+02,-8.436959004266626039e+01
4.666666875000000232e+02,-8.949750120242340756e+01
4.666669804687500118e+02,-9.766220726883352654e+01
4.666672734375000005e+02,-1.007758434230707110e+02
4.666675664062499891e+02,-9.944476649075056685e+01
4.666678593750000346e+02,-8.782353931038394990e+01
4.666681523437500232e+02,-8.306872875823648883e+01
4.666684453125000118e+02,-8.618841397223232548e+01
4.666687382812500005e+02,-9.256026793530439534e+01
4.666690312499999891e+02,-8.306217112005798242e+01
4.666693242187500346e+02,-8.879279287946773991e+01
4.666696171875000232e+02,-8.548136464676731805e+01
4.666699101562500118e+02,-7.940967774740491336e+01
4.666702031250000005e+02,-8.297704016613963063e+01
4.666704960937499891e+02,-9.131866830181799344e+01
4.666707890625000346e+02,-8.739070873355494484e+01
4.666710820312500232e+02,-8.181241017549957917e+01
4.666713750000000118e+02,-8.429773977391363360e+01
4.666716679687500005e+02,-9.158524558738974974e+01
4.666719609374999891e+02,-8.872519459966952127e+01
4.666722539062500346e+02,-8.054961711180170880e+01
4.666725468750000232e+02,-7.984640573969525690e+01
4.666728398437500118e+02,-9.278578493633666824e+01
4.666731328125000005e+02,-8.669357023705317999e+01
4.666734257812499891e+02,-8.756966458406895981e+01
4.666737187500000346e+02,-9.703220469037582063e+01
4.666740117187500232e+02,-8.636534805696663852e+01
4.666743046875000118e+02,-8.283968686097482248e+01
4.666745976562500005e+02,-8.984810327685737263e+01
4.666748906249999891e+02,-8.691970619432653677e+01
4.666751835937500346e+02,-8.935678201137891108e+01
4.666754765625000232e+02,-8.915924686240428798e+01
4.666757695312500118e+02,-9.053890711081884035e+01
4.666760625000000005e+02,-8.434039263921138740e+01
4.666763554687499891e+02,-8.469125546768246693e+01
4.666766484375000346e+02,-8.134900025742224727e+01
4.666769414062500232e+02,-8.063101700666821614e+01
4.666772343750000118e+02,-8.782386448066803553e+01
4.666775273437500005e+02,-9.425270559646692448e+01
4.666778203124999891e+02,-8.803049072701449518e+01
4.666781132812500346e+02,-8.550377341788964713e+01
4.666784062500000232e+02,-9.225269720275178997e+01
4.666786992187500118e+02,-8.618708440717296071e+01
4.666789921875000005e+02,-8.747751876984894182e+01
4.666792851562499891e+02,-8.195704339030824315e+01
4.666795781250000346e+02,-9.744054917065888333e+01
4.666798710937500232e+02,-8.970589786742117155e+01
4.666801640625000118e+02,-8.842900211223131635e+01
4.666804570312500005e+02,-8.222665173291061080e+01
4.666807499999999891e+02,-8.762166824858319103e+01
4.666810429687500346e+02,-8.150598496539510052e+01
4.666813359375000232e+02,-8.839376612445084902e+01
4.666816289062500118e+02,-8.845353269406831487e+01
4.666819218750000005e+02,-8.962574858323017679e+01
4.666822148437499891e+02,-9.632910115908508430e+01
4.666825078125000346e+02,-9.126442261688951874e+01
4.666828007812500232e+02,-9.062137413217666904e+01
4.666830937500000118e+02,-9.593633668142955173e+01
4.666833867187500005e+02,-8.690208633521245929e+01
4.666836796874999891e+02,-9.097309990939352531e+01
4.666839726562500346e+02,-9.892569072297391131e+01
4.666842656250000232e+02,-9.720916046527966614e+01
4.666845585937500118e+02,-8.887218938205677432e+01
4.666848515625000005e+02,-8.438406751870684275e+01
4.666851445312499891e+02,-8.724763680238308439e+01
4.666854375000000346e+02,-8.651817339826750697e+01
4.666857304687500232e+02,-9.407953028131906592e+01
4.666860234375000118e+02,-9.177452133867947737e+01
4.666863164062500005e+02,-9.091038207276808691e+01
4.666866093749999891e+02,-8.423236474506245486e+01
4.666869023437500346e+02,-9.064782335325844542e+01
4.666871953125000232e+02,-8.980134865777557707e+01
4.666874882812500118e+02,-8.642602897552235675e+01
4.666877812500000005e+02,-9.813823170968625220e+01
4.666880742187499891e+02,-9.114013206416439061e+01
4.666883671875000346e+02,-8.163997767101768943e+01
4.666886601562500232e+02,-8.515484598408002626e+01
4.666889531250000118e+02,-8.608906698172425820e+01
4.666892460937500005e+02,-8.932519650975072523e+01
4.666895390624999891e+02,-8.823379804358305023e+01
4.666898320312500346e+02,-8.266503757786180984e+01
4.666901250000000232e+02,-8.540810371616194629e+01
4.666904179687500118e+02,-8.495302683312064573e+01
4.666907109375000005e+02,-8.298978911349985310e+01
4.666910039062499891e+02,-9.513861492791924945e+01
4.666912968750000346e+02,-9.716967187827134467e+01
4.666915898437500232e+02,-8.182076139400680859e+01
4.666918828125000118e+02,-7.950888351848193736e+01
4.666921757812500005e+02,-8.435130086697964202e+01
4.666924687499999891e+02,-9.311725476486508057e+01
4.666927617187500346e+02,-9.230615181214159293e+01
4.666930546875000232e+02,-8.349994751397672132e+01
4.666933476562500118e+02,-8.079448168617331305e+01
4.666936406250000005e+02,-8.429399923729094724e+01
4.666939335937499891e+02,-9.384120873164565069e+01
4.666942265625000346e+02,-9.880439016955460829e+01
4.666945195312500232e+02,-8.258460032397677253e+01
4.666948125000000118e+02,-8.265281620518652517e+01
4.666951054687500005e+02,-8.624364121326757981e+01
4.666953984374999891e+02,-9.740843334470875448e+01
4.666956914062500346e+02,-8.310054043683959435e+01
4.666959843750000232e+02,-7.975824059184850512e+01
4.666962773437500118e+02,-8.256681225673111157e+01
4.666965703125000005e+02,-8.058974641184484256e+01
4.666968632812499891e+02,-8.113803332287790226e+01
4.666971562500000346e+02,-8.572512947352507240e+01
4.666974492187500232e+02,-8.886041467685845419e+01
4.666977421875000118e+02,-8.730108924552696692e+01
4.666980351562500005e+02,-8.444555935257432111e+01
4.666983281249999891e+02,-1.016434392024543740e+02
4.666986210937500346e+02,-9.388876968599993234e+01
4.666989140625000232e+02,-9.162440486573308362e+01
4.666992070312500118e+02,-8.582415445607850302e+01
4.666995000000000005e+02,-1.056368264958109648e+02
4.666997929687499891e+02,-8.305713079592496229e+01
4.667000859375000346e+02,-8.373881489060481442e+01
4.667003789062500232e+02,-9.509536716635336973e+01
4.667006718750000118e+02,-8.604174991888250190e+01
4.667009648437500005e+02,-8.434468678417054832e+01
4.667012578124999891e+02,-8.164349356421764980e+01
4.667015507812500346e+02,-8.282977109925063530e+01
4.667018437500000232e+02,-8.368584471220725618e+01
4.667021367187500118e+02,-8.812087220609869576e+01
4.667024296875000005e+02,-9.084709959634983534e+01
4.667027226562499891e+02,-8.779179130121880803e+01
4.667030156250000346e+02,-8.613719723606490675e+01
4.667033085937500232e+02,-9.532380664548996663e+01
4.667036015625000118e+02,-7.993105166233725356e+01
4.667038945312500005e+02,-8.000440253726526407e+01
4.667041874999999891e+02,-8.392244102324376342e+01
4.667044804687500346e+02,-8.742309681750376171e+01
4.667047734375000232e+02,-8.855306963041320500e+01
4.667050664062500118e+02,-9.176782280270626302e+01
4.667053593750000005e+02,-8.212121642588023462e+01
4.667056523437499891e+02,-8.373173549163801965e+01
4.667059453125000346e+02,-8.723172328321838620e+01
4.667062382812500232e+02,-8.244475874446831654e+01
4.667065312500000118e+02,-8.115093339849801168e+01
4.667068242187500005e+02,-7.938715374326463348e+01
4.667071171874999891e+02,-8.587748114149309231e+01
4.667074101562500346e+02,-8.515829713019356006e+01
4.667077031250000232e+02,-8.816544297358632321e+01
4.667079960937500118e+02,-8.314852221080592187e+01
4.667082890625000005e+02,-7.957152040205592414e+01
4.667085820312499891e+02,-8.754248317019181513e+01
4.667088750000000346e+02,-8.344770980282349626e+01
4.667091679687500232e+02,-8.469035193719120969e+01
4.667094609375000118e+02,-8.828860493215904626e+01
4.667097539062500005e+02,-8.714525168553910817e+01
4.667100468749999891e+02,-7.916592521164092489e+01
4.667103398437500346e+02,-8.276606795562608454e+01
4.667106328125000232e+02,-8.247856665587116254e+01
4.667109257812500118e+02,-9.024218924796002739e+01
4.667112187500000005e+02,-8.571077874368722860e+01
4.667115117187499891e+02,-8.700554656001514786e+01
4.667118046875000346e+02,-8.219033620162380771e+01
4.667120976562500232e+02,-8.311013821439267701e+01
4.667123906250000118e+02,-9.157590958085989996e+01
4.667126835937500005e+02,-9.295646169934640568e+01
4.667129765624999891e+02,-9.080174415927140785e+01
4.667132695312500346e+02,-8.522001705099410174e+01
4.667135625000000232e+02,-8.588786006230186842e+01
4.667138554687500118e+02,-8.618996463325342461e+01
4.667141484375000005e+02,-8.778333120327970107e+01
4.667144414062499891e+02,-9.464663600917539554e+01
4.667147343750000346e+02,-8.888100951207491107e+01
4.667150273437500232e+02,-8.849269785980735037e+01
4.667153203125000118e+02,-8.570543860085011545e+01
4.667156132812500005e+02,-8.246888149345524255e+01
4.667159062499999891e+02,-9.091287698178470578e+01
4.667161992187500346e+02,-8.543861396585450052e+01
4.667164921875000232e+02,-8.239838393861734289e+01
4.667167851562500118e+02,-8.326245976979693353e+01
4.667170781250000005e+02,-8.310752367720867539e+01
4.667173710937499891e+02,-8.701132976279382092e+01
4.667176640625000346e+02,-8.534595097074978298e+01
4.667179570312500232e+02,-9.078851712973025201e+01
4.667182500000000118e+02,-8.843201852864162049e+01
4.667185429687500005e+02,-8.486242739816549374e+01
4.667188359374999891e+02,-8.843175285996861135e+01
4.667191289062500346e+02,-8.578354444226242492e+01
4.667194218750000232e+02,-8.401715278867692405e+01
4.667197148437500118e+02,-8.797542479368965473e+01
4.667200078125000005e+02,-8.142425885160010068e+01
4.667203007812499891e+02,-1.089445806469071556e+02
4.667205937500000346e+02,-8.394861197509879958e+01
4.667208867187500232e+02,-8.164578635313458221e+01
4.667211796875000118e+02,-8.179864224559813124e+01
4.667214726562500005e+02,-8.520563800683513023e+01
4.667217656249999891e+02,-8.445188445395039878e+01
4.667220585937500346e+02,-8.374689558165455594e+01
4.667223515625000232e+02,-8.586575548577948780e+01
4.667226445312500118e+02,-8.187976505504430236e+01
4.667229375000000005e+02,-8.180977357625293678e+01
4.667232304687499891e+02,-8.527081559021821988e+01
4.667235234375000346e+02,-9.420744508161268982e+01
4.667238164062500232e+02,-9.114624821335260663e+01
4.667241093750000118e+02,-8.419825887896577399e+01
4.667244023437500005e+02,-8.585738810903808371e+01
4.667246953124999891e+02,-8.836622934816486463e+01
4.667249882812500346e+02,-9.132943948701907289e+01
4.667252812500000232e+02,-8.487066152044147316e+01
4.667255742187500118e+02,-8.352182397345195852e+01
4.667258671875000005e+02,-8.749885843493494519e+01
4.667261601562499891e+02,-8.556049185810692848e+01
4.667264531250000346e+02,-9.715719508906201440e+01
4.667267460937500232e+02,-9.800195721474983657e+01
4.667270390625000118e+02,-8.374912263855991057e+01
4.667273320312500005e+02,-8.397744889750663333e+01
4.667276249999999891e+02,-8.373420761094246245e+01
4.667279179687500346e+02,-8.667579460903738209e+01
4.667282109375000232e+02,-9.605283387884163915e+01
4.667285039062500118e+02,-8.734816980938452957e+01
4.667287968750000005e+02,-8.324483836745781673e+01
4.667290898437499891e+02,-8.471693126749627822e+01
4.667293828125000346e+02,-8.918688595341143355e+01
4.667296757812500232e+02,-7.996266068404356986e+01
4.667299687500000118e+02,-8.090108633735603405e+01
4.667302617187500005e+02,-8.684130607798070400e+01
4.667305546874999891e+02,-8.789771485162880538e+01
4.667308476562500346e+02,-9.429121483749418076e+01
4.667311406250000232e+02,-8.531978758674709695e+01
4.667314335937500118e+02,-8.618269895128449321e+01
4.667317265625000005e+02,-8.441326172569776531e+01
4.667320195312499891e+02,-8.478923493024694835e+01
4.667323125000000346e+02,-9.195063726280221772e+01
4.667326054687500232e+02,-9.715598424151022527e+01
4.667328984375000118e+02,-8.382150856005667094e+01
4.667331914062500005e+02,-8.905145550769285023e+01
4.667334843749999891e+02,-9.309823393671514680e+01
4.667337773437500346e+02,-8.892672862038745052e+01
4.667340703125000232e+02,-9.712322336825623381e+01
4.667343632812500118e+02,-9.683652159784367086e+01
4.667346562500000005e+02,-8.371380047415195236e+01
4.667349492187499891e+02,-8.132999827111964919e+01
4.667352421875000346e+02,-7.831380978674459925e+01
4.667355351562500232e+02,-7.829959068258048660e+01
4.667358281250000118e+02,-8.239887598446669870e+01
4.667361210937500005e+02,-9.343922831498964854e+01
4.667364140624999891e+02,-1.014922291633579476e+02
4.667367070312500346e+02,-8.315907711215695031e+01
4.667370000000000232e+02,-8.162592819162641433e+01
4.667372929687500118e+02,-8.130035019087387127e+01
4.667375859375000005e+02,-8.586202010558820064e+01
4.667378789062499891e+02,-8.530542806205332340e+01
4.667381718750000346e+02,-8.401866544330485453e+01
4.667384648437500232e+02,-9.098751097360002404e+01
4.667387578125000118e+02,-9.067528864858087445e+01
4.667390507812500005e+02,-8.542841609273843062e+01
4.667393437499999891e+02,-8.541919615843433178e+01
4.667396367187500346e+02,-9.054647303212536258e+01
4.667399296875000232e+02,-8.317098158261447338e+01
4.667402226562500118e+02,-8.086974653475976993e+01
4.667405156250000005e+02,-8.490271558857270406e+01
4.667408085937499891e+02,-8.510821479154949998e+01
4.667411015625000346e+02,-8.480320365413027162e+01
4.667413945312500232e+02,-7.964610546986924078e+01
4.667416875000000118e+02,-8.108152087818147891e+01
4.667419804687500005e+02,-8.700708718007126663e+01
4.667422734374999891e+02,-8.236577842177689490e+01
4.667425664062500346e+02,-8.732332165540832136e+01
4.667428593750000232e+02,-8.984018421226265616e+01
4.667431523437500118e+02,-8.357840295946219555e+01
4.667434453125000005e+02,-8.372671099951047324e+01
4.667437382812499891e+02,-8.760443293775354334e+01
4.667440312500000346e+02,-8.609886121170737283e+01
4.667443242187500232e+02,-8.700598315241263947e+01
4.667446171875000118e+02,-9.511342635653315369e+01
4.667449101562500005e+02,-8.678191134050727840e+01
4.667452031249999891e+02,-9.204356513368210813e+01
4.667454960937500346e+02,-9.524238839560877068e+01
4.667457890625000232e+02,-9.712383143434465183e+01
4.667460820312500118e+02,-8.627608092711375321e+01
4.667463750000000005e+02,-9.217937126760969591e+01
4.667466679687499891e+02,-8.580072552683944309e+01
4.667469609375000346e+02,-8.221262029903947166e+01
4.667472539062500232e+02,-7.862181863114980729e+01
4.667475468750000118e+02,-8.262478575177924256e+01
4.667478398437500005e+02,-8.309302252374862974e+01
4.667481328124999891e+02,-8.050313561608393798e+01
4.667484257812500346e+02,-8.668850843430278985e+01
4.667487187500000232e+02,-7.931637193500142757e+01
4.667490117187500118e+02,-8.362023660046926921e+01
4.667493046875000005e+02,-8.696976261498932104e+01
4.667495976562499891e+02,-8.681717388765440546e+01
4.667498906250000346e+02,-9.052011839329900056e+01
4.667501835937500232e+02,-9.993669384538408451e+01
4.667504765625000118e+02,-8.509633261070698040e+01
4.667507695312500005e+02,-8.909285391559366474e+01
4.667510624999999891e+02,-8.804767391571934354e+01
4.667513554687500346e+02,-8.363817309780786502e+01
4.667516484375000232e+02,-9.101411094332459584e+01
4.667519414062500118e+02,-9.451203955021064473e+01
4.667522343750000005e+02,-8.481907195211627482e+01
4.667525273437499891e+02,-8.246519090615583991e+01
4.667528203125000346e+02,-9.279548737570935657e+01
4.667531132812500232e+02,-7.977206591123810142e+01
4.667534062500000118e+02,-8.011653728562592391e+01
4.667536992187500005e+02,-8.175102911328639266e+01
4.667539921874999891e+02,-8.810011493657965786e+01
4.667542851562500346e+02,-8.082205911905037965e+01
4.667545781250000232e+02,-8.104156714989230181e+01
4.667548710937500118e+02,-8.373493072927942649e+01
4.667551640625000005e+02,-8.142453122752776551e+01
4.667554570312499891e+02,-8.617692368526833491e+01
4.667557500000000346e+02,-8.663558966273534168e+01
4.667560429687500232e+02,-8.443833982989238507e+01
4.667563359375000118e+02,-8.488111170471066202e+01
4.667566289062500005e+02,-8.251549937728154305e+01
4.667569218749999891e+02,-8.543636105308196704e+01
4.667572148437500346e+02,-9.844213942542943130e+01
4.667575078125000232e+02,-9.390734658348362984e+01
4.667578007812500118e+02,-9.370376669536042868e+01
4.667580937500000005e+02,-8.944665799758334401e+01
4.667583867187499891e+02,-8.255953406178267073e+01
4.667586796875000346e+02,-8.146718014312924083e+01
4.667589726562500232e+02,-8.325525864482436589e+01
4.667592656250000118e+02,-9.431740788676620468e+01
4.667595585937500005e+02,-8.748701941904514001e+01
4.667598515624999891e+02,-9.688468400542419090e+01
4.667601445312500346e+02,-8.865652410101174041e+01
4.667604375000000232e+02,-8.413072700467424170e+01
4.667607304687500118e+02,-8.736915952653198758e+01
4.667610234375000005e+02,-9.378988157406887183e+01
4.667613164062499891e+02,-9.832470478307081407e+01
4.667616093750000346e+02,-8.627825901213725501e+01
4.667619023437500232e+02,-9.021181207263053636e+01
4.667621953125000118e+02,-8.709953591847974508e+01
4.667624882812500005e+02,-9.515275540825888356e+01
4.667627812499999891e+02,-8.666043687410437713e+01
4.667630742187500346e+02,-8.199698811189726655e+01
4.667633671875000232e+02,-9.388606388215765719e+01
4.667636601562500118e+02,-9.408875027989080309e+01
4.667639531250000005e+02,-9.423834245202770887e+01
4.667642460937499891e+02,-9.249012426732483050e+01
4.667645390625000346e+02,-8.660190810050968935e+01
4.667648320312500232e+02,-8.410260928332817798e+01
4.667651250000000118e+02,-8.890055747176249668e+01
4.667654179687500005e+02,-8.195578556250838176e+01
4.667657109374999891e+02,-8.704562054452722464e+01
4.667660039062500346e+02,-8.402501751040563249e+01
4.667662968750000232e+02,-8.369202242500099942e+01
4.667665898437500118e+02,-8.056260497284313260e+01
4.667668828125000005e+02,-7.967436246404436417e+01
4.667671757812499891e+02,-8.155349851285619422e+01
4.667674687500000346e+02,-8.308976562158817103e+01
4.667677617187500232e+02,-8.685957181556544526e+01
4.667680546875000118e+02,-9.465281663904433174e+01
4.667683476562500005e+02,-8.475130821211828902e+01
4.667686406249999891e+02,-8.605282437859028732e+01
4.667689335937500346e+02,-8.070173774963623714e+01
4.667692265625000232e+02,-8.375630264166416339e+01
4.667695195312500118e+02,-8.833489330505933879e+01
4.667698125000000005e+02,-8.858108900548435827e+01
4.667701054687499891e+02,-8.227371983336423966e+01
4.667703984375000346e+02,-1.084990696508511974e+02
4.667706914062500232e+02,-1.037357971026084300e+02
4.667709843750000118e+02,-8.725409650294650987e+01
4.667712773437500005e+02,-9.251952124374565756e+01
4.667715703124999891e+02,-8.650067124488883508e+01
4.667718632812500346e+02,-8.548840621013040675e+01
4.667721562500000232e+02,-8.085248328206732538e+01
4.667724492187500118e+02,-8.506451672029220390e+01
4.667727421875000005e+02,-8.557697761187114338e+01
4.667730351562499891e+02,-8.295812499428984665e+01
4.667733281250000346e+02,-8.877287551048651437e+01
4.667736210937500232e+02,-9.794138809176845939e+01
4.667739140625000118e+02,-8.620396524244078762e+01
4.667742070312500005e+02,-8.525598388917561010e+01
4.667744999999999891e+02,-8.285544211697782657e+01
4.667747929687500346e+02,-8.586141538259460049e+01
4.667750859375000232e+02,-8.539771498891920487e+01
4.667753789062500118e+02,-9.736765338501867006e+01
4.667756718750000005e+02,-8.641621026133647376e+01
4.667759648437499891e+02,-8.555457681274241111e+01
4.667762578125000346e+02,-8.979830086386000687e+01
4.667765507812500232e+02,-9.364169588074618389e+01
4.667768437500000118e+02,-9.768107691138706627e+01
4.667771367187500005e+02,-8.636089386196590567e+01
4.667774296874999891e+02,-8.630179968142201119e+01
4.667777226562500346e+02,-9.101485735384761711e+01
4.667780156250000232e+02,-8.447724871247083911e+01
4.667783085937500118e+02,-8.560251347480702577e+01
4.667786015625000005e+02,-8.335380244225592605e+01
4.667788945312499891e+02,-8.470398274784118087e+01
4.667791875000000346e+02,-8.965401838500916654e+01
4.667794804687500232e+02,-9.021951109340812991e+01
4.667797734375000118e+02,-9.664381707696372814e+01
4.667800664062500005e+02,-1.043877833154017765e+02
4.667803593749999891e+02,-9.310729261841640891e+01
4.667806523437500346e+02,-8.565030078736717201e+01
4.667809453125000232e+02,-8.591285259576424949e+01
4.667812382812500118e+02,-9.921409509120898917e+01
4.667815312500000005e+02,-8.515536421489193231e+01
4.667818242187499891e+02,-8.008469335452994642e+01
4.667821171875000346e+02,-9.326327419110869243e+01
4.667824101562500232e+02,-8.846274317701029588e+01
4.667827031250000118e+02,-8.569154365407817409e+01
4.667829960937500005e+02,-8.794629740149873953e+01
4.667832890624999891e+02,-8.994677086409842559e+01
4.667835820312500346e+02,-8.671754127058574113e+01
4.667838750000000232e+02,-8.690639007569670582e+01
4.667841679687500118e+02,-9.624525140630545650e+01
4.667844609375000005e+02,-8.488099888693821526e+01
4.667847539062499891e+02,-9.455847897981998074e+01
4.667850468750000346e+02,-8.623502306523795369e+01
4.667853398437500232e+02,-8.538787979564622788e+01
4.667856328125000118e+02,-8.992916023782009916e+01
4.667859257812500005e+02,-8.201956273324472591e+01
4.667862187499999891e+02,-8.556572882214682352e+01
4.667865117187500346e+02,-8.491382141763818936e+01
4.667868046875000232e+02,-8.020678953811419376e+01
4.667870976562500118e+02,-8.066199745068372806e+01
4.667873906250000005e+02,-8.781133994373374207e+01
4.667876835937499891e+02,-9.836674556244702217e+01
4.667879765625000346e+02,-8.438365149243918495e+01
4.667882695312500232e+02,-8.304530978910977979e+01
4.667885625000000118e+02,-8.438119077276246571e+01
4.667888554687500005e+02,-8.779593632529049785e+01
4.667891484374999891e+02,-8.480299845625776811e+01
4.667894414062500346e+02,-8.486781079367960956e+01
4.667897343750000232e+02,-9.058495250673109922e+01
4.667900273437500118e+02,-9.117195490664151691e+01
4.667903203125000005e+02,-8.423438153828384145e+01
4.667906132812499891e+02,-8.333575296085541595e+01
4.667909062500000346e+02,-8.559500594667665041e+01
4.667911992187500232e+02,-8.211620976842473851e+01
4.667914921875000118e+02,-8.785363040288693526e+01
4.667917851562500005e+02,-8.365870263731567036e+01
4.667920781249999891e+02,-8.219459062414300377e+01
4.667923710937500346e+02,-8.733282774317878250e+01
4.667926640625000232e+02,-8.682218165041027191e+01
4.667929570312500118e+02,-8.603042910842634683e+01
4.667932500000000005e+02,-9.733000428525640757e+01
4.667935429687499891e+02,-8.340373121508839915e+01
4.667938359375000346e+02,-7.984058001680988070e+01
4.667941289062500232e+02,-8.696548503751132841e+01
4.667944218750000118e+02,-8.055173202895542772e+01
4.667947148437500005e+02,-9.248648182776972249e+01
4.667950078124999891e+02,-1.017822012198535475e+02
4.667953007812500346e+02,-9.628936299202641180e+01
4.667955937500000232e+02,-8.687611143267622538e+01
4.667958867187500118e+02,-8.532325656718639095e+01
4.667961796875000005e+02,-8.516671475437388494e+01
4.667964726562499891e+02,-9.467150157314659964e+01
4.667967656250000346e+02,-9.769459403340368908e+01
4.667970585937500232e+02,-1.050941385091150835e+02
4.667973515625000118e+02,-9.580897054137119540e+01
4.667976445312500005e+02,-8.742392529961705350e+01
4.667979374999999891e+02,-8.515836644220280505e+01
4.667982304687500346e+02,-8.790222080681382977e+01
4.667985234375000232e+02,-9.636204400510300161e+01
4.667988164062500118e+02,-8.508662372364366888e+01
4.667991093750000005e+02,-8.361262152392208691e+01
4.667994023437499891e+02,-8.686096744051410212e+01
4.667996953125000346e+02,-9.494837624996742420e+01
4.667999882812500232e+02,-8.253675701012504362e+01
4.668002812500000118e+02,-8.267838894478857981e+01
4.668005742187500005e+02,-8.304766364952831736e+01
4.668008671874999891e+02,-8.666119903827897986e+01
4.668011601562500346e+02,-7.938337475878326188e+01
4.668014531250000232e+02,-8.069565320418024612e+01
4.668017460937500118e+02,-8.099252153340175653e+01
4.668020390625000005e+02,-8.259431708618647860e+01
4.668023320312499891e+02,-8.006886475104515455e+01
4.668026250000000346e+02,-9.249522508150556632e+01
4.668029179687500232e+02,-8.555392487002920632e+01
4.668032109375000118e+02,-8.113884507529034806e+01
4.668035039062500005e+02,-8.140598603749799622e+01
4.668037968749999891e+02,-8.136530619826920940e+01
4.668040898437500346e+02,-7.846804750137108897e+01
4.668043828125000232e+02,-8.386902957646334755e+01
4.668046757812500118e+02,-9.830603184814182782e+01
4.668049687500000005e+02,-8.670838433275361012e+01
4.668052617187499891e+02,-9.455196933964995765e+01
4.668055546875000346e+02,-9.022398785417044564e+01
4.668058476562500232e+02,-9.320813910482405618e+01
4.668061406250000118e+02,-8.821786421302900294e+01
4.668064335937500005e+02,-8.497945533000888929e+01
4.668067265624999891e+02,-8.983906408115943520e+01
4.668070195312500346e+02,-8.770826011250392185e+01
4.668073125000000232e+02,-8.342848088057263567e+01
4.668076054687500118e+02,-8.898712293719590605e+01
4.668078984375000005e+02,-8.196504329231373731e+01
4.668081914062499891e+02,-8.127223183042107735e+01
4.668084843750000346e+02,-8.248871796439864568e+01
4.668087773437500232e+02,-8.806054061123022336e+01
4.668090703125000118e+02,-9.835307520568181872e+01
4.668093632812500005e+02,-8.753628050178741660e+01
4.668096562499999891e+02,-8.853786952599784854e+01
4.668099492187500346e+02,-8.873143471477291655e+01
4.668102421875000232e+02,-8.590936315952501445e+01
4.668105351562500118e+02,-1.159525747052187370e+02
4.668108281250000005e+02,-9.426430671441353581e+01
4.668111210937499891e+02,-9.133896591212820226e+01
4.668114140625000346e+02,-9.733203595796744878e+01
4.668117070312500232e+02,-1.118848702802878563e+02
4.668120000000000118e+02,-8.425321107558781364e+01
4.668122929687500005e+02,-8.318008212252186695e+01
4.668125859374999891e+02,-1.013096573305359414e+02
4.668128789062500346e+02,-8.762890859920855746e+01
4.668131718750000232e+02,-9.376944277077325296e+01
4.668134648437500118e+02,-7.642252627330104531e+01
4.668137578125000005e+02,-7.910082019308050860e+01
4.668140507812499891e+02,-8.258083555277069365e+01
4.668143437500000346e+02,-8.856723330099029567e+01
4.668146367187500232e+02,-9.266611321201779106e+01
4.668149296875000118e+02,-9.288332743893727184e+01
4.668152226562500005e+02,-8.614214396409559527e+01
4.668155156249999891e+02,-9.430393559929976277e+01
4.668158085937500346e+02,-8.631442523290095892e+01
4.668161015625000232e+02,-8.209241494757178259e+01
4.668163945312500118e+02,-8.242752132538899446e+01
4.668166875000000005e+02,-8.598154933178940951e+01
4.668169804687499891e+02,-8.599563331688619883e+01
4.668172734375000346e+02,-8.384095016259831823e+01
4.668175664062500232e+02,-8.640748940808735767e+01
4.668178593750000118e+02,-8.522471444422106401e+01
4.668181523437500005e+02,-9.011039927667349048e+01
4.668184453124999891e+02,-9.742306235219811583e+01
4.668187382812500346e+02,-9.250784762968993391e+01
4.668190312500000232e+02,-8.327844202178908972e+01
4.668193242187500118e+02,-8.090312236834849102e+01
4.668196171875000005e+02,-8.164246035080252284e+01
4.668199101562499891e+02,-8.012470620122861931e+01
4.668202031250000346e+02,-1.027029856265450150e+02
4.668204960937500232e+02,-8.581615123262355382e+01
4.668207890625000118e+02,-8.160623226217660431e+01
4.668210820312500005e+02,-9.379792676632563087e+01
4.668213749999999891e+02,-8.448427390716391017e+01
4.668216679687500346e+02,-9.064849600783576022e+01
4.668219609375000232e+02,-8.353909457398862060e+01
4.668222539062500118e+02,-8.185216095124637548e+01
4.668225468750000005e+02,-9.146175933547398529e+01
4.668228398437499891e+02,-8.793501710986794251e+01
4.668231328125000346e+02,-8.817003248591683473e+01
4.668234257812500232e+02,-8.691961769549180872e+01
4.668237187500000118e+02,-8.999973696081639218e+01
4.668240117187500005e+02,-8.155956897459208221e+01
4.668243046874999891e+02,-8.164644705215665965e+01
4.668245976562500346e+02,-8.209700748581875018e+01
4.668248906250000232e+02,-8.504416064730517633e+01
4.668251835937500118e+02,-8.661279833166426556e+01
4.668254765625000005e+02,-8.281858242173873919e+01
4.668257695312499891e+02,-7.989960061556095638e+01
4.668260625000000346e+02,-8.317376627412809853e+01
4.668263554687500232e+02,-9.668324654992784417e+01
4.668266484375000118e+02,-8.595817527491634280e+01
4.668269414062500005e+02,-8.691490719038604595e+01
4.668272343749999891e+02,-8.926651211334821312e+01
4.668275273437500346e+02,-8.974855958755529173e+01
4.668278203125000232e+02,-8.748507261520234124e+01
4.668281132812500118e+02,-8.004194241600102089e+01
4.668284062500000005e+02,-7.974907276020242364e+01
4.668286992187499891e+02,-8.644626343116817679e+01
4.668289921875000346e+02,-8.885428215266797736e+01
4.668292851562500232e+02,-8.251728570302368837e+01
4.668295781250000118e+02,-8.156440647729034765e+01
4.668298710937500005e+02,-8.418932050221108909e+01
4.668301640624999891e+02,-8.596984197623800128e+01
4.668304570312500346e+02,-8.855400881770927413e+01
4.668307500000000232e+02,-8.459776978335044362e+01
4.668310429687500118e+02,-8.022745418278425689e+01
4.668313359375000005e+02,-8.748764222288350823e+01
4.668316289062499891e+02,-8.793644785033826849e+01
4.668319218750000346e+02,-8.686329792824052731e+01
4.668322148437500232e+02,-8.632452090908927289e+01
4.668325078125000118e+02,-7.986705009588760618e+01
4.668328007812500005e+02,-8.640088822736713325e+01
4.668330937499999891e+02,-8.027585856998550184e+01
4.668333867187500346e+02,-8.549547392372565469e+01
4.668336796875000232e+02,-9.647116427008225514e+01
4.668339726562500118e+02,-9.488566655118205517e+01
4.668342656250000005e+02,-8.066146281482131997e+01
4.668345585937499891e+02,-8.021798833182432986e+01
4.668348515625000346e+02,-8.853588736707352780e+01
4.668351445312500232e+02,-9.032471990443809773e+01
4.668354375000000118e+02,-8.947147355438940508e+01
4.668357304687500005e+02,-9.309564023709134517e+01
4.668360234374999891e+02,-9.528888559296126459e+01
4.668363164062500346e+02,-8.738364352399747759e+01
4.668366093750000232e+02,-8.984766971166084204e+01
4.668369023437500118e+02,-9.481573000461123968e+01
4.668371953125000005e+02,-9.036500140923514834e+01
4.668374882812499891e+02,-9.558525140168183043e+01
4.668377812500000346e+02,-8.432981643470807853e+01
4.668380742187500232e+02,-8.188577125885069563e+01
4.668383671875000118e+02,-9.152778667823424996e+01
4.668386601562500005e+02,-9.521334134696429885e+01
4.668389531249999891e+02,-8.476793423138970240e+01
4.668392460937500346e+02,-8.553970858679399214e+01
4.668395390625000232e+02,-1.025749283093323214e+02
4.668398320312500118e+02,-8.609180807147228620e+01
4.668401250000000005e+02,-8.475949743613831799e+01
4.668404179687499891e+02,-8.123504861835894530e+01
4.668407109375000346e+02,-8.056268589993862861e+01
4.668410039062500232e+02,-8.105256235542950094e+01
4.668412968750000118e+02,-8.508592773550402910e+01
4.668415898437500005e+02,-8.168590332239648433e+01
4.668418828124999891e+02,-8.397739753465043577e+01
4.668421757812500346e+02,-8.919851034719869176e+01
4.668424687500000232e+02,-9.033735033750610910e+01
4.668427617187500118e+02,-8.348489568501716462e+01
4.668430546875000005e+02,-8.095481261736858869e+01
4.668433476562499891e+02,-8.197358051804303614e+01
4.668436406250000346e+02,-8.247910952017662112e+01
4.668439335937500232e+02,-8.430103086690957070e+01
4.668442265625000118e+02,-8.735059557029873645e+01
4.668445195312500005e+02,-8.310999582975270528e+01
4.668448124999999891e+02,-8.251925733448850053e+01
4.668451054687500346e+02,-8.520891971319056779e+01
4.668453984375000232e+02,-8.708420954807760950e+01
4.668456914062500118e+02,-9.252772281135662524e+01
4.668459843750000005e+02,-8.641689919043238888e+01
4.668462773437499891e+02,-8.377674542920235012e+01
4.668465703125000346e+02,-8.466802135241678684e+01
4.668468632812500232e+02,-8.808461417002504845e+01
4.668471562500000118e+02,-8.264506061971670192e+01
4.668474492187500005e+02,-8.380610779910153951e+01
4.668477421874999891e+02,-8.832092430262802907e+01
4.668480351562500346e+02,-9.394491403257492834e+01
4.668483281250000232e+02,-9.519638663806370005e+01
4.668486210937500118e+02,-9.108396165470267647e+01
4.668489140625000005e+02,-8.827948896076499352e+01
4.668492070312499891e+02,-9.218758162208543183e+01
4.668495000000000346e+02,-8.858013972345361253e+01
4.668497929687500232e+02,-8.157650553843636487e+01
4.668500859375000118e+02,-8.582779584313760779e+01
4.668503789062500005e+02,-9.096970788964846122e+01
4.668506718749999891e+02,-8.166561504686467288e+01
4.668509648437500346e+02,-8.256960795951584942e+01
4.668512578125000232e+02,-8.031950807136081494e+01
4.668515507812500118e+02,-8.273222146702984503e+01
4.668518437500000005e+02,-8.628073351683794101e+01
4.668521367187499891e+02,-8.697858476929297922e+01
4.668524296875000346e+02,-9.023458689585324066e+01
4.668527226562500232e+02,-9.528629805228037242e+01
4.668530156250000118e+02,-9.134908255731122040e+01
4.668533085937500005e+02,-8.460537412458178608e+01
4.668536015624999891e+02,-8.667426586615965789e+01
4.668538945312500346e+02,-8.893309437414831109e+01
4.668541875000000232e+02,-9.435968834484954471e+01
4.668544804687500118e+02,-8.293002548551440611e+01
4.668547734375000005e+02,-8.609555027216347867e+01
4.668550664062499891e+02,-8.703318771495102624e+01
4.668553593750000346e+02,-8.932484486194120166e+01
4.668556523437500232e+02,-9.561137506441433231e+01
4.668559453125000118e+02,-8.493684062862462270e+01
4.668562382812500005e+02,-8.733589069006897887e+01
4.668565312499999891e+02,-7.806521088802969643e+01
4.668568242187500346e+02,-8.141629729779478453e+01
4.668571171875000232e+02,-8.670251832333045172e+01
4.668574101562500118e+02,-8.704010360420760151e+01
4.668577031250000005e+02,-8.472538251600943227e+01
4.668579960937499891e+02,-8.224777242547212097e+01
4.668582890625000346e+02,-8.844842911157492438e+01
4.668585820312500232e+02,-8.516055296833037858e+01
4.668588750000000118e+02,-9.601309994372309120e+01
4.668591679687500005e+02,-8.909134912758790392e+01
4.668594609374999891e+02,-8.451298273513805270e+01
4.668597539062500346e+02,-8.248168865327237143e+01
4.668600468750000232e+02,-8.801389631969010452e+01
4.668603398437500118e+02,-8.079996315479996838e+01
4.668606328125000005e+02,-8.124154243145801502e+01
4.668609257812499891e+02,-8.969615045449295110e+01
4.668612187500000346e+02,-9.052982597514450447e+01
4.668615117187500232e+02,-8.246742463094258824e+01
4.668618046875000118e+02,-8.112001478393401044e+01
4.668620976562500005e+02,-9.156525785143725216e+01
4.668623906249999891e+02,-8.551596358537652520e+01
4.668626835937500346e+02,-8.691884174326291657e+01
4.668629765625000232e+02,-9.700261549303255038e+01
4.668632695312500118e+02,-8.567747811282345083e+01
4.668635625000000005e+02,-8.510647978643133627e+01
4.668638554687499891e+02,-9.085872697022439581e+01
4.668641484375000346e+02,-7.897257803240992757e+01
4.668644414062500232e+02,-8.073148878731159073e+01
4.668647343750000118e+02,-8.217203174638416385e+01
4.668650273437500005e+02,-8.343090477068878386e+01
4.668653203124999891e+02,-8.892302155229714344e+01
4.668656132812500346e+02,-8.487432667455465207e+01
4.668659062500000232e+02,-7.975495584335897092e+01
4.668661992187500118e+02,-7.982677614144543554e+01
4.668664921875000005e+02,-8.386972197938709428e+01
4.668667851562499891e+02,-8.084991984401754905e+01
4.668670781250000346e+02,-8.779598677334966794e+01
4.668673710937500232e+02,-9.226250341207637007e+01
4.668676640625000118e+02,-8.171820232509421089e+01
4.668679570312500005e+02,-8.052808414840660589e+01
4.668682499999999891e+02,-8.330541042840529542e+01
4.668685429687500346e+02,-8.621558363393126001e+01
4.668688359375000232e+02,-8.294213247839742564e+01
4.668691289062500118e+02,-8.513634448315161762e+01
4.668694218750000005e+02,-8.456290708560652547e+01
4.668697148437499891e+02,-9.204169103604445468e+01
4.668700078125000346e+02,-1.001993364170772054e+02
4.668703007812500232e+02,-8.378062639712857163e+01
4.668705937500000118e+02,-7.866606957263462618e+01
4.668708867187500005e+02,-8.438518595485382434e+01
4.668711796874999891e+02,-9.096853106316652315e+01
4.668714726562500346e+02,-8.329836830363730371e+01
4.668717656250000232e+02,-8.018005455331865505e+01
4.668720585937500118e+02,-7.867389068411300457e+01
4.668723515625000005e+02,-7.741058507535394995e+01
4.668726445312499891e+02,-8.285512364285136755e+01
4.668729375000000346e+02,-8.645811870195896631e+01
4.668732304687500232e+02,-1.091160014038756145e+02
4.668735234375000118e+02,-8.900451793712971948e+01
4.668738164062500005e+02,-9.386145816976865319e+01
4.668741093749999891e+02,-8.544960143257833352e+01
4.668744023437500346e+02,-8.456291645359294762e+01
4.668746953125000232e+02,-8.291087688242411957e+01
4.668749882812500118e+02,-8.728806290837957249e+01
4.668752812500000005e+02,-8.257194232150686730e+01
4.668755742187499891e+02,-7.925812025264116301e+01
4.668758671875000346e+02,-8.078351373867917573e+01
4.668761601562500232e+02,-8.015705204499867875e+01
4.668764531250000118e+02,-8.223419714775799605e+01
4.668767460937500005e+02,-8.219383922967352873e+01
4.668770390624999891e+02,-8.249958334189982168e+01
4.668773320312500346e+02,-8.995635283768875468e+01
4.668776250000000232e+02,-8.397484116958821687e+01
4.668779179687500118e+02,-8.340180297701407142e+01
4.668782109375000005e+02,-8.505000844403468818e+01
4.668785039062499891e+02,-9.284733806321916916e+01
4.668787968750000346e+02,-8.367624759432442261e+01
4.668790898437500232e+02,-8.552886164635404498e+01
4.668793828125000118e+02,-8.551772601325261292e+01
4.668796757812500005e+02,-8.538504122166251875e+01
4.668799687499999891e+02,-8.838401831202007486e+01
4.668802617187500346e+02,-8.965210563594895632e+01
4.668805546875000232e+02,-9.671947970937559091e+01
4.668808476562500118e+02,-8.747539804777647987e+01
4.668811406250000005e+02,-8.323346676940261091e+01
4.668814335937499891e+02,-8.756921006200374791e+01
4.668817265625000346e+02,-9.610808541121195958e+01
4.668820195312500232e+02,-9.098546280687257592e+01
4.668823125000000118e+02,-8.402613078934382429e+01
4.668826054687500005e+02,-8.336545591290656887e+01
4.668828984374999891e+02,-9.527094752474343409e+01
4.668831914062500346e+02,-8.543355078817681658e+01
4.668834843750000232e+02,-9.757754277138889165e+01
4.668837773437500118e+02,-9.196770310478942179e+01
4.668840703125000005e+02,-8.639837552926267961e+01
4.668843632812499891e+02,-9.715462701825272518e+01
4.668846562500000346e+02,-9.068890697138820656e+01
4.668849492187500232e+02,-8.705585833641578120e+01
4.668852421875000118e+02,-8.487025236886043444e+01
4.668855351562500005e+02,-8.308146264212061283e+01
4.668858281249999891e+02,-8.103860948274622444e+01
4.668861210937500346e+02,-8.741095435282602466e+01
4.668864140625000232e+02,-9.089278038829388606e+01
4.668867070312500118e+02,-8.665173322117949795e+01
4.668870000000000005e+02,-9.019331837138810215e+01
4.668872929687499891e+02,-9.460748809781209445e+01
4.668875859375000346e+02,-9.168442464463716135e+01
4.668878789062500232e+02,-8.371523552593995987e+01
4.668881718750000118e+02,-8.362389234315271835e+01
4.668884648437500005e+02,-8.549290619456837703e+01
4.668887578124999891e+02,-8.852262814797765600e+01
4.668890507812500346e+02,-8.394736531426087822e+01
4.668893437500000232e+02,-8.155956122675979714e+01
4.668896367187500118e+02,-8.069608563354810826e+01
4.668899296875000005e+02,-8.308146201523706509e+01
4.668902226562499891e+02,-8.880205611636002061e+01
4.668905156250000346e+02,-8.976237474459111354e+01
4.668908085937500232e+02,-9.081102256519321259e+01
4.668911015625000118e+02,-8.264965301065370795e+01
4.668913945312500005e+02,-7.833545303631603929e+01
4.668916874999999891e+02,-7.763096103583359309e+01
4.668919804687500346e+02,-8.030150749292033652e+01
4.668922734375000232e+02,-8.257940702468287952e+01
4.668925664062500118e+02,-8.534805486004563591e+01
4.668928593750000005e+02,-8.779310291380528497e+01
4.668931523437499891e+02,-8.140877569910564659e+01
4.668934453125000346e+02,-7.922018223506734103e+01
4.668937382812500232e+02,-8.515001830772521885e+01
4.668940312500000118e+02,-8.755710081467529449e+01
4.668943242187500005e+02,-8.839991069499828313e+01
4.668946171874999891e+02,-8.967547173250480341e+01
4.668949101562500346e+02,-9.467942327853295126e+01
4.668952031250000232e+02,-8.407669543168412929e+01
4.668954960937500118e+02,-8.697195921977365174e+01
4.668957890625000005e+02,-8.410286853080371827e+01
4.668960820312499891e+02,-8.479420007267526671e+01
4.668963750000000346e+02,-8.399350317840364255e+01
4.668966679687500232e+02,-9.214651860829476959e+01
4.668969609375000118e+02,-9.612775837281859026e+01
4.668972539062500005e+02,-8.953303230858416839e+01
4.668975468749999891e+02,-8.771237719646485687e+01
4.668978398437500346e+02,-8.233207274886090943e+01
4.668981328125000232e+02,-8.219201358925212730e+01
4.668984257812500118e+02,-8.753721383210155693e+01
4.668987187500000005e+02,-8.664874205477291014e+01
4.668990117187499891e+02,-8.564874696058959103e+01
4.668993046875000346e+02,-8.797362843422573064e+01
4.668995976562500232e+02,-9.009364933069370807e+01
4.668998906250000118e+02,-8.450049941600335046e+01
4.669001835937500005e+02,-8.973268563170825018e+01
4.669004765624999891e+02,-8.809638708835120724e+01
4.669007695312500346e+02,-8.270419898856144414e+01
4.669010625000000232e+02,-8.272631297011601248e+01
4.669013554687500118e+02,-8.309781030242989175e+01
4.669016484375000005e+02,-8.777609039195959895e+01
4.669019414062499891e+02,-9.134246053883494199e+01
4.669022343750000346e+02,-9.044763265763367599e+01
4.669025273437500232e+02,-8.026526943839841977e+01
4.669028203125000118e+02,-7.974322226296996519e+01
4.669031132812500005e+02,-9.570765349602693561e+01
4.669034062499999891e+02,-7.916662831848209692e+01
4.669036992187500346e+02,-8.008296268000481177e+01
4.669039921875000232e+02,-8.187130721635338659e+01
4.669042851562500118e+02,-8.133585745959058499e+01
4.669045781250000005e+02,-9.423191231416161884e+01
4.669048710937499891e+02,-8.221029075910661277e+01
4.669051640625000346e+02,-8.124450007257878781e+01
4.669054570312500232e+02,-8.332752321189182965e+01
4.669057500000000118e+02,-9.299293558211600441e+01
4.669060429687500005e+02,-8.648971250289962143e+01
4.669063359374999891e+02,-8.254670423511410604e+01
4.669066289062500346e+02,-8.375505090157290056e+01
4.669069218750000232e+02,-8.468132841436323588e+01
4.669072148437500118e+02,-8.747305295900515887e+01
4.669075078125000005e+02,-9.716917298267203762e+01
4.669078007812499891e+02,-8.579761212637257017e+01
4.669080937500000346e+02,-9.619334007786648044e+01
4.669083867187500232e+02,-8.600409450001178868e+01
4.669086796875000118e+02,-8.722027725001210285e+01
4.669089726562500005e+02,-8.873338181318951001e+01
4.669092656249999891e+02,-8.141887973529202327e+01
4.669095585937500346e+02,-8.850218561197419831e+01
4.669098515625000232e+02,-8.268686237956272578e+01
4.669101445312500118e+02,-8.147633682533707145e+01
4.669104375000000005e+02,-7.991348778575728318e+01
4.669107304687499891e+02,-8.718915157750316780e+01
4.669110234375000346e+02,-8.177407339189366553e+01
4.669113164062500232e+02,-8.928874613801390581e+01
4.669116093750000118e+02,-8.627701379425629113e+01
4.669119023437500005e+02,-9.191171104328459762e+01
4.669121953124999891e+02,-7.944984886593491069e+01
4.669124882812500346e+02,-8.164865961922825477e+01
4.669127812500000232e+02,-8.864444620463711999e+01
4.669130742187500118e+02,-8.278179682963711628e+01
4.669133671875000005e+02,-8.405032252882713806e+01
4.669136601562499891e+02,-8.614625227796067009e+01
4.669139531250000346e+02,-8.321543559772530330e+01
4.669142460937500232e+02,-8.200835630755233296e+01
4.669145390625000118e+02,-8.093219151907079834e+01
4.669148320312500005e+02,-8.005075789841538381e+01
4.669151249999999891e+02,-8.321039658635700675e+01
4.669154179687500346e+02,-7.908273780683143173e+01
4.669157109375000232e+02,-8.008163219827767421e+01
4.669160039062500118e+02,-9.161953921026162107e+01
4.669162968750000005e+02,-1.169448056614402986e+02
4.669165898437499891e+02,-9.258325023411777011e+01
4.669168828125000346e+02,-8.436565549629604277e+01
4.669171757812500232e+02,-9.155163131194881032e+01
4.669174687500000118e+02,-8.561394099674564018e+01
4.669177617187500005e+02,-8.184649358448213263e+01
4.669180546874999891e+02,-8.601325942622514731e+01
4.669183476562500346e+02,-8.936205656290864852e+01
4.669186406250000232e+02,-8.438391492366392299e+01
4.669189335937500118e+02,-8.565679117607169246e+01
4.669192265625000005e+02,-9.429077636377164140e+01
4.669195195312499891e+02,-8.502684569334559228e+01
4.669198125000000346e+02,-8.769208343705363973e+01
4.669201054687500232e+02,-8.902080763950155529e+01
4.669203984375000118e+02,-8.093183748946472633e+01
4.669206914062500005e+02,-8.428834541292098947e+01
4.669209843749999891e+02,-9.254517094458471149e+01
4.669212773437500346e+02,-9.904753178209423936e+01
4.669215703125000232e+02,-8.714611141804593331e+01
4.669218632812500118e+02,-9.122464860502473982e+01
4.669221562500000005e+02,-9.359858512854849266e+01
4.669224492187499891e+02,-8.939039721033049091e+01
4.669227421875000346e+02,-9.044785397170591068e+01
4.669230351562500232e+02,-9.201187614959513894e+01
4.669233281250000118e+02,-1.108258109989982074e+02
4.669236210937500005e+02,-8.481709485658591063e+01
4.669239140624999891e+02,-8.169485617900753027e+01
4.669242070312500346e+02,-8.500695618865323411e+01
4.669245000000000232e+02,-8.759792273673068053e+01
4.669247929687500118e+02,-8.202835956827482278e+01
4.669250859375000005e+02,-7.836416414413173470e+01
4.669253789062499891e+02,-7.971706580057897895e+01
4.669256718750000346e+02,-8.377355439631962497e+01
4.669259648437500232e+02,-9.295377607181565338e+01
4.669262578125000118e+02,-9.161971188610854711e+01
4.669265507812500005e+02,-9.047963527251124560e+01
4.669268437499999891e+02,-8.996408512329426799e+01
4.669271367187500346e+02,-8.892299541959515352e+01
4.669274296875000232e+02,-9.121091623444520735e+01
4.669277226562500118e+02,-8.198361430493375224e+01
4.669280156250000005e+02,-8.957339681091681882e+01
4.669283085937499891e+02,-9.596933957559724604e+01
4.669286015625000346e+02,-8.903821963016912377e+01
4.669288945312500232e+02,-8.115554934326544867e+01
4.669291875000000118e+02,-7.954162715964653785e+01
4.669294804687500005e+02,-8.013500449598845421e+01
4.669297734374999891e+02,-8.495289455639496623e+01
4.669300664062500346e+02,-8.854681499257858945e+01
4.669303593750000232e+02,-8.453708859332230929e+01
4.669306523437500118e+02,-8.970914097315778690e+01
4.669309453125000005e+02,-9.089603733805236629e+01
4.669312382812499891e+02,-8.826838171231628394e+01
4.669315312500000346e+02,-8.460616490868738993e+01
4.669318242187500232e+02,-8.710335912768590561e+01
4.669321171875000118e+02,-8.556148653138478721e+01
4.669324101562500005e+02,-8.241100851800359806e+01
4.669327031249999891e+02,-7.659282049347140742e+01
4.669329960937500346e+02,-7.588496393339465840e+01
4.669332890625000232e+02,-7.912831791811709081e+01
4.669335820312500118e+02,-8.759890038550196323e+01
4.669338750000000005e+02,-9.410941416102357948e+01
4.669341679687499891e+02,-9.186512176556703935e+01
4.669344609375000346e+02,-8.547641291038631550e+01
4.669347539062500232e+02,-8.114181257296962713e+01
4.669350468750000118e+02,-8.062768824232891518e+01
4.669353398437500005e+02,-8.271280695996321697e+01
4.669356328124999891e+02,-8.858286075010758509e+01
4.669359257812500346e+02,-9.225377050666948264e+01
4.669362187500000232e+02,-8.626489084074295022e+01
4.669365117187500118e+02,-8.739773271804762089e+01
4.669368046875000005e+02,-8.149449434203091869e+01
4.669370976562499891e+02,-8.122655261683854633e+01
4.669373906250000346e+02,-8.509635590102008962e+01
4.669376835937500232e+02,-8.355845618021396604e+01
4.669379765625000118e+02,-8.766618559222618501e+01
4.669382695312500005e+02,-8.943475619163471890e+01
4.669385624999999891e+02,-8.234968163399972241e+01
4.669388554687500346e+02,-8.519142305666866832e+01
4.669391484375000232e+02,-8.914792289927092384e+01
4.669394414062500118e+02,-8.320910030007152614e+01
4.669397343750000005e+02,-1.058653409076487293e+02
4.669400273437499891e+02,-7.954263596675221493e+01
4.669403203125000346e+02,-8.396600070419991368e+01
4.669406132812500232e+02,-8.536446010904066384e+01
4.669409062500000118e+02,-8.086633387177130317e+01
4.669411992187500005e+02,-1.003867293782159038e+02
4.669414921874999891e+02,-8.771596273819527312e+01
4.669417851562500346e+02,-8.686011957601519384e+01
4.669420781250000232e+02,-8.248981014058836081e+01
4.669423710937500118e+02,-8.659936993255249149e+01
4.669426640625000005e+02,-8.464794252048649525e+01
4.669429570312499891e+02,-8.728642990025744552e+01
4.669432500000000346e+02,-8.337398330900592214e+01
4.669435429687500232e+02,-8.532266303547547182e+01
4.669438359375000118e+02,-9.294309851450408644e+01
4.669441289062500005e+02,-8.409530601614073930e+01
4.669444218749999891e+02,-7.902035100469947793e+01
4.669447148437500346e+02,-7.985646051963355774e+01
4.669450078125000232e+02,-8.598021688765548731e+01
4.669453007812500118e+02,-8.584549746725309660e+01
4.669455937500000005e+02,-8.142954665279961546e+01
4.669458867187499891e+02,-8.076079336189721403e+01
4.669461796875000346e+02,-8.410678466615968318e+01
4.669464726562500232e+02,-9.463538407899551430e+01
4.669467656250000118e+02,-8.821847341138601450e+01
4.669470585937500005e+02,-8.080996554139946397e+01
4.669473515624999891e+02,-7.893128227389480855e+01
4.669476445312500346e+02,-8.067790273033766368e+01
4.669479375000000232e+02,-8.967217869279218689e+01
4.669482304687500118e+02,-8.896500676905719729e+01
4.669485234375000005e+02,-8.069829410586763174e+01
4.669488164062499891e+02,-7.987825388619407363e+01
4.669491093750000346e+02,-8.979870401775492894e+01
4.669494023437500232e+02,-8.149975614692243653e+01
4.669496953125000118e+02,-8.084159547585858263e+01
4.669499882812500005e+02,-8.771420564825399424e+01
4.669502812499999891e+02,-8.464960872855974117e+01
4.669505742187500346e+02,-8.274990689957490986e+01
4.669508671875000232e+02,-8.667375167215949716e+01
4.669511601562500118e+02,-8.090390386343241858e+01
4.669514531250000005e+02,-8.235852034752900863e+01
4.669517460937499891e+02,-8.293340423866024480e+01
4.669520390625000346e+02,-8.599089312916848371e+01
4.669523320312500232e+02,-8.127557955532977019e+01
4.669526250000000118e+02,-8.512296856178694782e+01
4.669529179687500005e+02,-8.844358749062932645e+01
4.669532109374999891e+02,-8.501377825130981591e+01
4.669535039062500346e+02,-9.171473601004962006e+01
4.669537968750000232e+02,-8.649094849751092795e+01
4.669540898437500118e+02,-7.748888521117660844e+01
4.669543828125000005e+02,-7.966004475623965675e+01
4.669546757812499891e+02,-7.974537826318157840e+01
4.669549687500000346e+02,-8.420697142544253211e+01
4.669552617187500232e+02,-8.807585252831157163e+01
4.669555546875000118e+02,-9.131438694216470253e+01
4.669558476562500005e+02,-9.184252539176513608e+01
4.669561406249999891e+02,-8.163608254366850758e+01
4.669564335937500346e+02,-8.087553019692489897e+01
4.669567265625000232e+02,-8.421010258049778940e+01
4.669570195312500118e+02,-8.307933350162601016e+01
4.669573125000000005e+02,-8.295899892258495356e+01
4.669576054687499891e+02,-7.800729048375147556e+01
4.669578984375000346e+02,-7.807055261419529302e+01
4.669581914062500232e+02,-8.146876205650498548e+01
4.669584843750000118e+02,-9.323724740038748848e+01
4.669587773437500005e+02,-8.196883011104085881e+01
4.669590703124999891e+02,-8.469356012367215669e+01
4.669593632812500346e+02,-8.587358744092141194e+01
4.669596562500000232e+02,-8.811962450486123544e+01
4.669599492187500118e+02,-8.278325231123619687e+01
4.669602421875000005e+02,-9.331576901181631456e+01
4.669605351562499891e+02,-8.347619511036448614e+01
4.669608281250000346e+02,-7.942380302060712438e+01
4.669611210937500232e+02,-8.038407287442643678e+01
4.669614140625000118e+02,-7.895698970805669603e+01
4.669617070312500005e+02,-8.643738871930713685e+01
4.669619999999999891e+02,-9.481696338159368054e+01
4.669622929687500346e+02,-8.594405769115246585e+01
4.669625859375000232e+02,-8.354344701636574655e+01
4.669628789062500118e+02,-9.002025161335394898e+01
4.669631718750000005e+02,-8.784071490325291620e+01
4.669634648437499891e+02,-7.643109745377688569e+01
4.669637578125000346e+02,-7.933877371213269214e+01
4.669640507812500232e+02,-9.199145513102423877e+01
4.669643437500000118e+02,-8.124234885127927441e+01
4.669646367187500005e+02,-8.358507156423638662e+01
4.669649296874999891e+02,-8.143461145543982127e+01
4.669652226562500346e+02,-8.214278531547647333e+01
4.669655156250000232e+02,-7.887213345360517280e+01
4.669658085937500118e+02,-7.991291313767099780e+01
4.669661015625000005e+02,-8.605512554645174816e+01
4.669663945312499891e+02,-8.878086644928831106e+01
4.669666875000000346e+02,-8.453734150674117132e+01
4.669669804687500232e+02,-8.471905446894167824e+01
4.669672734375000118e+02,-8.943874730380457549e+01
4.669675664062500005e+02,-8.409849392037564542e+01
4.669678593749999891e+02,-8.069667534381454743e+01
4.669681523437500346e+02,-8.156946320192184885e+01
4.669684453125000232e+02,-8.198395240810941687e+01
4.669687382812500118e+02,-7.897605542037615578e+01
4.669690312500000005e+02,-8.495275047027550386e+01
4.669693242187499891e+02,-8.310244390312578844e+01
4.669696171875000346e+02,-8.273886162996737426e+01
4.669699101562500232e+02,-9.087641838245048120e+01
4.669702031250000118e+02,-8.414780452340349370e+01
4.669704960937500005e+02,-7.954958428141891602e+01
4.669707890624999891e+02,-9.703049116520965356e+01
4.669710820312500346e+02,-8.793759921197454332e+01
4.669713750000000232e+02,-8.175538536361854369e+01
4.669716679687500118e+02,-8.392507728089277919e+01
4.669719609375000005e+02,-8.465282883854496276e+01
4.669722539062499891e+02,-8.254616724609195444e+01
4.669725468750000346e+02,-7.979800275017976219e+01
4.669728398437500232e+02,-8.866779822415907120e+01
4.669731328125000118e+02,-8.465136613163161883e+01
4.669734257812500005e+02,-9.021805197185572922e+01
4.669737187499999891e+02,-8.276406840963147715e+01
4.669740117187500346e+02,-8.683522776218261185e+01
4.669743046875000232e+02,-7.922118040723570687e+01
4.669745976562500118e+02,-7.513593091088463893e+01
4.669748906250000005e+02,-7.757331414966606076e+01
4.669751835937499891e+02,-8.315656940007184517e+01
4.669754765625000346e+02,-1.002240182433759372e+02
4.669757695312500232e+02,-8.258031982998994636e+01
4.669760625000000118e+02,-8.601300971253633065e+01
4.669763554687500005e+02,-8.763199641392131412e+01
4.669766484374999891e+02,-8.418984174924301556e+01
4.669769414062500346e+02,-7.974974112434654216e+01
4.669772343750000232e+02,-8.406190799618167375e+01
4.669775273437500118e+02,-8.617252019353654191e+01
4.669778203125000005e+02,-9.535417745527928446e+01
4.669781132812499891e+02,-8.440185458062522628e+01
4.669784062500000346e+02,-8.463561158979175048e+01
4.669786992187500232e+02,-8.440128041162510897e+01
4.669789921875000118e+02,-9.249349158337557242e+01
4.669792851562500005e+02,-9.433766260590638808e+01
4.669795781249999891e+02,-7.959189751612174746e+01
4.669798710937500346e+02,-7.641572538747672638e+01
4.669801640625000232e+02,-7.797773171157199101e+01
4.669804570312500118e+02,-8.357312203255847294e+01
4.669807500000000005e+02,-8.488899443218005558e+01
4.669810429687499891e+02,-8.417088393588778672e+01
4.669813359375000346e+02,-8.712774742253711224e+01
4.669816289062500232e+02,-9.486532458887886321e+01
4.669819218750000118e+02,-8.349363261231736999e+01
4.669822148437500005e+02,-8.759484346639767693e+01
4.669825078124999891e+02,-7.884741499385727082e+01
4.669828007812500346e+02,-8.214863147841766988e+01
4.669830937500000232e+02,-8.716617383961208532e+01
4.669833867187500118e+02,-7.814112645632270926e+01
4.669836796875000005e+02,-7.863245567408225156e+01
4.669839726562499891e+02,-9.514928879774987536e+01
4.669842656250000346e+02,-9.518567245119699294e+01
4.669845585937500232e+02,-1.094758841395240978e+02
4.669848515625000118e+02,-8.735459674438388333e+01
4.669851445312500005e+02,-8.903520974403063803e+01
4.669854374999999891e+02,-8.244971699686745126e+01
4.669857304687500346e+02,-8.297491089771126838e+01
4.669860234375000232e+02,-8.509496406689110870e+01
4.669863164062500118e+02,-7.871678958422845085e+01
4.669866093750000005e+02,-8.128516129907256982e+01
4.669869023437499891e+02,-1.126552890799434010e+02
4.669871953125000346e+02,-8.179110471675932104e+01
4.669874882812500232e+02,-8.493858776876584216e+01
4.669877812500000118e+02,-7.909530824122091985e+01
4.669880742187500005e+02,-7.827181077895501460e+01
4.669883671874999891e+02,-7.928340585614070335e+01
4.669886601562500346e+02,-8.239334547203240788e+01
4.669889531250000232e+02,-8.360922021202790688e+01
4.669892460937500118e+02,-8.046117690880964801e+01
4.669895390625000005e+02,-8.107466082344652136e+01
4.669898320312499891e+02,-8.115756487783009732e+01
4.669901250000000346e+02,-8.228213256853860003e+01
4.669904179687500232e+02,-8.767912209405979240e+01
4.669907109375000118e+02,-8.096452189398242183e+01
4.669910039062500005e+02,-7.959025163332870534e+01
4.669912968749999891e+02,-8.077835413372062590e+01
4.669915898437500346e+02,-7.575006254723966492e+01
4.669918828125000232e+02,-7.799674534401012238e+01
4.669921757812500118e+02,-7.689979777734441768e+01
4.669924687500000005e+02,-7.678642347990991368e+01
4.669927617187499891e+02,-8.330280716754703008e+01
4.669930546875000346e+02,-8.024230033054743672e+01
4.669933476562500232e+02,-1.018016445311968141e+02
4.669936406250000118e+02,-8.528291924110737909e+01
4.669939335937500005e+02,-8.800530258019892926e+01
4.669942265624999891e+02,-8.322195200911308177e+01
4.669945195312500346e+02,-8.590002187356340357e+01
4.669948125000000232e+02,-8.305356986583909418e+01
4.669951054687500118e+02,-8.871004565933434094e+01
4.669953984375000005e+02,-8.316263030700228853e+01
4.669956914062499891e+02,-8.391388832923678365e+01
4.669959843750000346e+02,-8.486053703216775546e+01
4.669962773437500232e+02,-8.421561852584241592e+01
4.669965703125000118e+02,-8.676835396550586665e+01
4.669968632812500005e+02,-9.201302414391896889e+01
4.669971562499999891e+02,-9.136352327357450065e+01
4.669974492187500346e+02,-9.060114490838094525e+01
4.669977421875000232e+02,-8.713095273297314236e+01
4.669980351562500118e+02,-8.780667735203920188e+01
4.669983281250000005e+02,-8.433731365993563145e+01
4.669986210937499891e+02,-8.542552737603010371e+01
4.669989140625000346e+02,-9.493740026103213836e+01
4.669992070312500232e+02,-8.024389264908599273e+01
4.669995000000000118e+02,-7.833778765804265731e+01
4.669997929687500005e+02,-8.480220048558692270e+01
4.670000859374999891e+02,-8.047574866795739013e+01
4.670003789062500346e+02,-8.790485095692831408e+01
4.670006718750000232e+02,-8.824285369055377259e+01
4.670009648437500118e+02,-7.992699096456887276e+01
4.670012578125000005e+02,-7.931722432416512447e+01
4.670015507812499891e+02,-7.743783741140612165e+01
4.670018437500000346e+02,-7.696116755267981091e+01
4.670021367187500232e+02,-7.824307790459525336e+01
4.670024296875000118e+02,-8.661538089723407552e+01
4.670027226562500005e+02,-8.445501417012448542e+01
4.670030156249999891e+02,-8.662316497000490756e+01
4.670033085937500346e+02,-8.799876557348562756e+01
4.670036015625000232e+02,-1.026520457110869842e+02
4.670038945312500118e+02,-8.826349695484283586e+01
4.670041875000000005e+02,-8.128672100089899288e+01
4.670044804687499891e+02,-8.936440538542066747e+01
4.670047734375000346e+02,-9.507523895677154258e+01
4.670050664062500232e+02,-8.395853331101125150e+01
4.670053593750000118e+02,-9.710450906367272239e+01
4.670056523437500005e+02,-9.283919866465748783e+01
4.670059453124999891e+02,-9.767777919816838050e+01
4.670062382812500346e+02,-8.280933930757740313e+01
4.670065312500000232e+02,-7.796672152065409023e+01
4.670068242187500118e+02,-8.089707959447665075e+01
4.670071171875000005e+02,-8.091605102149429740e+01
4.670074101562499891e+02,-9.479040735936850126e+01
4.670077031250000346e+02,-8.972089484180531826e+01
4.670079960937500232e+02,-8.373728653542455902e+01
4.670082890625000118e+02,-8.042715494204085758e+01
4.670085820312500005e+02,-8.814549201902005393e+01
4.670088749999999891e+02,-8.673504138304420508e+01
4.670091679687500346e+02,-8.479463088381605473e+01
4.670094609375000232e+02,-8.008781328109435549e+01
4.670097539062500118e+02,-8.860626149441438315e+01
4.670100468750000005e+02,-8.485813831204141877e+01
4.670103398437499891e+02,-7.931763640198556686e+01
4.670106328125000346e+02,-7.487222382325873582e+01
4.670109257812500232e+02,-7.806226343750691399e+01
4.670112187500000118e+02,-7.844821198501330173e+01
4.670115117187500005e+02,-8.329611509066720032e+01
4.670118046874999891e+02,-9.715956730377671136e+01
4.670120976562500346e+02,-9.728667561250581741e+01
4.670123906250000232e+02,-8.666437470913784580e+01
4.670126835937500118e+02,-8.067268881535090941e+01
4.670129765625000005e+02,-8.595551064635301941e+01
4.670132695312499891e+02,-8.443457054022240982e+01
4.670135625000000346e+02,-7.959145606461835598e+01
4.670138554687500232e+02,-8.225965048311789474e+01
4.670141484375000118e+02,-8.502985483624721041e+01
4.670144414062500005e+02,-8.221060546426053861e+01
4.670147343749999891e+02,-8.113849594131545473e+01
4.670150273437500346e+02,-8.156893494300368275e+01
4.670153203125000232e+02,-8.371360704344735382e+01
4.670156132812500118e+02,-7.833642901178755835e+01
4.670159062500000005e+02,-8.336004298992092743e+01
4.670161992187499891e+02,-8.158228208670476533e+01
4.670164921875000346e+02,-8.389113585247015692e+01
4.670167851562500232e+02,-8.276583321439767360e+01
4.670170781250000118e+02,-8.807312715297454986e+01
4.670173710937500005e+02,-1.054511920087951466e+02
4.670176640624999891e+02,-8.518469283713493212e+01
4.670179570312500346e+02,-8.144051627145701389e+01
4.670182500000000232e+02,-8.243439670356679017e+01
4.670185429687500118e+02,-8.895734787089807583e+01
4.670188359375000005e+02,-7.818821431394195542e+01
4.670191289062499891e+02,-7.659646361706604978e+01
4.670194218750000346e+02,-7.949436903995913895e+01
4.670197148437500232e+02,-8.463371007207533125e+01
4.670200078125000118e+02,-7.850133662285598746e+01
4.670203007812500005e+02,-8.056654777828499903e+01
4.670205937499999891e+02,-8.454025850224788030e+01
4.670208867187500346e+02,-9.721282722619436356e+01
4.670211796875000232e+02,-8.644912873426403621e+01
4.670214726562500118e+02,-8.100168079706371316e+01
4.670217656250000005e+02,-8.116621048986978337e+01
4.670220585937499891e+02,-9.032120751689694771e+01
4.670223515625000346e+02,-8.864792502801856244e+01
4.670226445312500232e+02,-8.231086999638749546e+01
4.670229375000000118e+02,-7.784956940255364088e+01
4.670232304687500005e+02,-8.504143508504868976e+01
4.670235234374999891e+02,-8.631560591890261946e+01
4.670238164062500346e+02,-8.562370664369933593e+01
4.670241093750000232e+02,-8.081929059785633740e+01
4.670244023437500118e+02,-8.464638423320610627e+01
4.670246953125000005e+02,-9.373172967385350773e+01
4.670249882812499891e+02,-7.904478872830488001e+01
4.670252812500000346e+02,-7.855763080930560704e+01
4.670255742187500232e+02,-9.520284394582745335e+01
4.670258671875000118e+02,-8.484524407193970319e+01
4.670261601562500005e+02,-8.013909456277787058e+01
4.670264531249999891e+02,-7.745166502465204417e+01
4.670267460937500346e+02,-7.601579045165306070e+01
4.670270390625000232e+02,-7.806867754974361162e+01
4.670273320312500118e+02,-7.968853425452887507e+01
4.670276250000000005e+02,-8.887142101867158317e+01
4.670279179687499891e+02,-8.062224414580528276e+01
4.670282109375000346e+02,-8.437653697937429342e+01
4.670285039062500232e+02,-8.357542294021379803e+01
4.670287968750000118e+02,-9.296862813179940588e+01
4.670290898437500005e+02,-7.987696101656085546e+01
4.670293828124999891e+02,-7.802724585501701426e+01
4.670296757812500346e+02,-8.332165453411354861e+01
4.670299687500000232e+02,-8.270481021870728000e+01
4.670302617187500118e+02,-8.498956805741642029e+01
4.670305546875000005e+02,-8.908766772327972205e+01
4.670308476562499891e+02,-8.993494625323546643e+01
4.670311406250000346e+02,-8.596715343730315340e+01
4.670314335937500232e+02,-8.062062729947696482e+01
4.670317265625000118e+02,-9.033629184212168184e+01
4.670320195312500005e+02,-7.973913961315071219e+01
4.670323124999999891e+02,-8.546540590078116395e+01
4.670326054687500346e+02,-8.987599409749466872e+01
4.670328984375000232e+02,-8.752244911767647295e+01
4.670331914062500118e+02,-8.238290808465609416e+01
4.670334843750000005e+02,-8.217612042064706657e+01
4.670337773437499891e+02,-9.660715761447875138e+01
4.670340703125000346e+02,-8.836920165481907929e+01
4.670343632812500232e+02,-8.124787420683175299e+01
4.670346562500000118e+02,-8.357236864480631766e+01
4.670349492187500005e+02,-8.979133146303109925e+01
4.670352421874999891e+02,-8.532650725816165505e+01
4.670355351562500346e+02,-8.591269795610429583e+01
4.670358281250000232e+02,-7.972709612872158402e+01
4.670361210937500118e+02,-7.608847318236294655e+01
4.670364140625000005e+02,-7.990403101324646684e+01
4.670367070312499891e+02,-1.000279637803202775e+02
4.670370000000000346e+02,-8.637414679919119465e+01
4.670372929687500232e+02,-7.886791068713269226e+01
4.670375859375000118e+02,-8.226822651665057151e+01
4.670378789062500005e+02,-9.291727703328996313e+01
4.670381718749999891e+02,-7.928365094881213793e+01
4.670384648437500346e+02,-7.951650085023432268e+01
4.670387578125000232e+02,-8.853782102523285857e+01
4.670390507812500118e+02,-8.538153990662198112e+01
4.670393437500000005e+02,-8.381229479642607316e+01
4.670396367187499891e+02,-8.760797458709868124e+01
4.670399296875000346e+02,-8.746873206273535573e+01
4.670402226562500232e+02,-8.420178292551860011e+01
4.670405156250000118e+02,-8.497997460695090410e+01
4.670408085937500005e+02,-1.012870469617602964e+02
4.670411015624999891e+02,-8.285690308052089392e+01
4.670413945312500346e+02,-8.701075654313115137e+01
4.670416875000000232e+02,-8.484642538891438335e+01
4.670419804687500118e+02,-8.415022931060504163e+01
4.670422734375000005e+02,-8.384649070082110711e+01
4.670425664062499891e+02,-8.737696225370757475e+01
4.670428593750000346e+02,-8.960134136522684400e+01
4.670431523437500232e+02,-9.444866873401196017e+01
4.670434453125000118e+02,-7.911142294272852382e+01
4.670437382812500005e+02,-8.211010844288180976e+01
4.670440312499999891e+02,-8.187665364538396773e+01
4.670443242187500346e+02,-8.050895910421803592e+01
4.670446171875000232e+02,-8.141801415711837819e+01
4.670449101562500118e+02,-7.945014975703310256e+01
4.670452031250000005e+02,-8.307034663022952259e+01
4.670454960937499891e+02,-9.017633432167900764e+01
4.670457890625000346e+02,-9.180084046249548635e+01
4.670460820312500232e+02,-9.077407705786902170e+01
4.670463750000000118e+02,-8.832377330768339618e+01
4.670466679687500005e+02,-8.420387935523260126e+01
4.670469609374999891e+02,-8.481882290853107520e+01
4.670472539062500346e+02,-8.522595198204672329e+01
4.670475468750000232e+02,-8.440879641460669802e+01
4.670478398437500118e+02,-7.901519376133857975e+01
4.670481328125000005e+02,-7.958938135820788773e+01
4.670484257812499891e+02,-9.184945419730905769e+01
4.670487187500000346e+02,-7.964867408587390685e+01
4.670490117187500232e+02,-8.215874888812885501e+01
4.670493046875000118e+02,-9.089777369541167218e+01
4.670495976562500005e+02,-8.896075996944459519e+01
4.670498906249999891e+02,-8.910454379891359622e+01
4.670501835937500346e+02,-9.177831056032074741e+01
4.670504765625000232e+02,-8.140531922971322842e+01
4.670507695312500118e+02,-7.799488033607650550e+01
4.670510625000000005e+02,-8.293058488951078289e+01
4.670513554687499891e+02,-8.362336734073400635e+01
4.670516484375000346e+02,-8.426478392401939743e+01
4.670519414062500232e+02,-8.622686512728961361e+01
4.670522343750000118e+02,-8.498443230527421122e+01
4.670525273437500005e+02,-9.108651804684231479e+01
4.670528203124999891e+02,-8.360897565276424359e+01
4.670531132812500346e+02,-8.802299535269099806e+01
4.670534062500000232e+02,-1.002399883385795221e+02
4.670536992187500118e+02,-1.034140242242396965e+02
4.670539921875000005e+02,-8.844740964148753903e+01
4.670542851562499891e+02,-9.152497918587192771e+01
4.670545781250000346e+02,-8.147304749275190261e+01
4.670548710937500232e+02,-8.248356016999240126e+01
4.670551640625000118e+02,-9.318730185436027114e+01
4.670554570312500005e+02,-9.224119144298251172e+01
4.670557499999999891e+02,-8.433378625560705188e+01
4.670560429687500346e+02,-7.766318643975478153e+01
4.670563359375000232e+02,-7.962148384505033505e+01
4.670566289062500118e+02,-8.244957217803550975e+01
4.670569218750000005e+02,-8.141436284647306820e+01
4.670572148437499891e+02,-8.421872395469804928e+01
4.670575078125000346e+02,-8.966736277695851243e+01
4.670578007812500232e+02,-7.865978326192515624e+01
4.670580937500000118e+02,-7.805208302646670404e+01
4.670583867187500005e+02,-8.397899439693850354e+01
4.670586796874999891e+02,-1.068158331396489871e+02
4.670589726562500346e+02,-8.650248540541980447e+01
4.670592656250000232e+02,-1.033402551178184723e+02
4.670595585937500118e+02,-8.700212549102499793e+01
4.670598515625000005e+02,-7.950454222664291137e+01
4.670601445312499891e+02,-8.209726641003051384e+01
4.670604375000000346e+02,-8.695127190509657567e+01
4.670607304687500232e+02,-8.781336685782716245e+01
4.670610234375000118e+02,-8.177997962273363441e+01
4.670613164062500005e+02,-8.323109478547215190e+01
4.670616093749999891e+02,-8.855836713230439727e+01
4.670619023437500346e+02,-8.259171288294338353e+01
4.670621953125000232e+02,-9.250991279505670661e+01
4.670624882812500118e+02,-8.625769185205875544e+01
4.670627812500000005e+02,-8.491021694521955965e+01
4.670630742187499891e+02,-8.877669974216814808e+01
4.670633671875000346e+02,-8.422618117503108692e+01
4.670636601562500232e+02,-9.027581066430971646e+01
4.670639531250000118e+02,-8.945420989730565964e+01
4.670642460937500005e+02,-8.311044844573277146e+01
4.670645390624999891e+02,-8.375611094516587229e+01
4.670648320312500346e+02,-9.464774730541174108e+01
4.670651250000000232e+02,-8.592445075821723321e+01
4.670654179687500118e+02,-8.603619397906021504e+01
4.670657109375000005e+02,-8.294870390741280630e+01
4.670660039062499891e+02,-7.764356436615064183e+01
4.670662968750000346e+02,-8.135485562384593550e+01
4.670665898437500232e+02,-7.699220598469960919e+01
4.670668828125000118e+02,-8.100242926657551834e+01
4.670671757812500005e+02,-8.191431807665509268e+01
4.670674687499999891e+02,-8.602687216626021893e+01
4.670677617187500346e+02,-8.505522012589551650e+01
4.670680546875000232e+02,-8.559422871006179889e+01
4.670683476562500118e+02,-9.740932264197738277e+01
4.670686406250000005e+02,-7.999049801764707013e+01
4.670689335937499891e+02,-9.374455604471964421e+01
4.670692265625000346e+02,-8.562091563140657513e+01
4.670695195312500232e+02,-8.524484040864712142e+01
4.670698125000000118e+02,-7.986567678282872862e+01
4.670701054687500005e+02,-7.818680888584100330e+01
4.670703984374999891e+02,-8.096641874058489918e+01
4.670706914062500346e+02,-9.228383560862300783e+01
4.670709843750000232e+02,-7.966687546094408390e+01
4.670712773437500118e+02,-8.026813404481029579e+01
4.670715703125000005e+02,-8.439060175224499005e+01
4.670718632812499891e+02,-8.936917832827860764e+01
4.670721562500000346e+02,-8.569481211103041574e+01
4.670724492187500232e+02,-8.903200039764817575e+01
4.670727421875000118e+02,-8.941344752887795266e+01
4.670730351562500005e+02,-7.956383429047717470e+01
4.670733281249999891e+02,-7.751548748612053430e+01
4.670736210937500346e+02,-8.335190329984362734e+01
4.670739140625000232e+02,-9.115282466683765961e+01
4.670742070312500118e+02,-8.234901238204824381e+01
4.670745000000000005e+02,-8.616924726994787420e+01
4.670747929687499891e+02,-8.918848891507838061e+01
4.670750859375000346e+02,-8.819611657665612370e+01
4.670753789062500232e+02,-8.869477809070139074e+01
4.670756718750000118e+02,-8.128015910307640013e+01
4.670759648437500005e+02,-7.862171297680812643e+01
4.670762578124999891e+02,-8.282108411284161775e+01
4.670765507812500346e+02,-9.058002734714710869e+01
4.670768437500000232e+02,-8.218300000087820933e+01
4.670771367187500118e+02,-8.265932812393897677e+01
4.670774296875000005e+02,-7.503625439804524433e+01
4.670777226562499891e+02,-7.576657776478596418e+01
4.670780156250000346e+02,-8.075825193375246158e+01
4.670783085937500232e+02,-8.445310033631648139e+01
4.670786015625000118e+02,-8.505985750784468280e+01
4.670788945312500005e+02,-7.586068034732349474e+01
4.670791874999999891e+02,-7.874410764859806022e+01
4.670794804687500346e+02,-8.423142763294990232e+01
4.670797734375000232e+02,-9.410581116417972680e+01
4.670800664062500118e+02,-8.752351452068666049e+01
4.670803593750000005e+02,-8.299309859321968474e+01
4.670806523437499891e+02,-8.283357097010913606e+01
4.670809453125000346e+02,-8.042842616556094981e+01
4.670812382812500232e+02,-7.892814993580805094e+01
4.670815312500000118e+02,-8.410799807959294583e+01
4.670818242187500005e+02,-8.551527626212127586e+01
4.670821171874999891e+02,-7.923025133998061165e+01
4.670824101562500346e+02,-8.007415727413514617e+01
4.670827031250000232e+02,-7.685410933168742531e+01
4.670829960937500118e+02,-7.702918930622092830e+01
4.670832890625000005e+02,-8.346957677111063845e+01
4.670835820312499891e+02,-7.717635836658487847e+01
4.670838750000000346e+02,-8.023225927067954899e+01
4.670841679687500232e+02,-9.464110879118400987e+01
4.670844609375000118e+02,-7.715370197178606304e+01
4.670847539062500005e+02,-8.222662712018761511e+01
4.670850468749999891e+02,-8.965931387340293668e+01
4.670853398437500346e+02,-8.262350152221588928e+01
4.670856328125000232e+02,-8.522474305282683815e+01
4.670859257812500118e+02,-9.140819517203146916e+01
4.670862187500000005e+02,-9.697956972540833931e+01
4.670865117187499891e+02,-8.769280355675940086e+01
4.670868046875000346e+02,-8.246120300700694372e+01
4.670870976562500232e+02,-8.661046249743768044e+01
4.670873906250000118e+02,-8.719431921244367345e+01
4.670876835937500005e+02,-8.510996214832159978e+01
4.670879765624999891e+02,-7.924241377538871234e+01
4.670882695312500346e+02,-7.746126214856165859e+01
4.670885625000000232e+02,-8.839280890550878667e+01
4.670888554687500118e+02,-8.253351753676291480e+01
4.670891484375000005e+02,-8.807390382369335668e+01
4.670894414062499891e+02,-8.615431816742783155e+01
4.670897343750000346e+02,-8.369874832005655207e+01
4.670900273437500232e+02,-9.947772278997709350e+01
4.670903203125000118e+02,-7.984500367983142155e+01
4.670906132812500005e+02,-8.298402334229098187e+01
4.670909062499999891e+02,-7.362831236498502108e+01
4.670911992187500346e+02,-7.652087499216419531e+01
4.670914921875000232e+02,-8.281928172041155278e+01
4.670917851562500118e+02,-8.000903663383203934e+01
4.670920781250000005e+02,-7.738068817722046333e+01
4.670923710937499891e+02,-8.089199020090588022e+01
4.670926640625000346e+02,-8.474905580447143905e+01
4.670929570312500232e+02,-8.162417491234174349e+01
4.670932500000000118e+02,-7.970421108949449263e+01
4.670935429687500005e+02,-7.993527527940028676e+01
4.670938359374999891e+02,-7.933914626290027172e+01
4.670941289062500346e+02,-8.617122827667336082e+01
4.670944218750000232e+02,-9.256928632848142513e+01
4.670947148437500118e+02,-8.851626898042482594e+01
4.670950078125000005e+02,-8.327457356717160053e+01
4.670953007812499891e+02,-8.857382815271188292e+01
4.670955937500000346e+02,-9.346560323846597385e+01
4.670958867187500232e+02,-8.216820536252910756e+01
4.670961796875000118e+02,-8.148170718920826516e+01
4.670964726562500005e+02,-8.203928992613757032e+01
4.670967656249999891e+02,-7.989209981188386678e+01
4.670970585937500346e+02,-8.556750897596396044e+01
4.670973515625000232e+02,-8.305831993281104531e+01
4.670976445312500118e+02,-7.621557179036034313e+01
4.670979375000000005e+02,-8.282586800639948876e+01
4.670982304687499891e+02,-8.576713373636215465e+01
4.670985234375000346e+02,-8.133112730086605779e+01
4.670988164062500232e+02,-7.905300311231924582e+01
4.670991093750000118e+02,-8.442870231773299849e+01
4.670994023437500005e+02,-8.022634143804734208e+01
4.670996953124999891e+02,-7.995098210713902631e+01
4.670999882812500346e+02,-9.566706759185102271e+01
4.671002812500000232e+02,-7.921700752161562775e+01
4.671005742187500118e+02,-8.081545589553300601e+01
4.671008671875000005e+02,-8.415124782140806303e+01
4.671011601562499891e+02,-8.395200712775158536e+01
4.671014531250000346e+02,-7.965684245993973889e+01
4.671017460937500232e+02,-8.299357572523022952e+01
4.671020390625000118e+02,-8.954209868075622580e+01
4.671023320312500005e+02,-8.598450090051971983e+01
4.671026249999999891e+02,-7.864455373547785655e+01
4.671029179687500346e+02,-7.527919843199256889e+01
4.671032109375000232e+02,-7.757725259427408560e+01
4.671035039062500118e+02,-8.523581687107154892e+01
4.671037968750000005e+02,-8.075899888396533299e+01
4.671040898437499891e+02,-8.051037999865562256e+01
4.671043828125000346e+02,-8.459093335394967994e+01
4.671046757812500232e+02,-7.886506565158830995e+01
4.671049687500000118e+02,-8.792869614709884729e+01
4.671052617187500005e+02,-9.074235327686508867e+01
4.671055546874999891e+02,-8.864333363463352100e+01
4.671058476562500346e+02,-8.269250211176276366e+01
4.671061406250000232e+02,-9.299623377144477843e+01
4.671064335937500118e+02,-8.374078764944165698e+01
4.671067265625000005e+02,-8.458485206730557593e+01
4.671070195312499891e+02,-8.191009010751099595e+01
4.671073125000000346e+02,-7.889753443620261919e+01
4.671076054687500232e+02,-7.868180305546216857e+01
4.671078984375000118e+02,-8.047401924686820962e+01
4.671081914062500005e+02,-8.212400680799621000e+01
4.671084843749999891e+02,-8.686627010606962074e+01
4.671087773437500346e+02,-7.960176703829873190e+01
4.671090703125000232e+02,-7.834258207593428835e+01
4.671093632812500118e+02,-7.637540610079352632e+01
4.671096562500000005e+02,-8.055766604745099357e+01
4.671099492187499891e+02,-8.684029994243476835e+01
4.671102421875000346e+02,-8.314602312917679683e+01
4.671105351562500232e+02,-8.180379271666937768e+01
4.671108281250000118e+02,-8.487987980887949391e+01
4.671111210937500005e+02,-9.856849424500552459e+01
4.671114140624999891e+02,-8.294221348782696168e+01
4.671117070312500346e+02,-7.862898916452564890e+01
4.671120000000000232e+02,-8.914752642629179036e+01
4.671122929687500118e+02,-8.773027400315966418e+01
4.671125859375000005e+02,-9.260270904892648502e+01
4.671128789062499891e+02,-8.928443339185362504e+01
4.671131718750000346e+02,-9.413409975703865484e+01
4.671134648437500232e+02,-9.027541330974513301e+01
4.671137578125000118e+02,-8.310368228011070357e+01
4.671140507812500005e+02,-8.533704653766503156e+01
4.671143437499999891e+02,-9.158366637991952075e+01
4.671146367187500346e+02,-8.807694749539169266e+01
4.671149296875000232e+02,-8.274138715632184926e+01
4.671152226562500118e+02,-8.659627855316335854e+01
4.671155156250000005e+02,-8.421861256940667317e+01
4.671158085937499891e+02,-8.579692432717442330e+01
4.671161015625000346e+02,-7.672032888656721639e+01
4.671163945312500232e+02,-8.007827276513191350e+01
4.671166875000000118e+02,-8.781342139183561812e+01
4.671169804687500005e+02,-8.093181124255363557e+01
4.671172734374999891e+02,-8.678103058465033826e+01
4.671175664062500346e+02,-9.287339042158576774e+01
4.671178593750000232e+02,-8.201121332652937213e+01
4.671181523437500118e+02,-8.063167285842853005e+01
4.671184453125000005e+02,-8.067515255853007261e+01
4.671187382812499891e+02,-7.917567610693167524e+01
4.671190312500000346e+02,-8.270800630859405089e+01
4.671193242187500232e+02,-9.054570929758722286e+01
4.671196171875000118e+02,-8.009875673709635180e+01
4.671199101562500005e+02,-7.676867674385721330e+01
4.671202031249999891e+02,-8.514979084696555844e+01
4.671204960937500346e+02,-7.570405611026971826e+01
4.671207890625000232e+02,-7.410759896316777429e+01
4.671210820312500118e+02,-7.720664655424801026e+01
4.671213750000000005e+02,-8.602762931173072047e+01
4.671216679687499891e+02,-9.426460046262285175e+01
4.671219609375000346e+02,-8.023431945086448991e+01
4.671222539062500232e+02,-7.803548820549919185e+01
4.671225468750000118e+02,-8.226664656562491018e+01
4.671228398437500005e+02,-8.047653594306994762e+01
4.671231328124999891e+02,-8.041860991038028317e+01
4.671234257812500346e+02,-8.380059003626610092e+01
4.671237187500000232e+02,-8.673962783303923629e+01
4.671240117187500118e+02,-8.971366701884849704e+01
4.671243046875000005e+02,-9.365637436922447989e+01
4.671245976562499891e+02,-8.258783118928677425e+01
4.671248906250000346e+02,-8.749828471708745781e+01
4.671251835937500232e+02,-8.115554729161837599e+01
4.671254765625000118e+02,-8.522933176737153360e+01
4.671257695312500005e+02,-9.500112060435036199e+01
4.671260624999999891e+02,-8.361868140528218873e+01
4.671263554687500346e+02,-8.365475597213487902e+01
4.671266484375000232e+02,-9.470399575794237990e+01
4.671269414062500118e+02,-8.453934585395010970e+01
4.671272343750000005e+02,-8.053788554496163954e+01
4.671275273437499891e+02,-7.816058669664387537e+01
4.671278203125000346e+02,-8.403351338303727402e+01
4.671281132812500232e+02,-8.608889238055384396e+01
4.671284062500000118e+02,-9.116631174397788584e+01
4.671286992187500005e+02,-9.443491601949588699e+01
4.671289921874999891e+02,-8.534215825552541901e+01
4.671292851562500346e+02,-8.350678899550342749e+01
4.671295781250000232e+02,-9.300437494459991683e+01
4.671298710937500118e+02,-8.537534210085637199e+01
4.671301640625000005e+02,-8.609372172362441233e+01
4.671304570312499891e+02,-7.750501996107688285e+01
4.671307500000000346e+02,-7.989253181908608781e+01
4.671310429687500232e+02,-8.077131178526266808e+01
4.671313359375000118e+02,-7.792584327384231813e+01
4.671316289062500005e+02,-1.034200865228190338e+02
4.671319218749999891e+02,-8.319247099807840584e+01
4.671322148437500346e+02,-7.973273165887005121e+01
4.671325078125000232e+02,-7.528122271207018912e+01
4.671328007812500118e+02,-7.868333822454658844e+01
4.671330937500000005e+02,-8.028603479096389606e+01
4.671333867187499891e+02,-8.108144502946659316e+01
4.671336796875000346e+02,-7.753117439008079259e+01
4.671339726562500232e+02,-7.658689436675862794e+01
4.671342656250000118e+02,-8.097636338050085669e+01
4.671345585937500005e+02,-7.543511973985546604e+01
4.671348515624999891e+02,-8.626180390404181253e+01
4.671351445312500346e+02,-7.361368058460159602e+01
4.671354375000000232e+02,-7.553969782559448731e+01
4.671357304687500118e+02,-7.854810837706668281e+01
4.671360234375000005e+02,-8.084029789224906892e+01
4.671363164062499891e+02,-7.803605823336414460e+01
4.671366093750000346e+02,-8.195385413379810302e+01
4.671369023437500232e+02,-9.709470719544773942e+01
4.671371953125000118e+02,-8.372675811286526937e+01
4.671374882812500005e+02,-8.269442945330555972e+01
4.671377812499999891e+02,-7.635192090311852553e+01
4.671380742187500346e+02,-7.722587106904285292e+01
4.671383671875000232e+02,-8.295557645200108254e+01
4.671386601562500118e+02,-7.821078165982351038e+01
4.671389531250000005e+02,-7.793762520080682066e+01
4.671392460937499891e+02,-8.203737579506625366e+01
4.671395390625000346e+02,-7.694639383245144870e+01
4.671398320312500232e+02,-7.893915263585245157e+01
4.671401250000000118e+02,-8.180447064745216323e+01
4.671404179687500005e+02,-1.010197960623447244e+02
4.671407109374999891e+02,-8.142383305121590809e+01
4.671410039062500346e+02,-7.907131235462406948e+01
4.671412968750000232e+02,-8.738786949499785806e+01
4.671415898437500118e+02,-7.932360932679702614e+01
4.671418828125000005e+02,-8.304500274373467050e+01
4.671421757812499891e+02,-8.046951393633031557e+01
4.671424687500000346e+02,-7.845578068146966189e+01
4.671427617187500232e+02,-8.626906221789924700e+01
4.671430546875000118e+02,-8.713311668394963760e+01
4.671433476562500005e+02,-8.033110401462396055e+01
4.671436406249999891e+02,-7.428115621484482745e+01
4.671439335937500346e+02,-7.631603917117909930e+01
4.671442265625000232e+02,-8.083059685432016295e+01
4.671445195312500118e+02,-7.496382221791287748e+01
4.671448125000000005e+02,-8.484803064394978378e+01
4.671451054687499891e+02,-7.866603428793074215e+01
4.671453984375000346e+02,-8.461665743973661336e+01
4.671456914062500232e+02,-8.132230218346862216e+01
4.671459843750000118e+02,-8.197789047780474903e+01
4.671462773437500005e+02,-8.772739098388909440e+01
4.671465703124999891e+02,-8.162097101035593028e+01
4.671468632812500346e+02,-7.683099618540683196e+01
4.671471562500000232e+02,-7.613574934978350939e+01
4.671474492187500118e+02,-8.281787048500363824e+01
4.671477421875000005e+02,-7.959572087827520193e+01
4.671480351562499891e+02,-8.010453958315275713e+01
4.671483281250000346e+02,-8.152396275322445263e+01
4.671486210937500232e+02,-9.021108736050926780e+01
4.671489140625000118e+02,-8.968937706534472909e+01
4.671492070312500005e+02,-8.113772284043852778e+01
4.671494999999999891e+02,-8.258442769893505897e+01
4.671497929687500346e+02,-8.049209186103934144e+01
4.671500859375000232e+02,-7.930539586961727139e+01
4.671503789062500118e+02,-8.591705408315203840e+01
4.671506718750000005e+02,-9.927384805607708529e+01
4.671509648437499891e+02,-8.160551730504212742e+01
4.671512578125000346e+02,-7.786084022261090354e+01
4.671515507812500232e+02,-8.107144032944407286e+01
4.671518437500000118e+02,-9.165378750881187386e+01
4.671521367187500005e+02,-8.034069467211962490e+01
4.671524296874999891e+02,-7.491042872444944578e+01
4.671527226562500346e+02,-7.441536835350282786e+01
4.671530156250000232e+02,-7.768963432169027783e+01
4.671533085937500118e+02,-7.596551499953132236e+01
4.671536015625000005e+02,-7.671515496787367283e+01
4.671538945312499891e+02,-8.595395312952364009e+01
4.671541875000000346e+02,-7.930586991955516396e+01
4.671544804687500232e+02,-7.977930125764140712e+01
4.671547734375000118e+02,-8.566869955247148027e+01
4.671550664062500005e+02,-7.847685965458632040e+01
4.671553593749999891e+02,-7.842834865414783962e+01
4.671556523437500346e+02,-8.525018975126880605e+01
4.671559453125000232e+02,-7.762185465867700884e+01
4.671562382812500118e+02,-7.588305620485635927e+01
4.671565312500000005e+02,-7.956588849350816872e+01
4.671568242187499891e+02,-7.830659674653388436e+01
4.671571171875000346e+02,-8.392199005123944744e+01
4.671574101562500232e+02,-8.563952899992972334e+01
4.671577031250000118e+02,-8.415291403195351450e+01
4.671579960937500005e+02,-8.549107786552150401e+01
4.671582890624999891e+02,-8.336250984292122723e+01
4.671585820312500346e+02,-8.112803539410670339e+01
4.671588750000000232e+02,-8.019297460502167496e+01
4.671591679687500118e+02,-8.604566414306643196e+01
4.671594609375000005e+02,-8.372652799857149830e+01
4.671597539062499891e+02,-8.590211461145625549e+01
4.671600468750000346e+02,-7.683304759129944728e+01
4.671603398437500232e+02,-7.377537352432253215e+01
4.671606328125000118e+02,-7.677949124144107884e+01
4.671609257812500005e+02,-8.199895996241293972e+01
4.671612187499999891e+02,-8.193363201573157539e+01
4.671615117187500346e+02,-1.049404128870489075e+02
4.671618046875000232e+02,-8.678043672349333804e+01
4.671620976562500118e+02,-9.033114401456458609e+01
4.671623906250000005e+02,-7.833998146576389843e+01
4.671626835937499891e+02,-7.892547927533618690e+01
4.671629765625000346e+02,-8.663777895636117421e+01
4.671632695312500232e+02,-8.441004226536898614e+01
4.671635625000000118e+02,-8.441560625286685138e+01
4.671638554687500005e+02,-8.413123592896793923e+01
4.671641484374999891e+02,-8.399605555157634740e+01
4.671644414062500346e+02,-7.849155708596666159e+01
4.671647343750000232e+02,-7.814821198197888918e+01
4.671650273437500118e+02,-7.739656856917122241e+01
4.671653203125000005e+02,-9.586641080505970081e+01
4.671656132812499891e+02,-8.259947549193375949e+01
4.671659062500000346e+02,-9.472430851504874738e+01
4.671661992187500232e+02,-8.294273758773047689e+01
4.671664921875000118e+02,-8.460452178899265618e+01
4.671667851562500005e+02,-8.380581507334881053e+01
4.671670781249999891e+02,-8.745411411626486142e+01
4.671673710937500346e+02,-8.262570007124894289e+01
4.671676640625000232e+02,-8.083661288422881341e+01
4.671679570312500118e+02,-9.101058445109887884e+01
4.671682500000000005e+02,-9.135958475053723760e+01
4.671685429687499891e+02,-8.825495585104758334e+01
4.671688359375000346e+02,-8.120930220404807187e+01
4.671691289062500232e+02,-8.196937151945407152e+01
4.671694218750000118e+02,-8.964213615617740061e+01
4.671697148437500005e+02,-7.658977764460605897e+01
4.671700078124999891e+02,-8.282544557558782117e+01
4.671703007812500346e+02,-8.914903742459580371e+01
4.671705937500000232e+02,-8.798086919542478768e+01
4.671708867187500118e+02,-9.867663350935177391e+01
4.671711796875000005e+02,-8.567487285749390935e+01
4.671714726562499891e+02,-9.058726587115816642e+01
4.671717656250000346e+02,-8.741805847472633673e+01
4.671720585937500232e+02,-8.750206306045913607e+01
4.671723515625000118e+02,-8.140972442682439691e+01
4.671726445312500005e+02,-7.677903968143500890e+01
4.671729374999999891e+02,-7.874554168799305387e+01
4.671732304687500346e+02,-7.942510875729519171e+01
4.671735234375000232e+02,-8.726096885690714089e+01
4.671738164062500118e+02,-9.228623020447611225e+01
4.671741093750000005e+02,-9.123135510827280825e+01
4.671744023437499891e+02,-8.961395102750417152e+01
4.671746953125000346e+02,-8.166985969042458748e+01
4.671749882812500232e+02,-8.117173922976957101e+01
4.671752812500000118e+02,-9.307327863337607710e+01
4.671755742187500005e+02,-8.728987216347576350e+01
4.671758671874999891e+02,-8.274571050754792623e+01
4.671761601562500346e+02,-8.196785676824177358e+01
4.671764531250000232e+02,-9.207201398654119373e+01
4.671767460937500118e+02,-9.421278815900031134e+01
4.671770390625000005e+02,-9.320516333766596517e+01
4.671773320312499891e+02,-9.575236502340544575e+01
4.671776250000000346e+02,-8.872649570839681132e+01
4.671779179687500232e+02,-8.859350813677103531e+01
4.671782109375000118e+02,-8.098020539023549702e+01
4.671785039062500005e+02,-8.030769138933845852e+01
4.671787968749999891e+02,-8.599540724337656172e+01
4.671790898437500346e+02,-7.955859392701486854e+01
4.671793828125000232e+02,-8.488855841008668790e+01
4.671796757812500118e+02,-8.153147353767037941e+01
4.671799687500000005e+02,-7.984533288361811287e+01
4.671802617187499891e+02,-8.382556518360992470e+01
4.671805546875000346e+02,-8.909369273096891106e+01
4.671808476562500232e+02,-8.549285714605539965e+01
4.671811406250000118e+02,-8.503355457507987580e+01
4.671814335937500005e+02,-8.289489359573283878e+01
4.671817265624999891e+02,-7.991737776470336030e+01
4.671820195312500346e+02,-7.460366560010544390e+01
4.671823125000000232e+02,-8.104682259411725909e+01
4.671826054687500118e+02,-9.138739385155061257e+01
4.671828984375000005e+02,-8.627800794066386914e+01
4.671831914062499891e+02,-9.666581399132404329e+01
4.671834843750000346e+02,-8.650277702970085159e+01
4.671837773437500232e+02,-8.090231937650172256e+01
4.671840703125000118e+02,-8.922400218219472379e+01
4.671843632812500005e+02,-8.158676224002981314e+01
4.671846562499999891e+02,-7.905923043104336045e+01
4.671849492187500346e+02,-8.756413491488791578e+01
4.671852421875000232e+02,-8.468960542549746151e+01
4.671855351562500118e+02,-8.188010683089382269e+01
4.671858281250000005e+02,-9.175215474119207215e+01
4.671861210937499891e+02,-8.854181676967442627e+01
4.671864140625000346e+02,-8.177980708225211970e+01
4.671867070312500232e+02,-7.942638034792020107e+01
4.671870000000000118e+02,-7.733010464905933645e+01
4.671872929687500005e+02,-8.022355216395422417e+01
4.671875859374999891e+02,-8.306269942460477296e+01
4.671878789062500346e+02,-8.491838155099586061e+01
4.671881718750000232e+02,-7.943834322507937884e+01
4.671884648437500118e+02,-8.120517227033509755e+01
4.671887578125000005e+02,-9.152790247114498356e+01
4.671890507812499891e+02,-8.030782700325411838e+01
4.671893437500000346e+02,-7.733934725288602863e+01
4.671896367187500232e+02,-7.977157893112841691e+01
4.671899296875000118e+02,-7.962853564925200089e+01
4.671902226562500005e+02,-8.634484259291185992e+01
4.671905156249999891e+02,-1.019739184764889046e+02
4.671908085937500346e+02,-9.158564696794476845e+01
4.671911015625000232e+02,-8.656027256738511255e+01
4.671913945312500118e+02,-7.974766942286589710e+01
4.671916875000000005e+02,-8.089644803863862421e+01
4.671919804687499891e+02,-8.067082345440468316e+01
4.671922734375000346e+02,-8.318860600125815097e+01
4.671925664062500232e+02,-7.862575168690540295e+01
4.671928593750000118e+02,-7.984269468447982376e+01
4.671931523437500005e+02,-8.363570553647883798e+01
4.671934453124999891e+02,-8.159626523474402404e+01
4.671937382812500346e+02,-7.806617395400023440e+01
4.671940312500000232e+02,-8.766862722323975277e+01
4.671943242187500118e+02,-8.048495745119483047e+01
4.671946171875000005e+02,-8.548410146954142874e+01
4.671949101562499891e+02,-8.357015942927407082e+01
4.671952031250000346e+02,-8.330902000656095652e+01
4.671954960937500232e+02,-7.724311542471122038e+01
4.671957890625000118e+02,-7.676813980987085984e+01
4.671960820312500005e+02,-8.359803424197563970e+01
4.671963749999999891e+02,-9.100098619872323980e+01
4.671966679687500346e+02,-8.179423347624870644e+01
4.671969609375000232e+02,-1.045601685442777580e+02
4.671972539062500118e+02,-8.583506881012249323e+01
4.671975468750000005e+02,-7.898168462869578832e+01
4.671978398437499891e+02,-7.805575037992409193e+01
4.671981328125000346e+02,-8.166727022243284750e+01
4.671984257812500232e+02,-7.755596425661698845e+01
4.671987187500000118e+02,-7.828287207408072845e+01
4.671990117187500005e+02,-8.295406336950338755e+01
4.671993046874999891e+02,-9.064931763318362812e+01
4.671995976562500346e+02,-7.934525057045178187e+01
4.671998906250000232e+02,-7.680638844278961130e+01
4.672001835937500118e+02,-7.817173731176748674e+01
4.672004765625000005e+02,-7.624177241752710188e+01
4.672007695312499891e+02,-8.281184735662394303e+01
4.672010625000000346e+02,-7.543549196947520841e+01
4.672013554687500232e+02,-7.314775316639652658e+01
4.672016484375000118e+02,-8.019643053124207199e+01
4.672019414062500005e+02,-9.071203288963162947e+01
4.672022343749999891e+02,-8.860300909898535338e+01
4.672025273437500346e+02,-8.023688874615052669e+01
4.672028203125000232e+02,-7.820056283666419006e+01
4.672031132812500118e+02,-7.692286895865761664e+01
4.672034062500000005e+02,-9.756849725730791079e+01
4.672036992187499891e+02,-7.435167594987044026e+01
4.672039921875000346e+02,-7.935367875119089831e+01
4.672042851562500232e+02,-8.006082152070061397e+01
4.672045781250000118e+02,-8.155243635571144978e+01
4.672048710937500005e+02,-7.986407857465022175e+01
4.672051640624999891e+02,-8.060707573877832033e+01
4.672054570312500346e+02,-8.349863451013830229e+01
4.672057500000000232e+02,-9.013992945439699156e+01
4.672060429687500118e+02,-8.430085527642938814e+01
4.672063359375000005e+02,-9.219911898001714690e+01
4.672066289062499891e+02,-8.542115054166879418e+01
4.672069218750000346e+02,-8.503977497127198149e+01
4.672072148437500232e+02,-8.667105914240823950e+01
4.672075078125000118e+02,-8.777556967757028872e+01
4.672078007812500005e+02,-8.298735115964501574e+01
4.672080937499999891e+02,-8.168469014131360950e+01
4.672083867187500346e+02,-8.295957629019875412e+01
4.672086796875000232e+02,-7.669000826775203450e+01
4.672089726562500118e+02,-8.212192644725607238e+01
4.672092656250000005e+02,-8.102023802317089007e+01
4.672095585937499891e+02,-8.641100335873302640e+01
4.672098515625000346e+02,-7.924195685495826069e+01
4.672101445312500232e+02,-8.529598899942241985e+01
4.672104375000000118e+02,-9.503091218365918280e+01
4.672107304687500005e+02,-8.758608271545060120e+01
4.672110234374999891e+02,-7.972789143136155587e+01
4.672113164062500346e+02,-7.820546561112082884e+01
4.672116093750000232e+02,-7.442544184344053804e+01
4.672119023437500118e+02,-7.734568410649761461e+01
4.672121953125000005e+02,-7.490278723543036676e+01
4.672124882812499891e+02,-7.627981612450787452e+01
4.672127812500000346e+02,-7.742020840023417350e+01
4.672130742187500232e+02,-7.358559896941181933e+01
4.672133671875000118e+02,-7.517639528594801845e+01
4.672136601562500005e+02,-7.580952956336480497e+01
4.672139531249999891e+02,-7.667842266064268131e+01
4.672142460937500346e+02,-7.578614217410746789e+01
4.672145390625000232e+02,-7.520148695212371592e+01
4.672148320312500118e+02,-7.866148290253102004e+01
4.672151250000000005e+02,-8.183270964359368804e+01
4.672154179687499891e+02,-7.960860851629081480e+01
4.672157109375000346e+02,-7.445179041409551246e+01
4.672160039062500232e+02,-7.123167014216774362e+01
4.672162968750000118e+02,-7.348020121682955619e+01
4.672165898437500005e+02,-7.622646385668321045e+01
4.672168828124999891e+02,-7.263373857664872446e+01
4.672171757812500346e+02,-7.809155035082798690e+01
4.672174687500000232e+02,-7.439504129528000931e+01
4.672177617187500118e+02,-7.872869534562009619e+01
4.672180546875000005e+02,-7.809371331306522279e+01
4.672183476562499891e+02,-7.400969691904231240e+01
4.672186406250000346e+02,-7.671950601224315847e+01
4.672189335937500232e+02,-9.901728944994536619e+01
4.672192265625000118e+02,-8.038022063270004480e+01
4.672195195312500005e+02,-8.341947493007621972e+01
4.672198124999999891e+02,-8.818409234824999032e+01
4.672201054687500346e+02,-8.650365623561299344e+01
4.672203984375000232e+02,-8.259604105644541505e+01
4.672206914062500118e+02,-7.476644541520880693e+01
4.672209843750000005e+02,-8.222331454788078986e+01
4.672212773437499891e+02,-8.496678863638238965e+01
4.672215703125000346e+02,-7.676341847433735666e+01
4.672218632812500232e+02,-8.065153022799917437e+01
4.672221562500000118e+02,-7.631847139576039751e+01
4.672224492187500005e+02,-7.836357245950792105e+01
4.672227421874999891e+02,-7.636701154535442981e+01
4.672230351562500346e+02,-8.626473909943301521e+01
4.672233281250000232e+02,-7.461466317978194240e+01
4.672236210937500118e+02,-7.890182004907374846e+01
4.672239140625000005e+02,-7.793978420977811084e+01
4.672242070312499891e+02,-7.129309799639919731e+01
4.672245000000000346e+02,-7.800897253040237445e+01
4.672247929687500232e+02,-7.520051069511683295e+01
4.672250859375000118e+02,-8.285867505905559938e+01
4.672253789062500005e+02,-8.201772482091308802e+01
4.672256718749999891e+02,-8.076983193708952058e+01
4.672259648437500346e+02,-8.510776342376652792e+01
4.672262578125000232e+02,-7.690824036395261487e+01
4.672265507812500118e+02,-7.950656610205980712e+01
4.672268437500000005e+02,-8.376978612152497305e+01
4.672271367187499891e+02,-7.496377060484134347e+01
4.672274296875000346e+02,-7.167842476711746258e+01
4.672277226562500232e+02,-7.802456054489435644e+01
4.672280156250000118e+02,-7.799355683999307587e+01
4.672283085937500005e+02,-7.274550268960453536e+01
4.672286015624999891e+02,-7.699884984461725423e+01
4.672288945312500346e+02,-7.908280633038434360e+01
4.672291875000000232e+02,-7.805726647793711948e+01
4.672294804687500118e+02,-7.939414061357425112e+01
4.672297734375000005e+02,-8.009492955459199948e+01
4.672300664062499891e+02,-7.693667678911209862e+01
4.672303593750000346e+02,-7.718268304008255143e+01
4.672306523437500232e+02,-7.893686490013266166e+01
4.672309453125000118e+02,-8.601629424123542833e+01
4.672312382812500005e+02,-7.811566324066336620e+01
4.672315312499999891e+02,-9.004039537044818076e+01
4.672318242187500346e+02,-7.673505701653456867e+01
4.672321171875000232e+02,-7.651426645089928513e+01
4.672324101562500118e+02,-7.695792397749477232e+01
4.672327031250000005e+02,-7.421772148060301788e+01
4.672329960937499891e+02,-7.596429707352604055e+01
4.672332890625000346e+02,-7.406498171820490484e+01
4.672335820312500232e+02,-7.940981894347653736e+01
4.672338750000000118e+02,-8.052689740501656956e+01
4.672341679687500005e+02,-7.996597496781086534e+01
4.672344609374999891e+02,-8.471571479015332784e+01
4.672347539062500346e+02,-8.648986233417647895e+01
4.672350468750000232e+02,-8.289139315874264469e+01
4.672353398437500118e+02,-7.850845186152486122e+01
4.672356328125000005e+02,-7.961899424706240325e+01
4.672359257812499891e+02,-8.822190134903502212e+01
4.672362187500000346e+02,-9.597683854680214210e+01
4.672365117187500232e+02,-8.706395811019463338e+01
4.672368046875000118e+02,-8.136662530385234504e+01
4.672370976562500005e+02,-8.052324872913845866e+01
4.672373906249999891e+02,-7.974918970677698837e+01
4.672376835937500346e+02,-7.854933839323982170e+01
4.672379765625000232e+02,-8.892359406306172787e+01
4.672382695312500118e+02,-9.371258896551071871e+01
4.672385625000000005e+02,-1.039264817004505801e+02
4.672388554687499891e+02,-8.705918948923694245e+01
4.672391484375000346e+02,-9.266411022332334824e+01
4.672394414062500232e+02,-9.630997377148963778e+01
4.672397343750000118e+02,-8.687276120015556558e+01
4.672400273437500005e+02,-9.419378324798465485e+01
4.672403203124999891e+02,-8.970349796623951022e+01
4.672406132812500346e+02,-8.103783124728050780e+01
4.672409062500000232e+02,-7.808263639761926811e+01
4.672411992187500118e+02,-7.716131208868222302e+01
4.672414921875000005e+02,-7.953469584713573681e+01
4.672417851562499891e+02,-8.446793107390325872e+01
4.672420781250000346e+02,-8.668147829371805813e+01
4.672423710937500232e+02,-8.202667880788061439e+01
4.672426640625000118e+02,-8.913447547779924207e+01
4.672429570312500005e+02,-8.474499596027021653e+01
4.672432499999999891e+02,-7.789453892853777006e+01
4.672435429687500346e+02,-7.630739521120636937e+01
4.672438359375000232e+02,-7.769294764921562546e+01
4.672441289062500118e+02,-7.524058535803332859e+01
4.672444218750000005e+02,-7.510971597703678526e+01
4.672447148437499891e+02,-9.048716661380710491e+01
4.672450078125000346e+02,-8.116671382067723073e+01
4.672453007812500232e+02,-8.247043470731200898e+01
4.672455937500000118e+02,-8.245963674051725434e+01
4.672458867187500005e+02,-7.865069880567099858e+01
4.672461796874999891e+02,-8.274158961945872193e+01
4.672464726562500346e+02,-7.842824703855228563e+01
4.672467656250000232e+02,-7.511836109483844837e+01
4.672470585937500118e+02,-8.547551557867444672e+01
4.672473515625000005e+02,-8.871405908257172257e+01
4.672476445312499891e+02,-7.577973909136716202e+01
4.672479375000000346e+02,-7.658201867338939905e+01
4.672482304687500232e+02,-7.990099675005549784e+01
4.672485234375000118e+02,-8.371998033993637023e+01
4.672488164062500005e+02,-8.186752092981406292e+01
4.672491093749999891e+02,-7.860190407843980154e+01
4.672494023437500346e+02,-8.335068082051446936e+01
4.672496953125000232e+02,-8.779833747877005123e+01
4.672499882812500118e+02,-7.998672867614328652e+01
4.672502812500000005e+02,-8.111681132744288902e+01
4.672505742187499891e+02,-8.037144774119474278e+01
4.672508671875000346e+02,-7.725690989234220751e+01
4.672511601562500232e+02,-7.809450718211485309e+01
4.672514531250000118e+02,-8.681197478158398440e+01
4.672517460937500005e+02,-1.049868432123637092e+02
4.672520390624999891e+02,-9.097604603790603051e+01
4.672523320312500346e+02,-8.886640509793095077e+01
4.672526250000000232e+02,-7.992254410375798557e+01
4.672529179687500118e+02,-7.579756552421957849e+01
4.672532109375000005e+02,-7.976076169994200882e+01
4.672535039062499891e+02,-8.857316264243804937e+01
4.672537968750000346e+02,-8.230144325174657638e+01
4.672540898437500232e+02,-8.357135353298818359e+01
4.672543828125000118e+02,-8.041124226946226372e+01
4.672546757812500005e+02,-7.604788227615236451e+01
4.672549687499999891e+02,-7.596779065596574299e+01
4.672552617187500346e+02,-7.235136828207231474e+01
4.672555546875000232e+02,-7.273519881441026769e+01
4.672558476562500118e+02,-7.445614932355442761e+01
4.672561406250000005e+02,-7.350921410031421033e+01
4.672564335937499891e+02,-8.018127819901734199e+01
4.672567265625000346e+02,-8.083583766374505331e+01
4.672570195312500232e+02,-8.282761706426560977e+01
4.672573125000000118e+02,-7.815470916577426408e+01
4.672576054687500005e+02,-7.400326890314738648e+01
4.672578984374999891e+02,-7.570197602693178851e+01
4.672581914062500346e+02,-8.128170586491802396e+01
4.672584843750000232e+02,-8.435072029460522458e+01
4.672587773437500118e+02,-8.133271389378654703e+01
4.672590703125000005e+02,-7.833707126936178611e+01
4.672593632812499891e+02,-7.242939419410407709e+01
4.672596562500000346e+02,-8.306128832880899893e+01
4.672599492187500232e+02,-7.990701587253938953e+01
4.672602421875000118e+02,-8.909570515057899343e+01
4.672605351562500005e+02,-7.376043522743599112e+01
4.672608281249999891e+02,-7.592700913148978259e+01
4.672611210937500346e+02,-7.589499432161873926e+01
4.672614140625000232e+02,-7.524396529948276680e+01
4.672617070312500118e+02,-7.609011868626731712e+01
4.672620000000000005e+02,-8.548658236225816154e+01
4.672622929687499891e+02,-7.776271196681139486e+01
4.672625859375000346e+02,-7.780125533226086532e+01
4.672628789062500232e+02,-7.825120576302664688e+01
4.672631718750000118e+02,-7.537051141268968024e+01
4.672634648437500005e+02,-8.472357577037435306e+01
4.672637578124999891e+02,-7.726440236890114477e+01
4.672640507812500346e+02,-7.729161697866604186e+01
4.672643437500000232e+02,-9.553195328702786071e+01
4.672646367187500118e+02,-8.557533112394071395e+01
4.672649296875000005e+02,-8.470322569935328261e+01
4.672652226562499891e+02,-7.612384784258649972e+01
4.672655156250000346e+02,-8.579317890871168117e+01
4.672658085937500232e+02,-7.702917435749382946e+01
4.672661015625000118e+02,-7.885038637283697938e+01
4.672663945312500005e+02,-8.801010834439055941e+01
4.672666874999999891e+02,-7.788152819734446553e+01
4.672669804687500346e+02,-8.128893541196620731e+01
4.672672734375000232e+02,-7.522732705363317507e+01
4.672675664062500118e+02,-9.020748920943540838e+01
4.672678593750000005e+02,-7.819945500882457168e+01
4.672681523437499891e+02,-7.958364899263996506e+01
4.672684453125000346e+02,-8.173388413951713005e+01
4.672687382812500232e+02,-7.310893105981462270e+01
4.672690312500000118e+02,-7.661763197643028889e+01
4.672693242187500005e+02,-7.578107299088232196e+01
4.672696171874999891e+02,-7.162891441982029050e+01
4.672699101562500346e+02,-7.142660933048874483e+01
4.672702031250000232e+02,-7.952342962212900090e+01
4.672704960937500118e+02,-7.097248623597651829e+01
4.672707890625000005e+02,-8.015303199509374110e+01
4.672710820312499891e+02,-7.138604930915997215e+01
4.672713750000000346e+02,-7.629633910373394201e+01
4.672716679687500232e+02,-8.007007399158544558e+01
4.672719609375000118e+02,-7.933695649152839735e+01
4.672722539062500005e+02,-8.108586505207654227e+01
4.672725468749999891e+02,-8.537801998087576294e+01
4.672728398437500346e+02,-8.127943146762370930e+01
4.672731328125000232e+02,-7.573896734859224011e+01
4.672734257812500118e+02,-7.425687865266985455e+01
4.672737187500000005e+02,-7.700744052630346914e+01
4.672740117187499891e+02,-8.674299916355025175e+01
4.672743046875000346e+02,-7.164849883744159342e+01
4.672745976562500232e+02,-7.511767498350539540e+01
4.672748906250000118e+02,-8.764239697402220486e+01
4.672751835937500005e+02,-7.600882585747208964e+01
4.672754765624999891e+02,-7.187082248413008756e+01
4.672757695312500346e+02,-7.604750004063687641e+01
4.672760625000000232e+02,-7.501866699564401131e+01
4.672763554687500118e+02,-7.559951697081507405e+01
4.672766484375000005e+02,-7.389187894814774893e+01
4.672769414062499891e+02,-8.752931568697056264e+01
4.672772343750000346e+02,-8.301667619982256952e+01
4.672775273437500232e+02,-7.414690650300384789e+01
4.672778203125000118e+02,-7.592079768095396730e+01
4.672781132812500005e+02,-8.920640000192565822e+01
4.672784062499999891e+02,-7.490555671208829835e+01
4.672786992187500346e+02,-7.323798378021338351e+01
4.672789921875000232e+02,-7.588095458833477380e+01
4.672792851562500118e+02,-8.809219968715275684e+01
4.672795781250000005e+02,-7.387849263073499628e+01
4.672798710937499891e+02,-7.410725710085951334e+01
4.672801640625000346e+02,-7.233987073023722303e+01
4.672804570312500232e+02,-8.033342201536262905e+01
4.672807500000000118e+02,-8.508711171219026426e+01
4.672810429687500005e+02,-7.924431149413594255e+01
4.672813359374999891e+02,-7.454484871603749241e+01
4.672816289062500346e+02,-7.997447317760349961e+01
4.672819218750000232e+02,-8.276643799361194453e+01
4.672822148437500118e+02,-7.580176740180333184e+01
4.672825078125000005e+02,-7.252420145319587164e+01
4.672828007812499891e+02,-7.394717195373870311e+01
4.672830937500000346e+02,-7.790244014508255077e+01
4.672833867187500232e+02,-9.279112075243814672e+01
4.672836796875000118e+02,-7.711995278655577124e+01
4.672839726562500005e+02,-7.171446602548174099e+01
4.672842656249999891e+02,-7.493160530652508555e+01
4.672845585937500346e+02,-9.008889050747725946e+01
4.672848515625000232e+02,-8.743531653731903930e+01
4.672851445312500118e+02,-7.952192068179762430e+01
4.672854375000000005e+02,-8.186323746747312669e+01
4.672857304687499891e+02,-7.665481558498143499e+01
4.672860234375000346e+02,-8.043816127152237527e+01
4.672863164062500232e+02,-7.824027474676938709e+01
4.672866093750000118e+02,-9.549136235128705152e+01
4.672869023437500005e+02,-7.790278201317771334e+01
4.672871953124999891e+02,-7.955921674601111704e+01
4.672874882812500346e+02,-7.627073550965650384e+01
4.672877812500000232e+02,-7.272529038425766146e+01
4.672880742187500118e+02,-8.297719223613071904e+01
4.672883671875000005e+02,-7.775887036740452629e+01
4.672886601562499891e+02,-8.366837408278384203e+01
4.672889531250000346e+02,-8.015372533954104028e+01
4.672892460937500232e+02,-7.469951095371132510e+01
4.672895390625000118e+02,-7.665971170150366731e+01
4.672898320312500005e+02,-7.538820447162743221e+01
4.672901249999999891e+02,-7.800968969408071985e+01
4.672904179687500346e+02,-8.278148932575209074e+01
4.672907109375000232e+02,-8.291042398774136757e+01
4.672910039062500118e+02,-7.949412761049987353e+01
4.672912968750000005e+02,-7.743650636982557955e+01
4.672915898437499891e+02,-7.929152549017310037e+01
4.672918828125000346e+02,-8.136824487512654969e+01
4.672921757812500232e+02,-7.497130459483227582e+01
4.672924687500000118e+02,-8.430493706891560635e+01
4.672927617187500005e+02,-7.879726492436346064e+01
4.672930546874999891e+02,-7.270166521553254313e+01
4.672933476562500346e+02,-7.516285832775372455e+01
4.672936406250000232e+02,-7.990202344222460340e+01
4.672939335937500118e+02,-7.951183556097822702e+01
4.672942265625000005e+02,-8.160047406564987682e+01
4.672945195312499891e+02,-8.106008676169238925e+01
4.672948125000000346e+02,-7.784757708408535848e+01
4.672951054687500232e+02,-7.407124157229611683e+01
4.672953984375000118e+02,-7.387080365573007157e+01
4.672956914062500005e+02,-8.752193555850631412e+01
4.672959843749999891e+02,-8.307272564057056741e+01
4.672962773437500346e+02,-8.197930796374441798e+01
4.672965703125000232e+02,-1.098887302620541959e+02
4.672968632812500118e+02,-8.387898550603847525e+01
4.672971562500000005e+02,-1.038840488609413342e+02
4.672974492187499891e+02,-7.512416031047857246e+01
4.672977421875000346e+02,-7.212942543552239272e+01
4.672980351562500232e+02,-9.098699370452681023e+01
4.672983281250000118e+02,-8.213169913283752521e+01
4.672986210937500005e+02,-8.432236747409328359e+01
4.672989140624999891e+02,-7.663337444953624811e+01
4.672992070312500346e+02,-7.439134702645142738e+01
4.672995000000000232e+02,-7.506319130474189194e+01
4.672997929687500118e+02,-7.530189291740245494e+01
4.673000859375000005e+02,-7.402624774298830346e+01
4.673003789062499891e+02,-7.602451097767706756e+01
4.673006718750000346e+02,-8.977832211163084253e+01
4.673009648437500232e+02,-7.866207853996864685e+01
4.673012578125000118e+02,-7.858111413193307726e+01
4.673015507812500005e+02,-8.431506370822971519e+01
4.673018437499999891e+02,-8.969211746694566045e+01
4.673021367187500346e+02,-7.817500246308392775e+01
4.673024296875000232e+02,-8.278471816035759900e+01
4.673027226562500118e+02,-9.289766464363611931e+01
4.673030156250000005e+02,-7.811478290301160143e+01
4.673033085937499891e+02,-7.431057025334547461e+01
4.673036015625000346e+02,-8.191407044906657120e+01
4.673038945312500232e+02,-8.343526839286893448e+01
4.673041875000000118e+02,-8.031851796387898901e+01
4.673044804687500005e+02,-9.170984310519710903e+01
4.673047734374999891e+02,-7.722386202813953560e+01
4.673050664062500346e+02,-7.358410453126792561e+01
4.673053593750000232e+02,-8.052561531569489262e+01
4.673056523437500118e+02,-8.349863095822811943e+01
4.673059453125000005e+02,-8.165842080288852856e+01
4.673062382812499891e+02,-8.460189538317084157e+01
4.673065312500000346e+02,-8.886859428055052490e+01
4.673068242187500232e+02,-1.031382295840640495e+02
4.673071171875000118e+02,-8.663121716224421220e+01
4.673074101562500005e+02,-8.498383495559316714e+01
4.673077031249999891e+02,-7.609564930550352813e+01
4.673079960937500346e+02,-7.723688924823201774e+01
4.673082890625000232e+02,-8.069500172811589778e+01
4.673085820312500118e+02,-7.586567746695777714e+01
4.673088750000000005e+02,-7.725830074887629451e+01
4.673091679687499891e+02,-7.234364400678211382e+01
4.673094609375000346e+02,-7.061929213929718685e+01
4.673097539062500232e+02,-7.847344011459711055e+01
4.673100468750000118e+02,-8.102744099415112089e+01
4.673103398437500005e+02,-7.768568161843360542e+01
4.673106328124999891e+02,-8.157330429545419292e+01
4.673109257812500346e+02,-8.817270419648505708e+01
4.673112187500000232e+02,-8.031158994678689567e+01
4.673115117187500118e+02,-7.563293650659775835e+01
4.673118046875000005e+02,-7.929476989628506090e+01
4.673120976562499891e+02,-8.029192074781906285e+01
4.673123906250000346e+02,-7.697438857357154518e+01
4.673126835937500232e+02,-7.638972036387642106e+01
4.673129765625000118e+02,-7.327391315572556607e+01
4.673132695312500005e+02,-8.342117163690959103e+01
4.673135624999999891e+02,-7.637255042246022185e+01
4.673138554687500346e+02,-7.718030463741237668e+01
4.673141484375000232e+02,-8.305746103831981486e+01
4.673144414062500118e+02,-7.745878251423521021e+01
4.673147343750000005e+02,-7.738226191617276584e+01
4.673150273437499891e+02,-9.100382903541444080e+01
4.673153203125000346e+02,-8.575418222165683346e+01
4.673156132812500232e+02,-8.777982239008952092e+01
4.673159062500000118e+02,-1.000402915676896640e+02
4.673161992187500005e+02,-8.655275901664464300e+01
4.673164921874999891e+02,-8.421373328010255932e+01
4.673167851562500346e+02,-7.574004600891706218e+01
4.673170781250000232e+02,-8.420306386867989090e+01
4.673173710937500118e+02,-8.008113666751683013e+01
4.673176640625000005e+02,-8.066449616798216482e+01
4.673179570312499891e+02,-7.504089947386445658e+01
4.673182500000000346e+02,-8.108893858125912857e+01
4.673185429687500232e+02,-8.252091147039428165e+01
4.673188359375000118e+02,-9.054706264577355057e+01
4.673191289062500005e+02,-7.969299260082806313e+01
4.673194218749999891e+02,-7.349371504958196510e+01
4.673197148437500346e+02,-8.797558535261423174e+01
4.673200078125000232e+02,-7.595388190824455421e+01
4.673203007812500118e+02,-8.300414189734284776e+01
4.673205937500000005e+02,-7.676797901079930853e+01
4.673208867187499891e+02,-7.318024797792566005e+01
4.673211796875000346e+02,-7.779293534992368109e+01
4.673214726562500232e+02,-7.754375403509057207e+01
4.673217656250000118e+02,-8.602951887796717756e+01
4.673220585937500005e+02,-7.745045221428921423e+01
4.673223515624999891e+02,-7.693355936554351615e+01
4.673226445312500346e+02,-7.491318272978801929e+01
4.673229375000000232e+02,-7.408840843848487623e+01
4.673232304687500118e+02,-8.018735509809816620e+01
4.673235234375000005e+02,-9.166563068014822591e+01
4.673238164062499891e+02,-8.074636123247925923e+01
4.673241093750000346e+02,-7.558393592001097261e+01
4.673244023437500232e+02,-7.551973920250367200e+01
4.673246953125000118e+02,-7.470576191323051773e+01
4.673249882812500005e+02,-7.313625165963918562e+01
4.673252812499999891e+02,-7.871189877894852316e+01
4.673255742187500346e+02,-7.934966270593129423e+01
4.673258671875000232e+02,-7.623935685600075374e+01
4.673261601562500118e+02,-7.578906359770051893e+01
4.673264531250000005e+02,-7.964934643758115840e+01
4.673267460937499891e+02,-7.759604066632634556e+01
4.673270390625000346e+02,-7.213036281467552158e+01
4.673273320312500232e+02,-7.650112326759094117e+01
4.673276250000000118e+02,-7.744295707113630556e+01
4.673279179687500005e+02,-8.198559733909740999e+01
4.673282109374999891e+02,-8.211919337838793354e+01
4.673285039062500346e+02,-7.446998203904473712e+01
4.673287968750000232e+02,-7.217635090007088650e+01
4.673290898437500118e+02,-7.172986233009831381e+01
4.673293828125000005e+02,-7.598184394374393946e+01
4.673296757812499891e+02,-7.956909258274401964e+01
4.673299687500000346e+02,-8.053931701224036033e+01
4.673302617187500232e+02,-7.616640648692370519e+01
4.673305546875000118e+02,-8.623886009648091999e+01
4.673308476562500005e+02,-7.491142847187727227e+01
4.673311406249999891e+02,-7.148303364731943077e+01
4.673314335937500346e+02,-7.387035873870647151e+01
4.673317265625000232e+02,-7.729112980440993397e+01
4.673320195312500118e+02,-7.281112395577584095e+01
4.673323125000000005e+02,-7.093670396934012956e+01
4.673326054687499891e+02,-8.465831332968912193e+01
4.673328984375000346e+02,-7.643689061558431774e+01
4.673331914062500232e+02,-7.866523406101552496e+01
4.673334843750000118e+02,-7.887363724580518465e+01
4.673337773437500005e+02,-7.532794888079899920e+01
4.673340703124999891e+02,-7.726172873452183865e+01
4.673343632812500346e+02,-7.484771720464912903e+01
4.673346562500000232e+02,-7.260712538244028735e+01
4.673349492187500118e+02,-7.644924284468973497e+01
4.673352421875000005e+02,-7.820201104839813411e+01
4.673355351562499891e+02,-7.620797339360917988e+01
4.673358281250000346e+02,-7.226017160369748638e+01
4.673361210937500232e+02,-7.125321920010520671e+01
4.673364140625000118e+02,-7.479214611972741977e+01
4.673367070312500005e+02,-7.569511785916239432e+01
4.673369999999999891e+02,-8.371227766598656217e+01
4.673372929687500346e+02,-7.360237677035311776e+01
4.673375859375000232e+02,-7.219124080174596259e+01
4.673378789062500118e+02,-7.325635278727044408e+01
4.673381718750000005e+02,-8.389043954038362472e+01
4.673384648437499891e+02,-7.522267970540266901e+01
4.673387578125000346e+02,-7.254140260448900790e+01
4.673390507812500232e+02,-7.828111134994749420e+01
4.673393437500000118e+02,-9.537033962626733796e+01
4.673396367187500005e+02,-8.363307396316913866e+01
4.673399296874999891e+02,-7.457457858225166092e+01
4.673402226562500346e+02,-7.871954885584264616e+01
4.673405156250000232e+02,-7.355133484069200733e+01
4.673408085937500118e+02,-7.461351517205825701e+01
4.673411015625000005e+02,-7.806368761064989314e+01
4.673413945312499891e+02,-8.015945616797908713e+01
4.673416875000000346e+02,-7.574086282787334312e+01
4.673419804687500232e+02,-7.344877565921051144e+01
4.673422734375000118e+02,-7.321580122040313654e+01
4.673425664062500005e+02,-7.500648693268118450e+01
4.673428593749999891e+02,-7.499585574638783214e+01
4.673431523437500346e+02,-7.939274328007972770e+01
4.673434453125000232e+02,-7.984481923616804977e+01
4.673437382812500118e+02,-7.755171175141467188e+01
4.673440312500000005e+02,-8.086867396131586361e+01
4.673443242187499891e+02,-8.374417063774251346e+01
4.673446171875000346e+02,-7.828673770965839651e+01
4.673449101562500232e+02,-7.356413701162441043e+01
4.673452031250000118e+02,-7.239278189314174483e+01
4.673454960937500005e+02,-7.734437809776872541e+01
4.673457890624999891e+02,-7.608299804346047779e+01
4.673460820312500346e+02,-7.555549891630236914e+01
4.673463750000000232e+02,-8.036242548384946360e+01
4.673466679687500118e+02,-7.667160532757827696e+01
4.673469609375000005e+02,-8.024705669437503275e+01
4.673472539062499891e+02,-8.138314252569422536e+01
4.673475468750000346e+02,-7.270271218545244096e+01
4.673478398437500232e+02,-6.922545564395703366e+01
4.673481328125000118e+02,-7.259900953355328568e+01
4.673484257812500005e+02,-8.153883519565262361e+01
4.673487187499999891e+02,-7.646740426048947370e+01
4.673490117187500346e+02,-8.039803756450203309e+01
4.673493046875000232e+02,-7.552609782847235920e+01
4.673495976562500118e+02,-7.204426264217823928e+01
4.673498906250000005e+02,-9.075759643092473539e+01
4.673501835937499891e+02,-7.771736218644076644e+01
4.673504765625000346e+02,-7.952167908415886188e+01
4.673507695312500232e+02,-7.715995543109340815e+01
4.673510625000000118e+02,-7.555792479696656017e+01
4.673513554687500005e+02,-7.448536575254405534e+01
4.673516484374999891e+02,-6.838019669586566351e+01
4.673519414062500346e+02,-7.131017664779832899e+01
4.673522343750000232e+02,-7.753862816124011204e+01
4.673525273437500118e+02,-7.552520871169001282e+01
4.673528203125000005e+02,-7.856003767347800704e+01
4.673531132812499891e+02,-7.088491098466025164e+01
4.673534062500000346e+02,-7.486061221316093395e+01
4.673536992187500232e+02,-9.524581960847550022e+01
4.673539921875000118e+02,-7.250929845837194421e+01
4.673542851562500005e+02,-7.461722115143176381e+01
4.673545781249999891e+02,-7.652775576666149959e+01
4.673548710937500346e+02,-7.367743624834959348e+01
4.673551640625000232e+02,-7.389946885760683415e+01
4.673554570312500118e+02,-8.037069764157106988e+01
4.673557500000000005e+02,-7.545414223085975891e+01
4.673560429687499891e+02,-7.927049098990819687e+01
4.673563359375000346e+02,-7.415835047434144656e+01
4.673566289062500232e+02,-7.808961426026044705e+01
4.673569218750000118e+02,-8.228065442636986404e+01
4.673572148437500005e+02,-7.324640557835950005e+01
4.673575078124999891e+02,-7.386750039961059144e+01
4.673578007812500346e+02,-7.674711310135928954e+01
4.673580937500000232e+02,-7.137624020278367709e+01
4.673583867187500118e+02,-6.845666273410300562e+01
4.673586796875000005e+02,-8.189278095519853196e+01
4.673589726562499891e+02,-7.181149344279516811e+01
4.673592656250000346e+02,-7.662440259789094910e+01
4.673595585937500232e+02,-7.996719880382337919e+01
4.673598515625000118e+02,-7.017576275458534951e+01
4.673601445312500005e+02,-6.990683509557939601e+01
4.673604374999999891e+02,-8.076046315551391785e+01
4.673607304687500346e+02,-7.139527040784021494e+01
4.673610234375000232e+02,-8.356704313646561388e+01
4.673613164062500118e+02,-8.209218448181488270e+01
4.673616093750000005e+02,-7.251468434759463833e+01
4.673619023437499891e+02,-8.096776594372663283e+01
4.673621953125000346e+02,-7.379372912741553137e+01
4.673624882812500232e+02,-7.764652328037472273e+01
4.673627812500000118e+02,-7.033712733346648349e+01
4.673630742187500005e+02,-7.416423780040558711e+01
4.673633671874999891e+02,-7.641020409719148176e+01
4.673636601562500346e+02,-7.306586458086691493e+01
4.673639531250000232e+02,-7.543215747346087596e+01
4.673642460937500118e+02,-8.287230844794822815e+01
4.673645390625000005e+02,-8.334847141115737656e+01
4.673648320312499891e+02,-8.634035246845613187e+01
4.673651250000000346e+02,-7.485807807854810392e+01
4.673654179687500232e+02,-7.358559230167158205e+01
4.673657109375000118e+02,-6.811435994420480711e+01
4.673660039062500005e+02,-7.252036585873172214e+01
4.673662968749999891e+02,-7.770460944746140797e+01
4.673665898437500346e+02,-7.245452848468330842e+01
4.673668828125000232e+02,-7.208222929686728264e+01
4.673671757812500118e+02,-8.701295219564477179e+01
4.673674687500000005e+02,-7.685653415860664950e+01
4.673677617187499891e+02,-7.439625637288779103e+01
4.673680546875000346e+02,-7.709851337144216643e+01
4.673683476562500232e+02,-7.829465831654890451e+01
4.673686406250000118e+02,-7.319961875211205893e+01
4.673689335937500005e+02,-7.694017197314974510e+01
4.673692265624999891e+02,-8.614137162670823500e+01
4.673695195312500346e+02,-7.277265812725394767e+01
4.673698125000000232e+02,-7.031142273067609949e+01
4.673701054687500118e+02,-7.549313570525144712e+01
4.673703984375000005e+02,-7.790481731418134359e+01
4.673706914062499891e+02,-7.653940771794377440e+01
4.673709843750000346e+02,-7.890546240874085981e+01
4.673712773437500232e+02,-8.052991411574411984e+01
4.673715703125000118e+02,-8.462223070145881820e+01
4.673718632812500005e+02,-8.429762544012365311e+01
4.673721562499999891e+02,-7.860474532447535978e+01
4.673724492187500346e+02,-7.701854170846642944e+01
4.673727421875000232e+02,-7.714182169712425718e+01
4.673730351562500118e+02,-7.983543139628118013e+01
4.673733281250000005e+02,-7.158125160989739300e+01
4.673736210937499891e+02,-6.945523602108781347e+01
4.673739140625000346e+02,-7.389133001587141791e+01
4.673742070312500232e+02,-8.067794691502786009e+01
4.673745000000000118e+02,-7.866270619441957024e+01
4.673747929687500005e+02,-7.979637178075660131e+01
4.673750859374999891e+02,-7.775515266911415324e+01
4.673753789062500346e+02,-7.144021622366264523e+01
4.673756718750000232e+02,-6.829582119732837953e+01
4.673759648437500118e+02,-7.333748896418293839e+01
4.673762578125000005e+02,-8.377752833993991999e+01
4.673765507812499891e+02,-7.768043201222002381e+01
4.673768437500000346e+02,-7.909368362213504611e+01
4.673771367187500232e+02,-7.356472518087939250e+01
4.673774296875000118e+02,-7.324677051872112088e+01
4.673777226562500005e+02,-8.122537308203465045e+01
4.673780156249999891e+02,-8.208277509133469607e+01
4.673783085937500346e+02,-8.356949067089789196e+01
4.673786015625000232e+02,-7.594052035170069814e+01
4.673788945312500118e+02,-7.425981775764972781e+01
4.673791875000000005e+02,-7.355396003718442444e+01
4.673794804687499891e+02,-7.603176639373747037e+01
4.673797734375000346e+02,-7.072867565591607786e+01
4.673800664062500232e+02,-8.313564202908602851e+01
4.673803593750000118e+02,-7.732706215563523244e+01
4.673806523437500005e+02,-8.071995761993454721e+01
4.673809453124999891e+02,-7.017938414889175647e+01
4.673812382812500346e+02,-6.926118550848181599e+01
4.673815312500000232e+02,-6.973708730320441873e+01
4.673818242187500118e+02,-7.130460823475239351e+01
4.673821171875000005e+02,-7.479053481944049508e+01
4.673824101562499891e+02,-7.406614451983516290e+01
4.673827031250000346e+02,-7.741365905316142459e+01
4.673829960937500232e+02,-8.064059859739950298e+01
4.673832890625000118e+02,-7.801507332356420932e+01
4.673835820312500005e+02,-7.777681278916939789e+01
4.673838749999999891e+02,-7.512089945646370381e+01
4.673841679687500346e+02,-7.311210673934331794e+01
4.673844609375000232e+02,-7.863208550589331480e+01
4.673847539062500118e+02,-7.897725079818093263e+01
4.673850468750000005e+02,-7.416078315432676504e+01
4.673853398437499891e+02,-8.084080039214859426e+01
4.673856328125000346e+02,-7.581655122920822976e+01
4.673859257812500232e+02,-6.916363949103273967e+01
4.673862187500000118e+02,-6.883553832038656140e+01
4.673865117187500005e+02,-7.090938506741956360e+01
4.673868046874999891e+02,-7.214589913371625585e+01
4.673870976562500346e+02,-7.512419453077816911e+01
4.673873906250000232e+02,-8.448473886831395419e+01
4.673876835937500118e+02,-9.068334944479131821e+01
4.673879765625000005e+02,-8.851748475706872910e+01
4.673882695312499891e+02,-7.834186361341647853e+01
4.673885625000000346e+02,-7.100918529870399709e+01
4.673888554687500232e+02,-7.390922376408033756e+01
4.673891484375000118e+02,-7.463178049166214123e+01
4.673894414062500005e+02,-8.437086630082765737e+01
4.673897343749999891e+02,-8.688100191898242031e+01
4.673900273437500346e+02,-8.165045665486081816e+01
4.673903203125000232e+02,-7.755120918039781941e+01
4.673906132812500118e+02,-7.559686192832025142e+01
4.673909062500000005e+02,-7.381355923058239910e+01
4.673911992187499891e+02,-6.886781674361182581e+01
4.673914921875000346e+02,-6.871147190781502445e+01
4.673917851562500232e+02,-7.096391710501347916e+01
4.673920781250000118e+02,-6.852185044916208767e+01
4.673923710937500005e+02,-7.701110508864603332e+01
4.673926640624999891e+02,-7.912419090050272530e+01
4.673929570312500346e+02,-7.784270437291118583e+01
4.673932500000000232e+02,-7.742562275385621717e+01
4.673935429687500118e+02,-7.578466665894542587e+01
4.673938359375000005e+02,-7.585355551501629634e+01
4.673941289062499891e+02,-7.481332902725327472e+01
4.673944218750000346e+02,-7.449981621450632474e+01
4.673947148437500232e+02,-6.928370560805245759e+01
4.673950078125000118e+02,-6.963222173771617918e+01
4.673953007812500005e+02,-6.961628366234673138e+01
4.673955937499999891e+02,-8.786080052532417994e+01
4.673958867187500346e+02,-8.520087823551280337e+01
4.673961796875000232e+02,-7.050323882435611722e+01
4.673964726562500118e+02,-6.646336598626758985e+01
4.673967656250000005e+02,-6.683110737226661513e+01
4.673970585937499891e+02,-8.139213463569623741e+01
4.673973515625000346e+02,-7.202295310399597383e+01
4.673976445312500232e+02,-7.271386008711523630e+01
4.673979375000000118e+02,-7.911774223569832998e+01
4.673982304687500005e+02,-9.535973755938005070e+01
4.673985234374999891e+02,-7.890743640195184128e+01
4.673988164062500346e+02,-7.375688227542339348e+01
4.673991093750000232e+02,-7.631857242253897766e+01
4.673994023437500118e+02,-7.878171506075939590e+01
4.673996953125000005e+02,-7.849382915768575231e+01
4.673999882812499891e+02,-8.309992016781855284e+01
4.674002812500000346e+02,-7.575487650185858968e+01
4.674005742187500232e+02,-8.895833604376480253e+01
4.674008671875000118e+02,-7.275754256809929643e+01
4.674011601562500005e+02,-8.819912836602897244e+01
4.674014531249999891e+02,-7.492878284906717568e+01
4.674017460937500346e+02,-7.518556681058618096e+01
4.674020390625000232e+02,-7.104992111972856605e+01
4.674023320312500118e+02,-7.136060112869159866e+01
4.674026250000000005e+02,-7.476354193322431740e+01
4.674029179687499891e+02,-6.474451007329764707e+01
4.674032109375000346e+02,-6.440622004995371697e+01
4.674035039062500232e+02,-7.524387238848022719e+01
4.674037968750000118e+02,-7.943367421847342769e+01
4.674040898437500005e+02,-7.443025806967538927e+01
4.674043828124999891e+02,-7.221606896711912782e+01
4.674046757812500346e+02,-7.457340299626415003e+01
4.674049687500000232e+02,-7.946570032227627678e+01
4.674052617187500118e+02,-6.816502817508991541e+01
4.674055546875000005e+02,-7.042389982456489861e+01
4.674058476562499891e+02,-7.042853626043819304e+01
4.674061406250000346e+02,-6.970011096999070332e+01
4.674064335937500232e+02,-7.699438109082282722e+01
4.674067265625000118e+02,-7.378536402202060174e+01
4.674070195312500005e+02,-7.582999131830175088e+01
4.674073124999999891e+02,-7.970869719679755860e+01
4.674076054687500346e+02,-7.887992580376247531e+01
4.674078984375000232e+02,-7.510044780423999100e+01
4.674081914062500118e+02,-7.597929034075536947e+01
4.674084843750000005e+02,-8.091051774011307884e+01
4.674087773437499891e+02,-7.543679769521149581e+01
4.674090703125000346e+02,-7.369915884510787407e+01
4.674093632812500232e+02,-7.103341724180707217e+01
4.674096562500000118e+02,-7.189531929654593512e+01
4.674099492187500005e+02,-7.056942268206316271e+01
4.674102421874999891e+02,-8.354903497096267984e+01
4.674105351562500346e+02,-7.194550777217253312e+01
4.674108281250000232e+02,-6.791821281394399534e+01
4.674111210937500118e+02,-6.743130693113147345e+01
4.674114140625000005e+02,-7.163804562562975775e+01
4.674117070312499891e+02,-6.933775092170171206e+01
4.674120000000000346e+02,-7.087660953283021570e+01
4.674122929687500232e+02,-7.138267020177212885e+01
4.674125859375000118e+02,-6.842615975585063381e+01
4.674128789062500005e+02,-7.108622224813545643e+01
4.674131718749999891e+02,-7.455629073796627893e+01
4.674134648437500346e+02,-7.086505939167358292e+01
4.674137578125000232e+02,-8.619677642073673951e+01
4.674140507812500118e+02,-7.811943772887778437e+01
4.674143437500000005e+02,-6.855936472076069776e+01
4.674146367187499891e+02,-7.935404500734770750e+01
4.674149296875000346e+02,-6.680805340744481668e+01
4.674152226562500232e+02,-7.464733741662281830e+01
4.674155156250000118e+02,-7.283171347093953329e+01
4.674158085937500005e+02,-7.070595313359773115e+01
4.674161015624999891e+02,-7.566559671242012541e+01
4.674163945312500346e+02,-6.857687891232627919e+01
4.674166875000000232e+02,-6.492974020211897823e+01
4.674169804687500118e+02,-6.922926526417371917e+01
4.674172734375000005e+02,-7.044165249969782394e+01
4.674175664062499891e+02,-7.180293590355614697e+01
4.674178593750000346e+02,-8.601535877877000758e+01
4.674181523437500232e+02,-7.995818920207857161e+01
4.674184453125000118e+02,-7.316454912037612246e+01
4.674187382812500005e+02,-8.588800688008939233e+01
4.674190312499999891e+02,-7.569422320871262855e+01
4.674193242187500346e+02,-7.271091275251343689e+01
4.674196171875000232e+02,-7.151324503419213841e+01
4.674199101562500118e+02,-6.909997445641792524e+01
4.674202031250000005e+02,-7.761140331571345996e+01
4.674204960937499891e+02,-8.324138131680396668e+01
4.674207890625000346e+02,-7.260833184059974599e+01
4.674210820312500232e+02,-7.553156100764519465e+01
4.674213750000000118e+02,-7.562173314756992681e+01
4.674216679687500005e+02,-6.868778369638769732e+01
4.674219609374999891e+02,-7.085523755681261093e+01
4.674222539062500346e+02,-7.364049717102058423e+01
4.674225468750000232e+02,-7.423053676440039794e+01
4.674228398437500118e+02,-7.273388127584604490e+01
4.674231328125000005e+02,-7.352202493948630035e+01
4.674234257812499891e+02,-7.081128007406979918e+01
4.674237187500000346e+02,-7.213542904420219770e+01
4.674240117187500232e+02,-6.845524181798025154e+01
4.674243046875000118e+02,-6.744938486894935181e+01
4.674245976562500005e+02,-7.757649314525080797e+01
4.674248906249999891e+02,-7.191640597745268337e+01
4.674251835937500346e+02,-7.455777832793199877e+01
4.674254765625000232e+02,-7.058104789078804231e+01
4.674257695312500118e+02,-7.123565252014113014e+01
4.674260625000000005e+02,-7.127878386476115224e+01
4.674263554687499891e+02,-7.202978983039307082e+01
4.674266484375000346e+02,-7.214120747472824746e+01
4.674269414062500232e+02,-7.316409476641231890e+01
4.674272343750000118e+02,-6.907652449165651376e+01
4.674275273437500005e+02,-7.571632673868006691e+01
4.674278203124999891e+02,-8.248952788894500543e+01
4.674281132812500346e+02,-6.742654631600476023e+01
4.674284062500000232e+02,-6.487828884789833239e+01
4.674286992187500118e+02,-6.528421966747116301e+01
4.674289921875000005e+02,-7.622890173398141656e+01
4.674292851562499891e+02,-7.148541106238687348e+01
4.674295781250000346e+02,-7.307159423075648874e+01
4.674298710937500232e+02,-7.026707404796633227e+01
4.674301640625000118e+02,-6.919014593441518457e+01
4.674304570312500005e+02,-8.011980168105250755e+01
4.674307499999999891e+02,-7.905964640237573349e+01
4.674310429687500346e+02,-7.363987292769876092e+01
4.674313359375000232e+02,-7.816098921271593269e+01
4.674316289062500118e+02,-8.202518999991065130e+01
4.674319218750000005e+02,-6.603712129987934532e+01
4.674322148437499891e+02,-6.948941467936643335e+01
4.674325078125000346e+02,-7.953720358570234339e+01
4.674328007812500232e+02,-8.285256882419176350e+01
4.674330937500000118e+02,-8.648315955410581068e+01
4.674333867187500005e+02,-7.207622244034911319e+01
4.674336796874999891e+02,-7.497057640826929514e+01
4.674339726562500346e+02,-8.521233715697380262e+01
4.674342656250000232e+02,-8.134756191394106395e+01
4.674345585937500118e+02,-7.367852472083409054e+01
4.674348515625000005e+02,-7.556497774224658315e+01
4.674351445312499891e+02,-6.869173041012233227e+01
4.674354375000000346e+02,-7.392527943413323044e+01
4.674357304687500232e+02,-7.641416888767057003e+01
4.674360234375000118e+02,-7.221964902213943560e+01
4.674363164062500005e+02,-7.461905622654896320e+01
4.674366093749999891e+02,-7.641314716604446744e+01
4.674369023437500346e+02,-7.232478780189511269e+01
4.674371953125000232e+02,-6.718699043208501109e+01
4.674374882812500118e+02,-7.299176440383041609e+01
4.674377812500000005e+02,-7.159428511824347652e+01
4.674380742187499891e+02,-6.922393668405480582e+01
4.674383671875000346e+02,-7.089826494436736937e+01
4.674386601562500232e+02,-7.459377852861595670e+01
4.674389531250000118e+02,-6.912454659045964434e+01
4.674392460937500005e+02,-6.754729027135513775e+01
4.674395390624999891e+02,-6.894875101730298184e+01
4.674398320312500346e+02,-7.389816072064347452e+01
4.674401250000000232e+02,-7.251653639350320191e+01
4.674404179687500118e+02,-7.244199553875604636e+01
4.674407109375000005e+02,-7.502361592506986199e+01
4.674410039062499891e+02,-7.084261953053386662e+01
4.674412968750000346e+02,-7.192364400712300210e+01
4.674415898437500232e+02,-8.364068364125358812e+01
4.674418828125000118e+02,-6.993800517657733451e+01
4.674421757812500005e+02,-6.949864541482219238e+01
4.674424687499999891e+02,-7.703578823843272971e+01
4.674427617187500346e+02,-8.355017342884096365e+01
4.674430546875000232e+02,-7.941912813105541602e+01
4.674433476562500118e+02,-8.192755131538299906e+01
4.674436406250000005e+02,-6.776579081325670018e+01
4.674439335937499891e+02,-6.980858047304775482e+01
4.674442265625000346e+02,-7.533004046821601207e+01
4.674445195312500232e+02,-7.557485500913119836e+01
4.674448125000000118e+02,-7.652055948429337207e+01
4.674451054687500005e+02,-7.096131145222365433e+01
4.674453984374999891e+02,-7.298260367716019914e+01
4.674456914062500346e+02,-7.385066304103145285e+01
4.674459843750000232e+02,-7.966215655080235081e+01
4.674462773437500118e+02,-6.953479755588016076e+01
4.674465703125000005e+02,-7.153184845998984542e+01
4.674468632812499891e+02,-6.955642389047872598e+01
4.674471562500000346e+02,-6.769477767128778112e+01
4.674474492187500232e+02,-8.189222044155143010e+01
4.674477421875000118e+02,-7.800732971696398010e+01
4.674480351562500005e+02,-7.803678486575824991e+01
4.674483281249999891e+02,-8.010012883298541908e+01
4.674486210937500346e+02,-7.955555372338581321e+01
4.674489140625000232e+02,-7.815350467598376838e+01
4.674492070312500118e+02,-8.055927070921885047e+01
4.674495000000000005e+02,-7.619427838821252408e+01
4.674497929687499891e+02,-7.825168414467776756e+01
4.674500859375000346e+02,-7.268509537457707381e+01
4.674503789062500232e+02,-7.385499306256599539e+01
4.674506718750000118e+02,-7.388667463756904397e+01
4.674509648437500005e+02,-7.740045910079680880e+01
4.674512578124999891e+02,-7.039002580719883895e+01
4.674515507812500346e+02,-6.840044181974165838e+01
4.674518437500000232e+02,-7.103015497233516840e+01
4.674521367187500118e+02,-6.719036898024168636e+01
4.674524296875000005e+02,-6.608599671549160348e+01
4.674527226562499891e+02,-7.185201264584551950e+01
4.674530156250000346e+02,-7.671202030810778183e+01
4.674533085937500232e+02,-7.508163846153335896e+01
4.674536015625000118e+02,-8.435665235823390162e+01
4.674538945312500005e+02,-8.155015497637305089e+01
4.674541874999999891e+02,-7.656845912583138158e+01
4.674544804687500346e+02,-7.617678580164907487e+01
4.674547734375000232e+02,-7.751562527519766377e+01
4.674550664062500118e+02,-8.351867775341391109e+01
4.674553593750000005e+02,-6.723684264580788295e+01
4.674556523437499891e+02,-6.871940389204776523e+01
4.674559453125000346e+02,-7.483201209291546263e+01
4.674562382812500232e+02,-6.810510573190298089e+01
4.674565312500000118e+02,-6.664440690494726027e+01
4.674568242187500005e+02,-6.846157152964374859e+01
4.674571171874999891e+02,-7.081241347688531107e+01
4.674574101562500346e+02,-7.161079389597175293e+01
4.674577031250000232e+02,-7.440764835801928712e+01
4.674579960937500118e+02,-7.643582937235643726e+01
4.674582890625000005e+02,-7.216862202958195383e+01
4.674585820312499891e+02,-7.037635423901153331e+01
4.674588750000000346e+02,-7.727472319968993020e+01
4.674591679687500232e+02,-8.082330020013338867e+01
4.674594609375000118e+02,-6.851874979495936202e+01
4.674597539062500005e+02,-6.730332935906756120e+01
4.674600468749999891e+02,-6.997661302090138236e+01
4.674603398437500346e+02,-8.507360310759365518e+01
4.674606328125000232e+02,-6.921685964551686254e+01
4.674609257812500118e+02,-6.937066582447833696e+01
4.674612187500000005e+02,-6.414662475227628136e+01
4.674615117187499891e+02,-6.561089250312642207e+01
4.674618046875000346e+02,-7.884281083465663187e+01
4.674620976562500232e+02,-8.303955046529132744e+01
4.674623906250000118e+02,-6.977247414353861643e+01
4.674626835937500005e+02,-7.170069405938622253e+01
4.674629765624999891e+02,-7.870368044375587147e+01
4.674632695312500346e+02,-8.554102630352699066e+01
4.674635625000000232e+02,-7.868245711827367472e+01
4.674638554687500118e+02,-7.168955862990375749e+01
4.674641484375000005e+02,-7.447023626272100216e+01
4.674644414062499891e+02,-7.071486869049159907e+01
4.674647343750000346e+02,-6.749512792497115754e+01
4.674650273437500232e+02,-7.558393947589040351e+01
4.674653203125000118e+02,-6.533914767768425236e+01
4.674656132812500005e+02,-6.605794873357540098e+01
4.674659062499999891e+02,-6.876687471886700109e+01
4.674661992187500346e+02,-6.557358201311578227e+01
4.674664921875000232e+02,-7.131619037077446421e+01
4.674667851562500118e+02,-6.761153549891703562e+01
4.674670781250000005e+02,-6.945916477002020883e+01
4.674673710937499891e+02,-7.022843434961883702e+01
4.674676640625000346e+02,-7.090261736490363376e+01
4.674679570312500232e+02,-6.803024232505831037e+01
4.674682500000000118e+02,-7.142876352401438567e+01
4.674685429687500005e+02,-6.836329884252015177e+01
4.674688359374999891e+02,-7.266528148065818016e+01
4.674691289062500346e+02,-7.033683306978500127e+01
4.674694218750000232e+02,-7.340433942129406830e+01
4.674697148437500118e+02,-7.300862873672127762e+01
4.674700078125000005e+02,-7.378370148263789474e+01
4.674703007812499891e+02,-6.664167638718029707e+01
4.674705937500000346e+02,-6.919280741950539948e+01
4.674708867187500232e+02,-7.375172585282201965e+01
4.674711796875000118e+02,-6.610278911816482150e+01
4.674714726562500005e+02,-6.875048036436092502e+01
4.674717656249999891e+02,-7.244025913218355583e+01
4.674720585937500346e+02,-6.956767436315793418e+01
4.674723515625000232e+02,-7.751177622686931556e+01
4.674726445312500118e+02,-7.722739770447762453e+01
4.674729375000000005e+02,-7.094440462645826528e+01
4.674732304687499891e+02,-6.391361186673195505e+01
4.674735234375000346e+02,-6.184045971558675348e+01
4.674738164062500232e+02,-7.489110903349535420e+01
4.674741093750000118e+02,-6.488148867809586307e+01
4.674744023437500005e+02,-6.532596088270169332e+01
4.674746953124999891e+02,-6.977604332202513149e+01
4.674749882812500346e+02,-7.854894692507716059e+01
4.674752812500000232e+02,-7.695942189120415833e+01
4.674755742187500118e+02,-7.120785570015837607e+01
4.674758671875000005e+02,-6.242348571481738873e+01
4.674761601562499891e+02,-6.096062764528537059e+01
4.674764531250000346e+02,-6.553022445955213016e+01
4.674767460937500232e+02,-6.871783451449014990e+01
4.674770390625000118e+02,-6.644430646023965892e+01
4.674773320312500005e+02,-8.551043808493540155e+01
4.674776249999999891e+02,-7.025801089066851546e+01
4.674779179687500346e+02,-7.044973467591424310e+01
4.674782109375000232e+02,-6.484380494768819858e+01
4.674785039062500118e+02,-7.215689296728926649e+01
4.674787968750000005e+02,-6.662312481589393087e+01
4.674790898437499891e+02,-6.913050147559030734e+01
4.674793828125000346e+02,-8.213417822472784735e+01
4.674796757812500232e+02,-6.969425098061435619e+01
4.674799687500000118e+02,-6.859546947338512268e+01
4.674802617187500005e+02,-6.291982429252085751e+01
4.674805546874999891e+02,-6.484927021525811597e+01
4.674808476562500346e+02,-6.721725708620350304e+01
4.674811406250000232e+02,-7.170980436035941352e+01
4.674814335937500118e+02,-6.172762898455074776e+01
4.674817265625000005e+02,-6.484171120090874751e+01
4.674820195312499891e+02,-7.153840572819773058e+01
4.674823125000000346e+02,-6.832045730225081570e+01
4.674826054687500232e+02,-7.855478871154784315e+01
4.674828984375000118e+02,-7.468986327393798774e+01
4.674831914062500005e+02,-6.794884605301689362e+01
4.674834843749999891e+02,-5.884668092740599832e+01
4.674837773437500346e+02,-6.205243449611874240e+01
4.674840703125000232e+02,-7.020728556389941843e+01
4.674843632812500118e+02,-6.394824611897426792e+01
4.674846562500000005e+02,-6.447588409630837702e+01
4.674849492187499891e+02,-6.104373663835602315e+01
4.674852421875000346e+02,-6.740522266815064256e+01
4.674855351562500232e+02,-7.151082098995834713e+01
4.674858281250000118e+02,-8.899053201511537736e+01
4.674861210937500005e+02,-6.879994162552850412e+01
4.674864140624999891e+02,-6.635297789521163736e+01
4.674867070312500346e+02,-7.046664600276514534e+01
4.674870000000000232e+02,-6.523457062674336271e+01
4.674872929687500118e+02,-6.456641231492081090e+01
4.674875859375000005e+02,-6.654308995219277278e+01
4.674878789062499891e+02,-6.632374581553317228e+01
4.674881718750000346e+02,-6.026416354477728277e+01
4.674884648437500232e+02,-6.560073053411458943e+01
4.674887578125000118e+02,-7.382075675768859924e+01
4.674890507812500005e+02,-8.206047541535154721e+01
4.674893437499999891e+02,-7.137161171712011765e+01
4.674896367187500346e+02,-6.786179950185081111e+01
4.674899296875000232e+02,-7.328102112340316410e+01
4.674902226562500118e+02,-6.422115602200338458e+01
4.674905156250000005e+02,-6.633866796905186902e+01
4.674908085937499891e+02,-7.079313489379194380e+01
4.674911015625000346e+02,-6.843885445353051011e+01
4.674913945312500232e+02,-7.042435781583763799e+01
4.674916875000000118e+02,-6.710666552031311483e+01
4.674919804687500005e+02,-6.960681264333416607e+01
4.674922734374999891e+02,-6.593786109541780149e+01
4.674925664062500346e+02,-7.148692113485454058e+01
4.674928593750000232e+02,-6.913424868035536974e+01
4.674931523437500118e+02,-7.824621456848888101e+01
4.674934453125000005e+02,-7.659593214008839368e+01
4.674937382812499891e+02,-7.428378769341196630e+01
4.674940312500000346e+02,-7.094702960053663787e+01
4.674943242187500232e+02,-6.565407208491970437e+01
4.674946171875000118e+02,-7.269643009407970169e+01
4.674949101562500005e+02,-6.727963488293683270e+01
4.674952031249999891e+02,-6.775651181147145508e+01
4.674954960937500346e+02,-6.453695189080750083e+01
4.674957890625000232e+02,-6.543710959738616850e+01
4.674960820312500118e+02,-7.465140150170236666e+01
4.674963750000000005e+02,-6.837425758553366961e+01
4.674966679687499891e+02,-6.736685414526641580e+01
4.674969609375000346e+02,-7.003355184532797750e+01
4.674972539062500232e+02,-7.143751584297127977e+01
4.674975468750000118e+02,-6.398213228166043365e+01
4.674978398437500005e+02,-6.079168359363205099e+01
4.674981328124999891e+02,-7.141991124446833794e+01
4.674984257812500346e+02,-6.185946533257416036e+01
4.674987187500000232e+02,-5.642201634845981317e+01
4.674990117187500118e+02,-6.320230726345002381e+01
4.674993046875000005e+02,-6.217419302895719113e+01
4.674995976562499891e+02,-6.553967504317344606e+01
4.674998906250000346e+02,-6.109405825869029627e+01
4.675001835937500232e+02,-6.269225338324478258e+01
4.675004765625000118e+02,-6.599239744351240233e+01
4.675007695312500005e+02,-6.887811623380289916e+01
4.675010624999999891e+02,-6.647637746535194481e+01
4.675013554687500346e+02,-6.248780539943733459e+01
4.675016484375000232e+02,-6.376638557262567275e+01
4.675019414062500118e+02,-7.256245784964934842e+01
4.675022343750000005e+02,-6.264223591941299674e+01
4.675025273437499891e+02,-6.536466238727464884e+01
4.675028203125000346e+02,-7.426109194293670157e+01
4.675031132812500232e+02,-6.497242175248931062e+01
4.675034062500000118e+02,-6.300016169247511755e+01
4.675036992187500005e+02,-6.946963951717275165e+01
4.675039921874999891e+02,-6.503328651971844465e+01
4.675042851562500346e+02,-6.006532964011333320e+01
4.675045781250000232e+02,-6.478150304253205150e+01
4.675048710937500118e+02,-7.068459070372229291e+01
4.675051640625000005e+02,-7.876590946266689741e+01
4.675054570312499891e+02,-7.735929084110698284e+01
4.675057500000000346e+02,-6.998928231227026231e+01
4.675060429687500232e+02,-6.178560700644609227e+01
4.675063359375000118e+02,-6.044938145508227478e+01
4.675066289062500005e+02,-6.721396394670856012e+01
4.675069218749999891e+02,-6.495784596517997045e+01
4.675072148437500346e+02,-6.601727187671086483e+01
4.675075078125000232e+02,-6.561312396719971218e+01
4.675078007812500118e+02,-6.990431223370308089e+01
4.675080937500000005e+02,-6.862684300728355424e+01
4.675083867187499891e+02,-6.974088727913920138e+01
4.675086796875000346e+02,-8.253169761081335309e+01
4.675089726562500232e+02,-7.727690488160276061e+01
4.675092656250000118e+02,-6.870988743631711770e+01
4.675095585937500005e+02,-6.367163974328190079e+01
4.675098515624999891e+02,-6.423280829136250247e+01
4.675101445312500346e+02,-7.714279785650145982e+01
4.675104375000000232e+02,-7.500239990668282530e+01
4.675107304687500118e+02,-6.374785414072765377e+01
4.675110234375000005e+02,-6.178408425738673770e+01
4.675113164062499891e+02,-6.255157021889039726e+01
4.675116093750000346e+02,-6.520513989324970794e+01
4.675119023437500232e+02,-7.000260308756138272e+01
4.675121953125000118e+02,-7.560310254270609676e+01
4.675124882812500005e+02,-7.353768281367342752e+01
4.675127812499999891e+02,-6.911312260320748635e+01
4.675130742187500346e+02,-6.940260514293393612e+01
4.675133671875000232e+02,-6.847482314764394573e+01
4.675136601562500118e+02,-7.325999870158837268e+01
4.675139531250000005e+02,-7.500037247044433286e+01
4.675142460937499891e+02,-6.813060411361956881e+01
4.675145390625000346e+02,-6.540108005946558478e+01
4.675148320312500232e+02,-6.525802443324280944e+01
4.675151250000000118e+02,-6.791118164227150089e+01
4.675154179687500005e+02,-6.436569425531115485e+01
4.675157109374999891e+02,-6.273354778845603619e+01
4.675160039062500346e+02,-6.471554367771381067e+01
4.675162968750000232e+02,-6.761886719988885375e+01
4.675165898437500118e+02,-7.130768416736670190e+01
4.675168828125000005e+02,-6.980192602987052908e+01
4.675171757812499891e+02,-6.682282668223840005e+01
4.675174687500000346e+02,-6.490412508713161799e+01
4.675177617187500232e+02,-6.524872629876465169e+01
4.675180546875000118e+02,-7.043614165715045772e+01
4.675183476562500005e+02,-8.762875461794621401e+01
4.675186406249999891e+02,-7.020860169171598386e+01
4.675189335937500346e+02,-6.687236581577252537e+01
4.675192265625000232e+02,-8.574125478527228950e+01
4.675195195312500118e+02,-7.320477814162842378e+01
4.675198125000000005e+02,-7.512112332873766718e+01
4.675201054687499891e+02,-7.483150020368577771e+01
4.675203984375000346e+02,-6.826325439010048513e+01
4.675206914062500232e+02,-6.922452745974025845e+01
4.675209843750000118e+02,-6.565714531206803883e+01
4.675212773437500005e+02,-6.504051445479186100e+01
4.675215703124999891e+02,-8.317310357822053390e+01
4.675218632812500346e+02,-7.460816416038819909e+01
4.675221562500000232e+02,-6.583638783653866255e+01
4.675224492187500118e+02,-6.669348311732180434e+01
4.675227421875000005e+02,-6.450943251441512416e+01
4.675230351562499891e+02,-6.437814437199730833e+01
4.675233281250000346e+02,-6.846667439264919608e+01
4.675236210937500232e+02,-6.663199755516964728e+01
4.675239140625000118e+02,-6.154938607225542313e+01
4.675242070312500005e+02,-6.444322149164794666e+01
4.675244999999999891e+02,-6.821133675125967955e+01
4.675247929687500346e+02,-7.348388765296589042e+01
4.675250859375000232e+02,-7.374514236619522478e+01
4.675253789062500118e+02,-8.205478618774237987e+01
4.675256718750000005e+02,-7.438253645239471723e+01
4.675259648437499891e+02,-6.338503379644741642e+01
4.675262578125000346e+02,-6.503106328189632279e+01
4.675265507812500232e+02,-5.354213753196681580e+01
4.675268437500000118e+02,-5.448871324818230732e+01
4.675271367187500005e+02,-6.500140105708412364e+01
4.675274296874999891e+02,-6.682216024741154570e+01
4.675277226562500346e+02,-7.348451293859299938e+01
4.675280156250000232e+02,-8.011040265724304277e+01
4.675283085937500118e+02,-6.860396961370349800e+01
4.675286015625000005e+02,-5.996010925181565199e+01
4.675288945312499891e+02,-6.041681263684220937e+01
4.675291875000000346e+02,-6.356214615751468955e+01
4.675294804687500232e+02,-6.383861011715234213e+01
4.675297734375000118e+02,-6.690508802572129810e+01
4.675300664062500005e+02,-6.316131407394782116e+01
4.675303593749999891e+02,-6.458140123876378880e+01
4.675306523437500346e+02,-7.502921947550393611e+01
4.675309453125000232e+02,-7.264085142548132978e+01
4.675312382812500118e+02,-6.672806149558270761e+01
4.675315312500000005e+02,-7.096053121832511579e+01
4.675318242187499891e+02,-6.899433064760688694e+01
4.675321171875000346e+02,-6.802857087151188864e+01
4.675324101562500232e+02,-6.504442201865256834e+01
4.675327031250000118e+02,-5.953228278501114801e+01
4.675329960937500005e+02,-6.248383158192496012e+01
4.675332890624999891e+02,-7.394026407638820331e+01
4.675335820312500346e+02,-6.479180598315467421e+01
4.675338750000000232e+02,-6.269133397945615371e+01
4.675341679687500118e+02,-6.906678914077107834e+01
4.675344609375000005e+02,-8.337586470418924023e+01
4.675347539062499891e+02,-6.976714364025559689e+01
4.675350468750000346e+02,-6.286492856784641248e+01
4.675353398437500232e+02,-5.878117680202443296e+01
4.675356328125000118e+02,-5.970135388082552197e+01
4.675359257812500005e+02,-5.973129549969832652e+01
4.675362187499999891e+02,-6.617126292570901569e+01
4.675365117187500346e+02,-7.384604785016209405e+01
4.675368046875000232e+02,-6.593723407601372344e+01
4.675370976562500118e+02,-5.916743628707379798e+01
4.675373906250000005e+02,-5.792884456824657491e+01
4.675376835937499891e+02,-5.884084941392902834e+01
4.675379765625000346e+02,-5.971861710087711828e+01
4.675382695312500232e+02,-7.669491687258675938e+01
4.675385625000000118e+02,-5.705215761283973563e+01
4.675388554687500005e+02,-5.539931635521105591e+01
4.675391484374999891e+02,-6.457191105948298571e+01
4.675394414062500346e+02,-7.271641861042090227e+01
4.675397343750000232e+02,-6.285068404306264256e+01
4.675400273437500118e+02,-6.261460898865110636e+01
4.675403203125000005e+02,-6.922878179186811565e+01
4.675406132812499891e+02,-6.919231982670552838e+01
4.675409062500000346e+02,-6.175559967111674808e+01
4.675411992187500232e+02,-6.404230149641783498e+01
4.675414921875000118e+02,-6.182993994289254402e+01
4.675417851562500005e+02,-5.356025989946775212e+01
4.675420781249999891e+02,-6.219615913261893070e+01
4.675423710937500346e+02,-5.920803398157835318e+01
4.675426640625000232e+02,-5.873305249766242753e+01
4.675429570312500118e+02,-6.717282808270198302e+01
4.675432500000000005e+02,-6.584145007367969527e+01
4.675435429687499891e+02,-6.841023926219018847e+01
4.675438359375000346e+02,-6.731725540530391072e+01
4.675441289062500232e+02,-6.638069248296933722e+01
4.675444218750000118e+02,-6.659642039928534984e+01
4.675447148437500005e+02,-5.736510466085739068e+01
4.675450078124999891e+02,-6.083340821285651856e+01
4.675453007812500346e+02,-6.471388139638763448e+01
4.675455937500000232e+02,-5.122850484088640854e+01
4.675458867187500118e+02,-5.110689989151073576e+01
4.675461796875000005e+02,-5.716269380405140055e+01
4.675464726562499891e+02,-5.453307448275033664e+01
4.675467656250000346e+02,-6.275695973085295520e+01
4.675470585937500232e+02,-6.010215472226038003e+01
4.675473515625000118e+02,-5.658185972280358556e+01
4.675476445312500005e+02,-5.406852753328113437e+01
4.675479374999999891e+02,-6.281593061246972809e+01
4.675482304687500346e+02,-7.094913412604878999e+01
4.675485234375000232e+02,-7.405939858142915000e+01
4.675488164062500118e+02,-6.035787754951225281e+01
4.675491093750000005e+02,-5.753721291444048092e+01
4.675494023437499891e+02,-5.234970452579368327e+01
4.675496953125000346e+02,-5.831894414578214736e+01
4.675499882812500232e+02,-6.243896165980052615e+01
4.675502812500000118e+02,-6.091948540886509278e+01
4.675505742187500005e+02,-6.580538543809933572e+01
4.675508671874999891e+02,-6.260639615527484381e+01
4.675511601562500346e+02,-6.306856551747153361e+01
4.675514531250000232e+02,-5.702336948766485136e+01
4.675517460937500118e+02,-6.133668941185388235e+01
4.675520390625000005e+02,-5.392521050942525562e+01
4.675523320312499891e+02,-5.326157343635111374e+01
4.675526250000000346e+02,-6.123963177245227030e+01
4.675529179687500232e+02,-5.168651017597079544e+01
4.675532109375000118e+02,-5.498708109593301430e+01
4.675535039062500005e+02,-6.194537107077194804e+01
4.675537968749999891e+02,-6.497690425394006297e+01
4.675540898437500346e+02,-5.736364571762292996e+01
4.675543828125000232e+02,-5.120444659066183135e+01
4.675546757812500118e+02,-5.377271799285161080e+01
4.675549687500000005e+02,-5.545431553928008128e+01
4.675552617187499891e+02,-7.126667233071222540e+01
4.675555546875000346e+02,-6.313097342311414195e+01
4.675558476562500232e+02,-5.479586875291039405e+01
4.675561406250000118e+02,-6.038759077897771022e+01
4.675564335937500005e+02,-6.804160026084244350e+01
4.675567265624999891e+02,-6.203274343946127090e+01
4.675570195312500346e+02,-5.926498749292906609e+01
4.675573125000000232e+02,-5.560622007227566144e+01
4.675576054687500118e+02,-5.344426027306496962e+01
4.675578984375000005e+02,-5.602251704158945245e+01
4.675581914062499891e+02,-6.042081887712554078e+01
4.675584843750000346e+02,-6.196446441734099153e+01
4.675587773437500232e+02,-5.710861667476143566e+01
4.675590703125000118e+02,-5.494724675525040425e+01
4.675593632812500005e+02,-7.404804583946585694e+01
4.675596562499999891e+02,-5.503470378413012298e+01
4.675599492187500346e+02,-5.374959413406466524e+01
4.675602421875000232e+02,-5.321260041655924056e+01
4.675605351562500118e+02,-5.235449282601002352e+01
4.675608281250000005e+02,-7.003687848375778913e+01
4.675611210937499891e+02,-5.951535210247875085e+01
4.675614140625000346e+02,-6.425580079800405997e+01
4.675617070312500232e+02,-5.355520628161347929e+01
4.675620000000000118e+02,-5.141326689975586106e+01
4.675622929687500005e+02,-4.959593042675300723e+01
4.675625859374999891e+02,-5.641389271400012717e+01
4.675628789062500346e+02,-6.186864790771047495e+01
4.675631718750000232e+02,-5.259680204218329891e+01
4.675634648437500118e+02,-5.509363747792477284e+01
4.675637578125000005e+02,-5.441500891752937719e+01
4.675640507812499891e+02,-5.743489812655604965e+01
4.675643437500000346e+02,-5.390126616997228837e+01
4.675646367187500232e+02,-5.619044909337339533e+01
4.675649296875000118e+02,-5.686103430521103519e+01
4.675652226562500005e+02,-5.652704787376548268e+01
4.675655156249999891e+02,-6.708616906654894763e+01
4.675658085937500346e+02,-6.624248122698099905e+01
4.675661015625000232e+02,-5.281831176320810783e+01
4.675663945312500118e+02,-5.988439725501326194e+01
4.675666875000000005e+02,-5.896007880895965059e+01
4.675669804687499891e+02,-5.553244746732340786e+01
4.675672734375000346e+02,-5.771572428463335314e+01
4.675675664062500232e+02,-5.403128407674427081e+01
4.675678593750000118e+02,-5.366856856036172019e+01
4.675681523437500005e+02,-6.047858000863385541e+01
4.675684453124999891e+02,-5.591489511814547342e+01
4.675687382812500346e+02,-5.857056852286630999e+01
4.675690312500000232e+02,-5.612110108260313979e+01
4.675693242187500118e+02,-5.800226572435973083e+01
4.675696171875000005e+02,-6.106878619763459426e+01
4.675699101562499891e+02,-5.739328938606222152e+01
4.675702031250000346e+02,-5.068069626473126021e+01
4.675704960937500232e+02,-4.509378924112403553e+01
4.675707890625000118e+02,-4.604360460748743122e+01
4.675710820312500005e+02,-4.826879170922892826e+01
4.675713749999999891e+02,-5.341459021771812132e+01
4.675716679687500346e+02,-5.908640818787542059e+01
4.675719609375000232e+02,-5.960529682860553180e+01
4.675722539062500118e+02,-6.309872727909581158e+01
4.675725468750000005e+02,-5.346438054764171710e+01
4.675728398437499891e+02,-5.264040401734692409e+01
4.675731328125000346e+02,-5.491390458964377785e+01
4.675734257812500232e+02,-5.358150676084897412e+01
4.675737187500000118e+02,-6.405115287076181119e+01
4.675740117187500005e+02,-5.540015072904598981e+01
4.675743046874999891e+02,-6.663272702590300867e+01
4.675745976562500346e+02,-5.869546243963145571e+01
4.675748906250000232e+02,-5.883654889821747958e+01
4.675751835937500118e+02,-6.258059891042600498e+01
4.675754765625000005e+02,-5.188745965971711627e+01
4.675757695312499891e+02,-4.809300916319480734e+01
4.675760625000000346e+02,-5.390469367754381835e+01
4.675763554687500232e+02,-5.614180597052498456e+01
4.675766484375000118e+02,-6.050848796883032321e+01
4.675769414062500005e+02,-5.458694354745342991e+01
4.675772343749999891e+02,-5.705769986247855030e+01
4.675775273437500346e+02,-7.181825007317709719e+01
4.675778203125000232e+02,-6.346176018550786324e+01
4.675781132812500118e+02,-4.906755918830899788e+01
4.675784062500000005e+02,-4.474489646731663584e+01
4.675786992187499891e+02,-4.728784699343524522e+01
4.675789921875000346e+02,-5.015558367226045533e+01
4.675792851562500232e+02,-5.492746693639858080e+01
4.675795781250000118e+02,-4.901172257147101874e+01
4.675798710937500005e+02,-5.200359352634596632e+01
4.675801640624999891e+02,-5.776383703489509003e+01
4.675804570312500346e+02,-5.298086567441818318e+01
4.675807500000000232e+02,-5.055334175968302191e+01
4.675810429687500118e+02,-5.114249074035055287e+01
4.675813359375000005e+02,-5.306352504116581770e+01
4.675816289062499891e+02,-4.987929250622282495e+01
4.675819218750000346e+02,-5.228082406241722424e+01
4.675822148437500232e+02,-5.337526078547608677e+01
4.675825078125000118e+02,-5.503956996532913593e+01
4.675828007812500005e+02,-6.907263896577055107e+01
4.675830937499999891e+02,-5.487389686848882064e+01
4.675833867187500346e+02,-6.191973328356824169e+01
4.675836796875000232e+02,-5.700646004950770873e+01
4.675839726562500118e+02,-5.698448869484265344e+01
4.675842656250000005e+02,-5.377891518675133398e+01
4.675845585937499891e+02,-7.777589485175207074e+01
4.675848515625000346e+02,-5.015164349137361199e+01
4.675851445312500232e+02,-4.945673701138480283e+01
4.675854375000000118e+02,-5.312288434253126468e+01
4.675857304687500005e+02,-5.596843935383382274e+01
4.675860234374999891e+02,-5.672199132256701404e+01
4.675863164062500346e+02,-6.967360349458880364e+01
4.675866093750000232e+02,-5.481893135855578691e+01
4.675869023437500118e+02,-5.446960539545139568e+01
4.675871953125000005e+02,-6.260481992643185123e+01
4.675874882812499891e+02,-6.434852826744560161e+01
4.675877812500000346e+02,-6.253204853352934123e+01
4.675880742187500232e+02,-6.246748339436387454e+01
4.675883671875000118e+02,-6.520487769556606850e+01
4.675886601562500005e+02,-3.823015780562774069e+01
4.675889531249999891e+02,-3.491818020958282887e+01
4.675892460937500346e+02,-4.655127985113441014e+01
4.675895390625000232e+02,-6.672600837321729728e+01
4.675898320312500118e+02,-5.722041988576441440e+01
4.675901250000000005e+02,-5.176103129893963484e+01
4.675904179687499891e+02,-6.091929559717578258e+01
4.675907109375000346e+02,-6.209289444220808463e+01
4.675910039062500232e+02,-5.809885793635154982e+01
4.675912968750000118e+02,-5.879970923307262609e+01
4.675915898437500005e+02,-5.647894763853520317e+01
4.675918828124999891e+02,-5.731929467114144927e+01
4.675921757812500346e+02,-5.442780611011542646e+01
4.675924687500000232e+02,-4.922079961802766945e+01
4.675927617187500118e+02,-5.356540982702901488e+01
4.675930546875000005e+02,-6.082545672501584733e+01
4.675933476562499891e+02,-5.013578500142191530e+01
4.675936406250000346e+02,-4.953704069661483800e+01
4.675939335937500232e+02,-5.387321146262421934e+01
4.675942265625000118e+02,-5.672436984245520364e+01
4.675945195312500005e+02,-5.101166481095254568e+01
4.675948124999999891e+02,-4.870129466980213095e+01
4.675951054687500346e+02,-5.701327001057194366e+01
4.675953984375000232e+02,-5.579966301398529538e+01
4.675956914062500118e+02,-5.607124464503328909e+01
4.675959843750000005e+02,-5.044928275004338758e+01
4.675962773437499891e+02,-4.773838163436646909e+01
4.675965703125000346e+02,-5.361842008530079084e+01
4.675968632812500232e+02,-6.293925596310080550e+01
4.675971562500000118e+02,-6.617766601116217373e+01
4.675974492187500005e+02,-4.881092231007104942e+01
4.675977421874999891e+02,-5.158167570142175862e+01
4.675980351562500346e+02,-4.935854478637602227e+01
4.675983281250000232e+02,-5.094289760335269079e+01
4.675986210937500118e+02,-6.363784138476055574e+01
4.675989140625000005e+02,-5.210460059179194303e+01
4.675992070312499891e+02,-4.958747567932250178e+01
4.675995000000000346e+02,-5.838524069142937378e+01
4.675997929687500232e+02,-6.023140594013533189e+01
4.676000859375000118e+02,-6.058923659663803107e+01
4.676003789062500005e+02,-6.422071284891555365e+01
4.676006718749999891e+02,-5.603053280327046082e+01
4.676009648437500346e+02,-5.603310064646607458e+01
4.676012578125000232e+02,-5.987643263543189676e+01
4.676015507812500118e+02,-5.357809363662740054e+01
4.676018437500000005e+02,-5.537280614747075447e+01
4.676021367187499891e+02,-5.630013329169407399e+01
4.676024296875000346e+02,-5.908064224412037646e+01
4.676027226562500232e+02,-6.216842831392715141e+01
4.676030156250000118e+02,-6.208573866911019934e+01
4.676033085937500005e+02,-5.466828401626749923e+01
4.676036015624999891e+02,-4.932865559403979461e+01
4.676038945312500346e+02,-5.474310256911827821e+01
4.676041875000000232e+02,-6.830105198238234721e+01
4.676044804687500118e+02,-6.335062768069816741e+01
4.676047734375000005e+02,-5.914050508152372743e+01
4.676050664062499891e+02,-5.279162606390592316e+01
4.676053593750000346e+02,-5.123347080603117831e+01
4.676056523437500232e+02,-6.109708027111850015e+01
4.676059453125000118e+02,-7.122238372649108840e+01
4.676062382812500005e+02,-5.742917557637585446e+01
4.676065312499999891e+02,-5.352084124850659208e+01
4.676068242187500346e+02,-5.143630496660718165e+01
4.676071171875000232e+02,-5.020496335478698313e+01
4.676074101562500118e+02,-5.493704488591126989e+01
4.676077031250000005e+02,-5.615921005596743498e+01
4.676079960937499891e+02,-5.140581490584744273e+01
4.676082890625000346e+02,-5.450848180552001310e+01
4.676085820312500232e+02,-5.618099099023528709e+01
4.676088750000000118e+02,-5.568410230606651368e+01
4.676091679687500005e+02,-4.892996907459497891e+01
4.676094609374999891e+02,-5.283278330110584164e+01
4.676097539062500346e+02,-5.593164951631763415e+01
4.676100468750000232e+02,-5.394957800123029301e+01
4.676103398437500118e+02,-7.075732372458533348e+01
4.676106328125000005e+02,-5.382693941885379729e+01
4.676109257812499891e+02,-5.230070880852483839e+01
4.676112187500000346e+02,-6.222671110935364425e+01
4.676115117187500232e+02,-6.238174384016573271e+01
4.676118046875000118e+02,-5.828240790483835809e+01
4.676120976562500005e+02,-5.639048850553560044e+01
4.676123906249999891e+02,-6.708932184286355493e+01
4.676126835937500346e+02,-5.439806080461031002e+01
4.676129765625000232e+02,-5.459989467003245522e+01
4.676132695312500118e+02,-6.026267774168275082e+01
4.676135625000000005e+02,-5.917024284968951520e+01
4.676138554687499891e+02,-5.942862520212834454e+01
4.676141484375000346e+02,-6.145427489262634424e+01
4.676144414062500232e+02,-5.668978939677348450e+01
4.676147343750000118e+02,-5.437380267313798754e+01
4.676150273437500005e+02,-5.608102939200324499e+01
4.676153203124999891e+02,-5.411549546792976173e+01
4.676156132812500346e+02,-8.093245013119071984e+01
4.676159062500000232e+02,-6.305594288665460567e+01
4.676161992187500118e+02,-5.702502431569492103e+01
4.676164921875000005e+02,-5.534430257690381438e+01
4.676167851562499891e+02,-6.731051304436242333e+01
4.676170781250000346e+02,-7.111671499725882484e+01
4.676173710937500232e+02,-6.230662015129812659e+01
4.676176640625000118e+02,-5.833284170238204069e+01
4.676179570312500005e+02,-5.737914999007321626e+01
4.676182499999999891e+02,-6.123464307702677445e+01
4.676185429687500346e+02,-6.560069777582428685e+01
4.676188359375000232e+02,-5.650380495617849874e+01
4.676191289062500118e+02,-6.015027996626425022e+01
4.676194218750000005e+02,-5.722002343663260149e+01
4.676197148437499891e+02,-5.342931238725918064e+01
4.676200078125000346e+02,-5.849923228278134957e+01
4.676203007812500232e+02,-5.753185366249624622e+01
4.676205937500000118e+02,-6.040392000333524436e+01
4.676208867187500005e+02,-6.024038244194591130e+01
4.676211796874999891e+02,-6.639968213990452739e+01
4.676214726562500346e+02,-5.514975466151229000e+01
4.676217656250000232e+02,-5.289412507196492186e+01
4.676220585937500118e+02,-5.210635722410441417e+01
4.676223515625000005e+02,-6.005133353737203805e+01
4.676226445312499891e+02,-5.630865725799221622e+01
4.676229375000000346e+02,-5.883546333023960528e+01
4.676232304687500232e+02,-6.369331088047659506e+01
4.676235234375000118e+02,-6.951690892097155938e+01
4.676238164062500005e+02,-6.074912167026984378e+01
4.676241093749999891e+02,-5.827365426839861584e+01
4.676244023437500346e+02,-6.637578384320009661e+01
4.676246953125000232e+02,-7.684024962694030592e+01
4.676249882812500118e+02,-6.131776321753964254e+01
4.676252812500000005e+02,-6.227551437404098778e+01
4.676255742187499891e+02,-6.006564840209293976e+01
4.676258671875000346e+02,-5.787584682406325953e+01
4.676261601562500232e+02,-5.768394385028911842e+01
4.676264531250000118e+02,-7.059439848302790210e+01
4.676267460937500005e+02,-6.570706485051181289e+01
4.676270390624999891e+02,-8.245084605809203993e+01
4.676273320312500346e+02,-6.385614704532785169e+01
4.676276250000000232e+02,-6.423177702827517521e+01
4.676279179687500118e+02,-6.242664254552130387e+01
4.676282109375000005e+02,-5.663230983027449383e+01
4.676285039062499891e+02,-6.769309145343387968e+01
4.676287968750000346e+02,-7.059515704126265234e+01
4.676290898437500232e+02,-7.006759422532465464e+01
4.676293828125000118e+02,-6.964942435783876817e+01
4.676296757812500005e+02,-7.561932427998694095e+01
4.676299687499999891e+02,-6.158510520478391470e+01
4.676302617187500346e+02,-5.908655612463058304e+01
4.676305546875000232e+02,-6.393010825243506901e+01
4.676308476562500118e+02,-7.857704793369900642e+01
4.676311406250000005e+02,-5.749412551936070770e+01
4.676314335937499891e+02,-5.758519548696496315e+01
4.676317265625000346e+02,-5.408638548870108309e+01
4.676320195312500232e+02,-4.700872796287842448e+01
4.676323125000000118e+02,-5.504105531674469631e+01
4.676326054687500005e+02,-6.187841807979724251e+01
4.676328984374999891e+02,-5.842387718019252674e+01
4.676331914062500346e+02,-6.572381187618782405e+01
4.676334843750000232e+02,-6.732927983751383749e+01
4.676337773437500118e+02,-6.366397547267679613e+01
4.676340703125000005e+02,-6.349446265481216045e+01
4.676343632812499891e+02,-7.010391049906444039e+01
4.676346562500000346e+02,-6.667957298561803725e+01
4.676349492187500232e+02,-6.373891937268783181e+01
4.676352421875000118e+02,-5.863655997849767942e+01
4.676355351562500005e+02,-6.682834484290336263e+01
4.676358281249999891e+02,-5.310464687709615106e+01
4.676361210937500346e+02,-6.219077856239702840e+01
4.676364140625000232e+02,-6.226537951165112617e+01
4.676367070312500118e+02,-6.152667169667547853e+01
4.676370000000000005e+02,-7.107239435276595430e+01
4.676372929687499891e+02,-7.480664098383157068e+01
4.676375859375000346e+02,-6.077850959007854925e+01
4.676378789062500232e+02,-6.025164543867082045e+01
4.676381718750000118e+02,-5.920134355034985418e+01
4.676384648437500005e+02,-6.014045031929310881e+01
4.676387578124999891e+02,-6.572734330900135546e+01
4.676390507812500346e+02,-7.023407928550790302e+01
4.676393437500000232e+02,-6.952608314972729886e+01
4.676396367187500118e+02,-7.032208352570647492e+01
4.676399296875000005e+02,-7.401053518282489563e+01
4.676402226562499891e+02,-7.931674575524139925e+01
4.676405156250000346e+02,-7.149980106383027589e+01
4.676408085937500232e+02,-6.551130968519545661e+01
4.676411015625000118e+02,-6.959730259910382699e+01
4.676413945312500005e+02,-6.673312851923354572e+01
4.676416874999999891e+02,-6.300376642082665057e+01
4.676419804687500346e+02,-7.569543570579207881e+01
4.676422734375000232e+02,-6.537455373007945525e+01
4.676425664062500118e+02,-6.407238160908980262e+01
4.676428593750000005e+02,-7.025041513142548411e+01
4.676431523437499891e+02,-6.543378500876596604e+01
4.676434453125000346e+02,-6.584837404021067186e+01
4.676437382812500232e+02,-6.486612691424203092e+01
4.676440312500000118e+02,-6.290296462279493284e+01
4.676443242187500005e+02,-6.436632165163729269e+01
4.676446171874999891e+02,-6.029593999114842973e+01
4.676449101562500346e+02,-6.087071775553523878e+01
4.676452031250000232e+02,-6.316838962752781583e+01
4.676454960937500118e+02,-6.660591460055630364e+01
4.676457890625000005e+02,-7.240664095671115774e+01
4.676460820312499891e+02,-7.165119777279825541e+01
4.676463750000000346e+02,-7.134689469709103093e+01
4.676466679687500232e+02,-7.070725295887834250e+01
4.676469609375000118e+02,-6.582929187998706766e+01
4.676472539062500005e+02,-6.614313824309260781e+01
4.676475468749999891e+02,-8.407703448129228718e+01
4.676478398437500346e+02,-6.833776195661269526e+01
4.676481328125000232e+02,-6.720606382657824440e+01
4.676484257812500118e+02,-6.603811931550845316e+01
4.676487187500000005e+02,-6.681824068330479349e+01
4.676490117187499891e+02,-7.417005446878978603e+01
4.676493046875000346e+02,-6.719053998655205362e+01
4.676495976562500232e+02,-6.609304474035370447e+01
4.676498906250000118e+02,-6.314726919539519656e+01
4.676501835937500005e+02,-6.423658115430238524e+01
4.676504765624999891e+02,-6.881443260961312092e+01
4.676507695312500346e+02,-6.536717769275487910e+01
4.676510625000000232e+02,-5.436789674696959906e+01
4.676513554687500118e+02,-5.807559668646927520e+01
4.676516484375000005e+02,-6.664233959274150720e+01
4.676519414062499891e+02,-7.554562052853853515e+01
4.676522343750000346e+02,-8.013493266455610353e+01
4.676525273437500232e+02,-7.751030445716259010e+01
4.676528203125000118e+02,-7.466209261993246571e+01
4.676531132812500005e+02,-6.371630640937348744e+01
4.676534062499999891e+02,-6.449926532170304938e+01
4.676536992187500346e+02,-6.730671472755206253e+01
4.676539921875000232e+02,-6.304109538595386653e+01
4.676542851562500118e+02,-6.571042290895428550e+01
4.676545781250000005e+02,-6.971351991128753411e+01
4.676548710937499891e+02,-6.192793346833958879e+01
4.676551640625000346e+02,-6.812375109078442392e+01
4.676554570312500232e+02,-6.885084856530816921e+01
4.676557500000000118e+02,-6.631234922143913479e+01
4.676560429687500005e+02,-6.893662061733536461e+01
4.676563359374999891e+02,-6.460551762521237151e+01
4.676566289062500346e+02,-6.759340161928324164e+01
4.676569218750000232e+02,-6.782018658346864015e+01
4.676572148437500118e+02,-6.376639473996202412e+01
4.676575078125000005e+02,-7.735058273805105955e+01
4.676578007812499891e+02,-6.956798616722790030e+01
4.676580937500000346e+02,-6.547787670693816153e+01
4.676583867187500232e+02,-6.759073826121851880e+01
4.676586796875000118e+02,-7.618740174664662845e+01
4.676589726562500005e+02,-6.797637669510007186e+01
4.676592656249999891e+02,-6.424363786226625450e+01
4.676595585937500346e+02,-6.787405127173633446e+01
4.676598515625000232e+02,-6.713470036777491146e+01
4.676601445312500118e+02,-7.346809752839548935e+01
4.676604375000000005e+02,-8.428389191023462956e+01
4.676607304687499891e+02,-7.333590858537944257e+01
4.676610234375000346e+02,-6.670959640643170019e+01
4.676613164062500232e+02,-7.091998990353830834e+01
4.676616093750000118e+02,-7.251410065732454768e+01
4.676619023437500005e+02,-7.312511056256208519e+01
4.676621953124999891e+02,-6.690619434532985110e+01
4.676624882812500346e+02,-7.552642183710713653e+01
4.676627812500000232e+02,-6.233010881299885853e+01
4.676630742187500118e+02,-6.362042106811528441e+01
4.676633671875000005e+02,-7.217859803864040202e+01
4.676636601562499891e+02,-6.891619008813404434e+01
4.676639531250000346e+02,-6.138893287067362081e+01
4.676642460937500232e+02,-6.372199310422787022e+01
4.676645390625000118e+02,-7.245680153787874644e+01
4.676648320312500005e+02,-7.542890230340508140e+01
4.676651249999999891e+02,-7.430285578475776731e+01
4.676654179687500346e+02,-6.731598808467505535e+01
4.676657109375000232e+02,-6.418768416794394227e+01
4.676660039062500118e+02,-6.385620979060188773e+01
4.676662968750000005e+02,-6.639942838375505119e+01
4.676665898437499891e+02,-6.713560697764040697e+01
4.676668828125000346e+02,-6.434796273293373758e+01
4.676671757812500232e+02,-6.304839465477338933e+01
4.676674687500000118e+02,-7.191912301867030521e+01
4.676677617187500005e+02,-7.998400857490358362e+01
4.676680546874999891e+02,-7.025502005674883321e+01
4.676683476562500346e+02,-6.547407963876561610e+01
4.676686406250000232e+02,-6.524362924441270195e+01
4.676689335937500118e+02,-6.082028180520204330e+01
4.676692265625000005e+02,-6.200425053422793553e+01
4.676695195312499891e+02,-6.862144642137094763e+01
4.676698125000000346e+02,-6.941443018036919455e+01
4.676701054687500232e+02,-6.474622558550547069e+01
4.676703984375000118e+02,-7.031866941066050458e+01
4.676706914062500005e+02,-6.581294912395328822e+01
4.676709843749999891e+02,-7.466091540670213078e+01
4.676712773437500346e+02,-6.896549508734969436e+01
4.676715703125000232e+02,-6.986959918414436288e+01
4.676718632812500118e+02,-8.654660584287753977e+01
4.676721562500000005e+02,-7.597576712918655062e+01
4.676724492187499891e+02,-7.277145419392051906e+01
4.676727421875000346e+02,-6.842824807354298855e+01
4.676730351562500232e+02,-7.121415093279421171e+01
4.676733281250000118e+02,-6.979592899813432894e+01
4.676736210937500005e+02,-6.685879800010184226e+01
4.676739140624999891e+02,-7.064379942026852177e+01
4.676742070312500346e+02,-6.894443083121893778e+01
4.676745000000000232e+02,-6.282151238810604355e+01
4.676747929687500118e+02,-6.683038444301357117e+01
4.676750859375000005e+02,-6.146674242229444474e+01
4.676753789062499891e+02,-6.117466923424098013e+01
4.676756718750000346e+02,-6.589726607990688478e+01
4.676759648437500232e+02,-6.395616423375219739e+01
4.676762578125000118e+02,-6.409736488475287786e+01
4.676765507812500005e+02,-6.399540995190045578e+01
4.676768437499999891e+02,-6.607401582412836660e+01
4.676771367187500346e+02,-6.855947554583255510e+01
4.676774296875000232e+02,-6.451501050882588117e+01
4.676777226562500118e+02,-6.097727390068865105e+01
4.676780156250000005e+02,-8.449486829676543209e+01
4.676783085937499891e+02,-5.917919610445110123e+01
4.676786015625000346e+02,-6.845263690588222971e+01
4.676788945312500232e+02,-5.771725044833426921e+01
4.676791875000000118e+02,-6.082478966107372287e+01
4.676794804687500005e+02,-7.708225895367894509e+01
4.676797734374999891e+02,-7.225649226290096294e+01
4.676800664062500346e+02,-6.830003788224955485e+01
4.676803593750000232e+02,-7.316629418099982729e+01
4.676806523437500118e+02,-8.532287635346844468e+01
4.676809453125000005e+02,-6.821686764136698855e+01
4.676812382812499891e+02,-7.271369309261797298e+01
4.676815312500000346e+02,-7.166713371601085214e+01
4.676818242187500232e+02,-7.882166764554716565e+01
4.676821171875000118e+02,-6.699880457917346632e+01
4.676824101562500005e+02,-6.524369659277749633e+01
4.676827031249999891e+02,-6.774399818208446789e+01
4.676829960937500346e+02,-6.930233178859711529e+01
4.676832890625000232e+02,-6.746193155376894879e+01
4.676835820312500118e+02,-7.597421761827604314e+01
4.676838750000000005e+02,-7.072379950851046715e+01
4.676841679687499891e+02,-6.960149874006759774e+01
4.676844609375000346e+02,-7.036407687722588378e+01
4.676847539062500232e+02,-6.324999264752845818e+01
4.676850468750000118e+02,-6.379018724123093875e+01
4.676853398437500005e+02,-7.999122156117637417e+01
4.676856328124999891e+02,-6.781181148649915258e+01
4.676859257812500346e+02,-8.382361716550781239e+01
4.676862187500000232e+02,-7.327775549412575629e+01
4.676865117187500118e+02,-6.611413453718391509e+01
4.676868046875000005e+02,-6.628478074487871652e+01
4.676870976562499891e+02,-7.925808339837864480e+01
4.676873906250000346e+02,-6.739338216622709865e+01
4.676876835937500232e+02,-6.845379778747538069e+01
4.676879765625000118e+02,-6.785149213258358714e+01
4.676882695312500005e+02,-6.421242750676401556e+01
4.676885624999999891e+02,-6.343759540811477393e+01
4.676888554687500346e+02,-6.465371427654207537e+01
4.676891484375000232e+02,-6.924439261604958062e+01
4.676894414062500118e+02,-7.870060811063103756e+01
4.676897343750000005e+02,-8.227887972770680847e+01
4.676900273437499891e+02,-7.363718984290842684e+01
4.676903203125000346e+02,-7.511956693681965191e+01
4.676906132812500232e+02,-6.589900577749035904e+01
4.676909062500000118e+02,-6.615627470665272369e+01
4.676911992187500005e+02,-6.642918491261836778e+01
4.676914921874999891e+02,-6.805591770095239212e+01
4.676917851562500346e+02,-6.574033661651384364e+01
4.676920781250000232e+02,-6.989470236797457403e+01
4.676923710937500118e+02,-6.945727635846441217e+01
4.676926640625000005e+02,-6.576693195478058840e+01
4.676929570312499891e+02,-8.065804605202291100e+01
4.676932500000000346e+02,-6.745954025538294729e+01
4.676935429687500232e+02,-6.457458421572459883e+01
4.676938359375000118e+02,-6.372072431686851246e+01
4.676941289062500005e+02,-7.339256753567022429e+01
4.676944218749999891e+02,-7.805974976087907180e+01
4.676947148437500346e+02,-7.766078329076857756e+01
4.676950078125000232e+02,-7.619550556957169363e+01
4.676953007812500118e+02,-7.272435403009926347e+01
4.676955937500000005e+02,-7.426399688562835877e+01
4.676958867187499891e+02,-7.557723983612687846e+01
4.676961796875000346e+02,-8.725955837522207048e+01
4.676964726562500232e+02,-8.008625688850651159e+01
4.676967656250000118e+02,-6.966510251440911361e+01
4.676970585937500005e+02,-6.982807260528515769e+01
4.676973515624999891e+02,-6.669219531623382125e+01
4.676976445312500346e+02,-7.666386114050075662e+01
4.676979375000000232e+02,-7.153183082451594998e+01
4.676982304687500118e+02,-6.915571529962969066e+01
4.676985234375000005e+02,-7.080724831430005395e+01
4.676988164062499891e+02,-8.306799001714067288e+01
4.676991093750000346e+02,-7.255574890709142721e+01
4.676994023437500232e+02,-7.222014518294400887e+01
4.676996953125000118e+02,-7.432320013929958691e+01
4.676999882812500005e+02,-6.648384304597624350e+01
4.677002812499999891e+02,-6.665263228512111482e+01
4.677005742187500346e+02,-8.528802445314880742e+01
4.677008671875000232e+02,-6.923648849961290352e+01
4.677011601562500118e+02,-7.258530453558722684e+01
4.677014531250000005e+02,-7.089011731877697287e+01
4.677017460937499891e+02,-7.320694849875289378e+01
4.677020390625000346e+02,-6.854287989099914569e+01
4.677023320312500232e+02,-6.534540075622822997e+01
4.677026250000000118e+02,-7.036443691574379500e+01
4.677029179687500005e+02,-7.727998794251021764e+01
4.677032109374999891e+02,-8.156684129325276444e+01
4.677035039062500346e+02,-8.061207790443802423e+01
4.677037968750000232e+02,-6.748377809098545299e+01
4.677040898437500118e+02,-6.829770896129883795e+01
4.677043828125000005e+02,-6.928806634356539007e+01
4.677046757812499891e+02,-6.985134210126344101e+01
4.677049687500000346e+02,-7.790038585303662444e+01
4.677052617187500232e+02,-7.343559443060860303e+01
4.677055546875000118e+02,-7.310566298069304025e+01
4.677058476562500005e+02,-6.773710270807413281e+01
4.677061406249999891e+02,-6.604175196805347525e+01
4.677064335937500346e+02,-6.949166132715573951e+01
4.677067265625000232e+02,-6.992797329633420134e+01
4.677070195312500118e+02,-6.981861795196496701e+01
4.677073125000000005e+02,-8.509340453931480397e+01
4.677076054687499891e+02,-7.136649540295327654e+01
4.677078984375000346e+02,-7.130677141518414430e+01
4.677081914062500232e+02,-6.761980996008529132e+01
4.677084843750000118e+02,-7.424156296837584534e+01
4.677087773437500005e+02,-7.709814178602901791e+01
4.677090703124999891e+02,-7.924945188044995348e+01
4.677093632812500346e+02,-7.622703387627132088e+01
4.677096562500000232e+02,-8.075819359300439260e+01
4.677099492187500118e+02,-7.375679136083333276e+01
4.677102421875000005e+02,-7.872211274701778905e+01
4.677105351562499891e+02,-7.015457798645554988e+01
4.677108281250000346e+02,-7.092305730208681780e+01
4.677111210937500232e+02,-8.610427586534919442e+01
4.677114140625000118e+02,-1.043644647106084165e+02
4.677117070312500005e+02,-7.597943187292359823e+01
4.677119999999999891e+02,-7.273135648018589450e+01
4.677122929687500346e+02,-7.190130404433141109e+01
4.677125859375000232e+02,-7.239854899331173499e+01
4.677128789062500118e+02,-6.926028997971415890e+01
4.677131718750000005e+02,-6.781068845383133237e+01
4.677134648437499891e+02,-7.029143406223150237e+01
4.677137578125000346e+02,-7.243153315883579069e+01
4.677140507812500232e+02,-7.456933883878795655e+01
4.677143437500000118e+02,-7.426858743833375343e+01
4.677146367187500005e+02,-7.984301017413058332e+01
4.677149296874999891e+02,-6.816979907529847083e+01
4.677152226562500346e+02,-6.431510851632393155e+01
4.677155156250000232e+02,-6.556805815323606623e+01
4.677158085937500118e+02,-6.690198448544009580e+01
4.677161015625000005e+02,-7.162209293183927628e+01
4.677163945312499891e+02,-7.195143293106025340e+01
4.677166875000000346e+02,-7.155776940401655395e+01
4.677169804687500232e+02,-7.232447841468440686e+01
4.677172734375000118e+02,-6.597994300868646178e+01
4.677175664062500005e+02,-6.652267639527465803e+01
4.677178593749999891e+02,-7.139299577574493583e+01
4.677181523437500346e+02,-7.703885644903236596e+01
4.677184453125000232e+02,-6.960948015407312539e+01
4.677187382812500118e+02,-7.561812024207090133e+01
4.677190312500000005e+02,-7.168333041654244653e+01
4.677193242187499891e+02,-7.245716493279911674e+01
4.677196171875000346e+02,-7.153009853219943182e+01
4.677199101562500232e+02,-7.439681622769909097e+01
4.677202031250000118e+02,-6.847077095753468257e+01
4.677204960937500005e+02,-7.403041348323000648e+01
4.677207890624999891e+02,-7.490816344650342273e+01
4.677210820312500346e+02,-7.593612492424627192e+01
4.677213750000000232e+02,-7.249568655368227610e+01
4.677216679687500118e+02,-7.144469538353808957e+01
4.677219609375000005e+02,-9.589630704895520807e+01
4.677222539062499891e+02,-7.878392700740526777e+01
4.677225468750000346e+02,-8.147007406310267186e+01
4.677228398437500232e+02,-8.285041949130129524e+01
4.677231328125000118e+02,-8.279903190885738695e+01
4.677234257812500005e+02,-7.523355225593449802e+01
4.677237187499999891e+02,-7.271325523186912676e+01
4.677240117187500346e+02,-7.412444448022672816e+01
4.677243046875000232e+02,-7.345544268614071370e+01
4.677245976562500118e+02,-7.301070636079199971e+01
4.677248906250000005e+02,-7.396091865985839320e+01
4.677251835937499891e+02,-8.334566590779674300e+01
4.677254765625000346e+02,-8.204477276805471320e+01
4.677257695312500232e+02,-7.833399169521621275e+01
4.677260625000000118e+02,-7.730435613408710083e+01
4.677263554687500005e+02,-7.667972504715892512e+01
4.677266484374999891e+02,-8.041911273699086848e+01
4.677269414062500346e+02,-7.520605715948684633e+01
4.677272343750000232e+02,-8.349380337219662351e+01
4.677275273437500118e+02,-8.069579733301402769e+01
4.677278203125000005e+02,-7.104175341720433323e+01
4.677281132812499891e+02,-6.851336315360282470e+01
4.677284062500000346e+02,-7.868242053331807995e+01
4.677286992187500232e+02,-7.408525601456980780e+01
4.677289921875000118e+02,-6.851604369673697192e+01
4.677292851562500005e+02,-7.030991524108749502e+01
4.677295781249999891e+02,-7.426448854980901615e+01
4.677298710937500346e+02,-8.031800790332795259e+01
4.677301640625000232e+02,-7.018437331169126026e+01
4.677304570312500118e+02,-7.401381534896549397e+01
4.677307500000000005e+02,-7.776516220559750536e+01
4.677310429687499891e+02,-7.563223520742879202e+01
4.677313359375000346e+02,-6.792148646459176575e+01
4.677316289062500232e+02,-6.750112331334717908e+01
4.677319218750000118e+02,-7.059031551469233534e+01
4.677322148437500005e+02,-7.998600713255916617e+01
4.677325078124999891e+02,-7.752566615203417655e+01
4.677328007812500346e+02,-7.245900393712523169e+01
4.677330937500000232e+02,-7.006899227316884549e+01
4.677333867187500118e+02,-8.558899693771680006e+01
4.677336796875000005e+02,-6.863183916755889413e+01
4.677339726562499891e+02,-7.113268188275439741e+01
4.677342656250000346e+02,-7.572096089244412553e+01
4.677345585937500232e+02,-7.656885799295649520e+01
4.677348515625000118e+02,-7.460789488411975867e+01
4.677351445312500005e+02,-7.717986857261635691e+01
4.677354374999999891e+02,-7.912704866206865972e+01
4.677357304687500346e+02,-7.868760481617131575e+01
4.677360234375000232e+02,-7.366086972327239835e+01
4.677363164062500118e+02,-8.235429321283744741e+01
4.677366093750000005e+02,-7.258959220645776611e+01
4.677369023437499891e+02,-6.846644855614833602e+01
4.677371953125000346e+02,-7.242321235990485206e+01
4.677374882812500232e+02,-7.553950140217793319e+01
4.677377812500000118e+02,-8.649451675279786400e+01
4.677380742187500005e+02,-8.804519686237705400e+01
4.677383671874999891e+02,-7.902330480115875844e+01
4.677386601562500346e+02,-8.138618624174969796e+01
4.677389531250000232e+02,-7.693359251339526850e+01
4.677392460937500118e+02,-7.580979648356002087e+01
4.677395390625000005e+02,-7.304326430250318936e+01
4.677398320312499891e+02,-8.081419822275373122e+01
4.677401250000000346e+02,-6.889551554005700496e+01
4.677404179687500232e+02,-7.185261056150824288e+01
4.677407109375000118e+02,-7.549713478275818090e+01
4.677410039062500005e+02,-7.018462109324295284e+01
4.677412968749999891e+02,-6.549492111292425989e+01
4.677415898437500346e+02,-6.848016530536419566e+01
4.677418828125000232e+02,-6.939302378181024267e+01
4.677421757812500118e+02,-6.758685140560365312e+01
4.677424687500000005e+02,-6.879848225064941403e+01
4.677427617187499891e+02,-7.558011911725157006e+01
4.677430546875000346e+02,-7.107270444298930556e+01
4.677433476562500232e+02,-7.158904058279607341e+01
4.677436406250000118e+02,-8.171835966048901412e+01
4.677439335937500005e+02,-7.959278701613423834e+01
4.677442265624999891e+02,-8.362327843168516495e+01
4.677445195312500346e+02,-7.223899232633924328e+01
4.677448125000000232e+02,-7.051923545356713419e+01
4.677451054687500118e+02,-6.710225722746093879e+01
4.677453984375000005e+02,-6.523480120053264386e+01
4.677456914062499891e+02,-7.038500940323748978e+01
4.677459843750000346e+02,-7.262878110544848198e+01
4.677462773437500232e+02,-7.316381800673143232e+01
4.677465703125000118e+02,-7.439701437746926160e+01
4.677468632812500005e+02,-8.094968629553639516e+01
4.677471562499999891e+02,-6.992772515521471632e+01
4.677474492187500346e+02,-7.117639320485862697e+01
4.677477421875000232e+02,-8.379364422569481974e+01
4.677480351562500118e+02,-7.796473793700822341e+01
4.677483281250000005e+02,-6.930887270517673926e+01
4.677486210937499891e+02,-6.894468052376856804e+01
4.677489140625000346e+02,-7.375915054333955823e+01
4.677492070312500232e+02,-7.041078742251892209e+01
4.677495000000000118e+02,-6.971103029005533358e+01
4.677497929687500005e+02,-6.832564478997328195e+01
4.677500859374999891e+02,-6.888505693962284226e+01
4.677503789062500346e+02,-7.156511327934128985e+01
4.677506718750000232e+02,-7.609431434353831492e+01
4.677509648437500118e+02,-7.933694681465041754e+01
4.677512578125000005e+02,-7.268181627060950234e+01
4.677515507812499891e+02,-8.469925077454335849e+01
4.677518437500000346e+02,-7.398586656384851779e+01
4.677521367187500232e+02,-6.978529465873607762e+01
4.677524296875000118e+02,-7.920144940433797842e+01
4.677527226562500005e+02,-7.904445433209450300e+01
4.677530156249999891e+02,-7.979483132813392388e+01
4.677533085937500346e+02,-8.008765224550587902e+01
4.677536015625000232e+02,-7.337887675290247103e+01
4.677538945312500118e+02,-8.241922989314107895e+01
4.677541875000000005e+02,-7.280661324178991833e+01
4.677544804687499891e+02,-7.481308978351452765e+01
4.677547734375000346e+02,-7.077222182167179199e+01
4.677550664062500232e+02,-6.859522286896812204e+01
4.677553593750000118e+02,-7.310761084236267493e+01
4.677556523437500005e+02,-7.557657210544118698e+01
4.677559453124999891e+02,-7.936267598567010850e+01
4.677562382812500346e+02,-7.004577347604340787e+01
4.677565312500000232e+02,-6.978890721186320434e+01
4.677568242187500118e+02,-7.818147280735419713e+01
4.677571171875000005e+02,-7.600857427032104852e+01
4.677574101562499891e+02,-7.074955952308621931e+01
4.677577031250000346e+02,-7.230854637878420021e+01
4.677579960937500232e+02,-7.143954493339700207e+01
4.677582890625000118e+02,-6.531284923487750405e+01
4.677585820312500005e+02,-6.594692786038878296e+01
4.677588749999999891e+02,-7.251719286879144022e+01
4.677591679687500346e+02,-7.351298724612426838e+01
4.677594609375000232e+02,-7.023988391659337083e+01
4.677597539062500118e+02,-7.591716538535854397e+01
4.677600468750000005e+02,-7.312626678460165408e+01
4.677603398437499891e+02,-6.771932350161841896e+01
4.677606328125000346e+02,-7.036749454319712527e+01
4.677609257812500232e+02,-7.388602961472508923e+01
4.677612187500000118e+02,-6.853873417653065303e+01
4.677615117187500005e+02,-7.773655667541964931e+01
4.677618046874999891e+02,-7.931658110632226055e+01
4.677620976562500346e+02,-8.012042275076417752e+01
4.677623906250000232e+02,-7.528118823377974422e+01
4.677626835937500118e+02,-7.968885492957672056e+01
4.677629765625000005e+02,-7.596833887847806466e+01
4.677632695312499891e+02,-7.816264066249506470e+01
4.677635625000000346e+02,-7.217658796538503907e+01
4.677638554687500232e+02,-7.153188463364290328e+01
4.677641484375000118e+02,-7.458755985003789135e+01
4.677644414062500005e+02,-7.147417155835724145e+01
4.677647343749999891e+02,-6.906047232716582585e+01
4.677650273437500346e+02,-8.691119364037170669e+01
4.677653203125000232e+02,-7.127330660083472935e+01
4.677656132812500118e+02,-7.090279513809298351e+01
4.677659062500000005e+02,-7.023282497052166207e+01
4.677661992187499891e+02,-6.769791374232680425e+01
4.677664921875000346e+02,-7.074506981931938299e+01
4.677667851562500232e+02,-7.403508761085960543e+01
4.677670781250000118e+02,-9.875692529934995889e+01
4.677673710937500005e+02,-7.485175935453227680e+01
4.677676640624999891e+02,-6.526059604697474015e+01
4.677679570312500346e+02,-6.283856409156142320e+01
4.677682500000000232e+02,-7.945193408438427696e+01
4.677685429687500118e+02,-7.505125636706256387e+01
4.677688359375000005e+02,-7.056022780939525774e+01
4.677691289062499891e+02,-7.173929790153741237e+01
4.677694218750000346e+02,-7.316889115849954806e+01
4.677697148437500232e+02,-7.163976758426207425e+01
4.677700078125000118e+02,-7.817480506790690242e+01
4.677703007812500005e+02,-7.100695800546283465e+01
4.677705937499999891e+02,-7.415706337939651860e+01
4.677708867187500346e+02,-8.154716837091518755e+01
4.677711796875000232e+02,-8.106864858864049950e+01
4.677714726562500118e+02,-7.199801685660565909e+01
4.677717656250000005e+02,-7.323415241686137733e+01
4.677720585937499891e+02,-8.293223672194267238e+01
4.677723515625000346e+02,-7.761165947880093086e+01
4.677726445312500232e+02,-8.264076566115618050e+01
4.677729375000000118e+02,-7.082659344172851945e+01
4.677732304687500005e+02,-7.002156171427898812e+01
4.677735234374999891e+02,-6.808291140960159282e+01
4.677738164062500346e+02,-7.205985040170885725e+01
4.677741093750000232e+02,-8.294971582251527309e+01
4.677744023437500118e+02,-7.300291832547500803e+01
4.677746953125000005e+02,-7.295200778638927375e+01
4.677749882812499891e+02,-7.631610050087164154e+01
4.677752812500000346e+02,-7.911734657790049141e+01
4.677755742187500232e+02,-7.954506278404247155e+01
4.677758671875000118e+02,-7.814666477989183591e+01
4.677761601562500005e+02,-8.632092712592184114e+01
4.677764531249999891e+02,-8.006301424053184235e+01
4.677767460937500346e+02,-7.786003897210673586e+01
4.677770390625000232e+02,-8.506162422798239220e+01
4.677773320312500118e+02,-9.367702875585520417e+01
4.677776250000000005e+02,-9.280936166889293304e+01
4.677779179687499891e+02,-7.318343293874454503e+01
4.677782109375000346e+02,-7.203580182472795457e+01
4.677785039062500232e+02,-7.396042787548635999e+01
4.677787968750000118e+02,-7.597338202736183632e+01
4.677790898437500005e+02,-8.131204603269034692e+01
4.677793828124999891e+02,-7.591607033597058773e+01
4.677796757812500346e+02,-7.257568798083670458e+01
4.677799687500000232e+02,-7.493999871465634044e+01
4.677802617187500118e+02,-7.447222947500952728e+01
4.677805546875000005e+02,-7.624818519524392002e+01
4.677808476562499891e+02,-7.348709134863769066e+01
4.677811406250000346e+02,-7.176103092330177446e+01
4.677814335937500232e+02,-7.131958803811183145e+01
4.677817265625000118e+02,-8.847069697199012239e+01
4.677820195312500005e+02,-7.687189937326755285e+01
4.677823124999999891e+02,-8.081266254906238089e+01
4.677826054687500346e+02,-7.572370158491635550e+01
4.677828984375000232e+02,-6.954377610461621373e+01
4.677831914062500118e+02,-7.488082161344884469e+01
4.677834843750000005e+02,-7.701998892813415409e+01
4.677837773437499891e+02,-7.102647089112113576e+01
4.677840703125000346e+02,-6.855521757164630969e+01
4.677843632812500232e+02,-7.231688797701961846e+01
4.677846562500000118e+02,-8.711344328627598088e+01
4.677849492187500005e+02,-8.427016395091420975e+01
4.677852421874999891e+02,-7.406589005160819283e+01
4.677855351562500346e+02,-7.088200925547776876e+01
4.677858281250000232e+02,-7.039983980033326816e+01
4.677861210937500118e+02,-7.011446521420944578e+01
4.677864140625000005e+02,-7.532754189961022462e+01
4.677867070312499891e+02,-7.111645380286428519e+01
4.677870000000000346e+02,-7.077206458371377096e+01
4.677872929687500232e+02,-7.294785439936816829e+01
4.677875859375000118e+02,-8.398012435089790984e+01
4.677878789062500005e+02,-7.127574882254504018e+01
4.677881718749999891e+02,-7.417741040141615372e+01
4.677884648437500346e+02,-8.784487932819276068e+01
4.677887578125000232e+02,-7.471589635768522442e+01
4.677890507812500118e+02,-7.007927579901895854e+01
4.677893437500000005e+02,-7.589973698071929675e+01
4.677896367187499891e+02,-7.886377345538004136e+01
4.677899296875000346e+02,-8.120706206747529166e+01
4.677902226562500232e+02,-7.832361451873872227e+01
4.677905156250000118e+02,-7.794642513275448437e+01
4.677908085937500005e+02,-8.021921077093577424e+01
4.677911015624999891e+02,-7.862064381359679999e+01
4.677913945312500346e+02,-7.876141778609485300e+01
4.677916875000000232e+02,-9.421564090584361395e+01
4.677919804687500118e+02,-8.024132747374467556e+01
4.677922734375000005e+02,-8.915745139275971098e+01
4.677925664062499891e+02,-8.228005503537146126e+01
4.677928593750000346e+02,-8.140981598713747758e+01
4.677931523437500232e+02,-7.523549619737293881e+01
4.677934453125000118e+02,-8.139786565803433405e+01
4.677937382812500005e+02,-7.385538599160707918e+01
4.677940312499999891e+02,-7.700386732949955615e+01
4.677943242187500346e+02,-8.178945195809876623e+01
4.677946171875000232e+02,-7.174436902511496328e+01
4.677949101562500118e+02,-7.141101704478596446e+01
4.677952031250000005e+02,-8.840559818023803018e+01
4.677954960937499891e+02,-9.012029411869366413e+01
4.677957890625000346e+02,-7.887000267259962527e+01
4.677960820312500232e+02,-7.427372661634028361e+01
4.677963750000000118e+02,-7.158662639010765361e+01
4.677966679687500005e+02,-7.770101002900558740e+01
4.677969609374999891e+02,-7.638034282121913066e+01
4.677972539062500346e+02,-8.311816448803895696e+01
4.677975468750000232e+02,-7.837381334783360387e+01
4.677978398437500118e+02,-7.133173725487051797e+01
4.677981328125000005e+02,-6.890581983161874291e+01
4.677984257812499891e+02,-7.127501037196809364e+01
4.677987187500000346e+02,-7.258382563107022634e+01
4.677990117187500232e+02,-7.641936619560053146e+01
4.677993046875000118e+02,-7.629070974419698814e+01
4.677995976562500005e+02,-7.405729562534472166e+01
4.677998906249999891e+02,-7.863043521976715056e+01
4.678001835937500346e+02,-7.810330381797908217e+01
4.678004765625000232e+02,-7.101187878484046223e+01
4.678007695312500118e+02,-7.118274991835205867e+01
4.678010625000000005e+02,-8.021407905827622642e+01
4.678013554687499891e+02,-7.308784184906092207e+01
4.678016484375000346e+02,-7.008027232640331761e+01
4.678019414062500232e+02,-7.599208384616258627e+01
4.678022343750000118e+02,-7.488065228885173497e+01
4.678025273437500005e+02,-8.279116075197418922e+01
4.678028203124999891e+02,-9.723706240882863483e+01
4.678031132812500346e+02,-7.957728688343679835e+01
4.678034062500000232e+02,-7.714936749466070864e+01
4.678036992187500118e+02,-7.903750560476484566e+01
4.678039921875000005e+02,-7.574922594216150173e+01
4.678042851562499891e+02,-7.379351082321464617e+01
4.678045781250000346e+02,-7.746608580398309130e+01
4.678048710937500232e+02,-7.541093090047002079e+01
4.678051640625000118e+02,-8.080799011329389714e+01
4.678054570312500005e+02,-7.606395774403992505e+01
4.678057499999999891e+02,-7.364912170288654636e+01
4.678060429687500346e+02,-7.775311388049837547e+01
4.678063359375000232e+02,-7.427726398514073480e+01
4.678066289062500118e+02,-7.274156126698740366e+01
4.678069218750000005e+02,-7.502909362977929675e+01
4.678072148437499891e+02,-8.488644511725532027e+01
4.678075078125000346e+02,-9.015574788051961264e+01
4.678078007812500232e+02,-7.218687197842473324e+01
4.678080937500000118e+02,-7.209796645314941088e+01
4.678083867187500005e+02,-7.720459717392644450e+01
4.678086796874999891e+02,-8.662659873185377535e+01
4.678089726562500346e+02,-7.279854885656513375e+01
4.678092656250000232e+02,-7.108241892599605194e+01
4.678095585937500118e+02,-7.226771358202356055e+01
4.678098515625000005e+02,-7.276096730533771506e+01
4.678101445312499891e+02,-7.492142862943569526e+01
4.678104375000000346e+02,-7.401887335985905736e+01
4.678107304687500232e+02,-7.317473876476827854e+01
4.678110234375000118e+02,-6.602425829155779979e+01
4.678113164062500005e+02,-7.115490117173382600e+01
4.678116093749999891e+02,-7.966641635274876876e+01
4.678119023437500346e+02,-7.078620167373630068e+01
4.678121953125000232e+02,-7.216757070426413634e+01
4.678124882812500118e+02,-8.486105246537914581e+01
4.678127812500000005e+02,-7.847383566547863154e+01
4.678130742187499891e+02,-6.900106838246114194e+01
4.678133671875000346e+02,-7.025195168928307510e+01
4.678136601562500232e+02,-7.700064695903284928e+01
4.678139531250000118e+02,-8.113012005003284344e+01
4.678142460937500005e+02,-7.596361696996753210e+01
4.678145390624999891e+02,-7.154836235442321879e+01
4.678148320312500346e+02,-7.177121945254755531e+01
4.678151250000000232e+02,-7.936997643679097791e+01
4.678154179687500118e+02,-7.712490739822106889e+01
4.678157109375000005e+02,-7.150472470036838502e+01
4.678160039062499891e+02,-7.753335709752047933e+01
4.678162968750000346e+02,-8.179967689551276067e+01
4.678165898437500232e+02,-7.386456986828460458e+01
4.678168828125000118e+02,-7.271559745181589562e+01
4.678171757812500005e+02,-7.821933187106751006e+01
4.678174687499999891e+02,-7.404463472882918040e+01
4.678177617187500346e+02,-7.173715932004699880e+01
4.678180546875000232e+02,-7.402231192064282084e+01
4.678183476562500118e+02,-7.482595877549115926e+01
4.678186406250000005e+02,-7.704555498061417040e+01
4.678189335937499891e+02,-8.557761665435145915e+01
4.678192265625000346e+02,-7.835618534472897068e+01
4.678195195312500232e+02,-7.389510078683397865e+01
4.678198125000000118e+02,-7.996357690108291649e+01
4.678201054687500005e+02,-7.883282712738272835e+01
4.678203984374999891e+02,-7.588481464361335327e+01
4.678206914062500346e+02,-7.772259005020569589e+01
4.678209843750000232e+02,-8.157927772974215941e+01
4.678212773437500118e+02,-8.071555947370752904e+01
4.678215703125000005e+02,-7.613101528172424537e+01
4.678218632812499891e+02,-7.065698486292396296e+01
4.678221562500000346e+02,-7.504896248570511830e+01
4.678224492187500232e+02,-7.887869620547098748e+01
4.678227421875000118e+02,-8.048233135051090414e+01
4.678230351562500005e+02,-7.397930535782722927e+01
4.678233281249999891e+02,-7.327395491358765867e+01
4.678236210937500346e+02,-8.194533091080742793e+01
4.678239140625000232e+02,-7.100176090077491153e+01
4.678242070312500118e+02,-7.214303575027788895e+01
4.678245000000000005e+02,-7.268634768260764645e+01
4.678247929687499891e+02,-9.560268311020514886e+01
4.678250859375000346e+02,-7.187372556507993693e+01
4.678253789062500232e+02,-7.939898429794570234e+01
4.678256718750000118e+02,-7.706691063113294149e+01
4.678259648437500005e+02,-7.427001651040629326e+01
4.678262578124999891e+02,-8.111498776507619368e+01
4.678265507812500346e+02,-7.587618111571570978e+01
4.678268437500000232e+02,-7.573287664209355796e+01
4.678271367187500118e+02,-7.820343182201438026e+01
4.678274296875000005e+02,-7.749445145713664829e+01
4.678277226562499891e+02,-8.345968914714691778e+01
4.678280156250000346e+02,-7.549107599107892952e+01
4.678283085937500232e+02,-7.685335776328749091e+01
4.678286015625000118e+02,-8.059488394338856665e+01
4.678288945312500005e+02,-8.310130808611850739e+01
4.678291874999999891e+02,-7.895955428980387580e+01
4.678294804687500346e+02,-7.300000266857040288e+01
4.678297734375000232e+02,-8.229442756004067405e+01
4.678300664062500118e+02,-8.157350390971309650e+01
4.678303593750000005e+02,-7.717499847752267783e+01
4.678306523437499891e+02,-7.729078137592979658e+01
4.678309453125000346e+02,-7.612908335176331320e+01
4.678312382812500232e+02,-8.451310795835880185e+01
4.678315312500000118e+02,-7.941570223741864254e+01
4.678318242187500005e+02,-7.461956496734666189e+01
4.678321171874999891e+02,-7.316730521658813302e+01
4.678324101562500346e+02,-7.943499627919420902e+01
4.678327031250000232e+02,-8.476551882386613102e+01
4.678329960937500118e+02,-8.168113029696456806e+01
4.678332890625000005e+02,-7.708992689069557969e+01
4.678335820312499891e+02,-7.613032571817817029e+01
4.678338750000000346e+02,-7.976044309086275064e+01
4.678341679687500232e+02,-8.898406582301893764e+01
4.678344609375000118e+02,-8.373159835089593628e+01
4.678347539062500005e+02,-8.288494144715670586e+01
4.678350468749999891e+02,-8.340038317518684607e+01
4.678353398437500346e+02,-7.436683485611888500e+01
4.678356328125000232e+02,-7.590673397382404630e+01
4.678359257812500118e+02,-8.355825790591481450e+01
4.678362187500000005e+02,-7.693951049161091760e+01
4.678365117187499891e+02,-7.032114764052600719e+01
4.678368046875000346e+02,-7.645406799054053693e+01
4.678370976562500232e+02,-7.714382721229219442e+01
4.678373906250000118e+02,-8.004378788863108696e+01
4.678376835937500005e+02,-7.359101366352990681e+01
4.678379765624999891e+02,-8.074986184177407722e+01
4.678382695312500346e+02,-7.070281949607081629e+01
4.678385625000000232e+02,-7.102903113999856544e+01
4.678388554687500118e+02,-7.663447737540677451e+01
4.678391484375000005e+02,-8.538536926574543884e+01
4.678394414062499891e+02,-8.026669283708096714e+01
4.678397343750000346e+02,-8.624175016880366229e+01
4.678400273437500232e+02,-7.312618574445376396e+01
4.678403203125000118e+02,-7.744470086894139627e+01
4.678406132812500005e+02,-8.048178948515213449e+01
4.678409062499999891e+02,-8.011506628310317524e+01
4.678411992187500346e+02,-7.425982419362216547e+01
4.678414921875000232e+02,-7.617153668428937863e+01
4.678417851562500118e+02,-8.059163446558862631e+01
4.678420781250000005e+02,-7.498128742577046069e+01
4.678423710937499891e+02,-8.187768106479724395e+01
4.678426640625000346e+02,-7.950817026544288524e+01
4.678429570312500232e+02,-7.688169901033032261e+01
4.678432500000000118e+02,-7.862772846808633176e+01
4.678435429687500005e+02,-8.294492082732871552e+01
4.678438359374999891e+02,-7.792946984272904842e+01
4.678441289062500346e+02,-7.884015314376310357e+01
4.678444218750000232e+02,-8.241212401572337853e+01
4.678447148437500118e+02,-8.103296399289568797e+01
4.678450078125000005e+02,-8.047405925864735821e+01
4.678453007812499891e+02,-8.537481131685005664e+01
4.678455937500000346e+02,-7.421014418048531525e+01
4.678458867187500232e+02,-7.682246905394143255e+01
4.678461796875000118e+02,-8.375334561962742441e+01
4.678464726562500005e+02,-7.959409687844680548e+01
4.678467656249999891e+02,-7.516168225828039340e+01
4.678470585937500346e+02,-7.222220263771342275e+01
4.678473515625000232e+02,-7.419523380152149628e+01
4.678476445312500118e+02,-7.250803494589331422e+01
4.678479375000000005e+02,-7.295685208663198296e+01
4.678482304687499891e+02,-7.486539651899509806e+01
4.678485234375000346e+02,-7.647004410319257772e+01
4.678488164062500232e+02,-7.257473286330092321e+01
4.678491093750000118e+02,-7.514534608415561934e+01
4.678494023437500005e+02,-7.826186487591550645e+01
4.678496953124999891e+02,-8.674311402626223355e+01
4.678499882812500346e+02,-8.654408409838089256e+01
4.678502812500000232e+02,-9.052678577151132799e+01
4.678505742187500118e+02,-8.277049535405370762e+01
4.678508671875000005e+02,-8.184134003114183997e+01
4.678511601562499891e+02,-7.992805331980896710e+01
4.678514531250000346e+02,-7.969719942843494209e+01
4.678517460937500232e+02,-8.165469448866575419e+01
4.678520390625000118e+02,-7.727038775720886576e+01
4.678523320312500005e+02,-7.644780939547082710e+01
4.678526249999999891e+02,-7.953980547890863306e+01
4.678529179687500346e+02,-7.713363956166344337e+01
4.678532109375000232e+02,-7.640985457975089901e+01
4.678535039062500118e+02,-7.582664297990254454e+01
4.678537968750000005e+02,-8.317129406774343181e+01
4.678540898437499891e+02,-7.571523048634406905e+01
4.678543828125000346e+02,-7.733408781910112850e+01
4.678546757812500232e+02,-7.397506869126738138e+01
4.678549687500000118e+02,-7.648351049888373154e+01
4.678552617187500005e+02,-7.738879421295619920e+01
4.678555546874999891e+02,-7.921939691408221051e+01
4.678558476562500346e+02,-9.785906816545910658e+01
4.678561406250000232e+02,-7.734662859387572098e+01
4.678564335937500118e+02,-7.784661751766131488e+01
4.678567265625000005e+02,-8.402659075194307547e+01
4.678570195312499891e+02,-7.768706574906231310e+01
4.678573125000000346e+02,-7.973872850751844510e+01
4.678576054687500232e+02,-7.731320321829672082e+01
4.678578984375000118e+02,-8.124006928612234901e+01
4.678581914062500005e+02,-7.842691843019973419e+01
4.678584843749999891e+02,-8.526466708252272042e+01
4.678587773437500346e+02,-8.094822909677796474e+01
4.678590703125000232e+02,-7.506355905863753719e+01
4.678593632812500118e+02,-7.668990549168819371e+01
4.678596562500000005e+02,-7.509292663541037882e+01
4.678599492187499891e+02,-8.007435607492460861e+01
4.678602421875000346e+02,-8.364582725658277695e+01
4.678605351562500232e+02,-8.234998220961884385e+01
4.678608281250000118e+02,-9.434906960011447552e+01
4.678611210937500005e+02,-7.981124024082218682e+01
4.678614140624999891e+02,-7.635912177331795192e+01
4.678617070312500346e+02,-7.232801334167163532e+01
4.678620000000000232e+02,-7.278027453117326218e+01
4.678622929687500118e+02,-9.179105792532682528e+01
4.678625859375000005e+02,-7.471511320010296231e+01
4.678628789062499891e+02,-7.392061750396456432e+01
4.678631718750000346e+02,-8.267090820482346203e+01
4.678634648437500232e+02,-8.322042277160313972e+01
4.678637578125000118e+02,-8.426371168514319265e+01
4.678640507812500005e+02,-8.636640462593460654e+01
4.678643437499999891e+02,-8.401865631567906689e+01
4.678646367187500346e+02,-7.478026429656124208e+01
4.678649296875000232e+02,-7.128830445716532438e+01
4.678652226562500118e+02,-7.341520891180583419e+01
4.678655156250000005e+02,-7.439225266867761377e+01
4.678658085937499891e+02,-7.511273417702805943e+01
4.678661015625000346e+02,-7.672779050389129907e+01
4.678663945312500232e+02,-7.364281244077061217e+01
4.678666875000000118e+02,-7.435403037403365545e+01
4.678669804687500005e+02,-8.116847304935666330e+01
4.678672734374999891e+02,-8.088405507659351201e+01
4.678675664062500346e+02,-7.727441202627139205e+01
4.678678593750000232e+02,-8.165157604704552341e+01
4.678681523437500118e+02,-7.622875897821499791e+01
4.678684453125000005e+02,-7.449443368418062050e+01
4.678687382812499891e+02,-7.552291439272516982e+01
4.678690312500000346e+02,-7.745260941020565326e+01
4.678693242187500232e+02,-8.966511341843292371e+01
4.678696171875000118e+02,-7.848836844883254571e+01
4.678699101562500005e+02,-8.398584598802037249e+01
4.678702031249999891e+02,-9.232625462360644519e+01
4.678704960937500346e+02,-8.190777850156059969e+01
4.678707890625000232e+02,-7.785189005926929440e+01
4.678710820312500118e+02,-7.405133229772626180e+01
4.678713750000000005e+02,-7.974562645523012350e+01
4.678716679687499891e+02,-8.445713732146171537e+01
4.678719609375000346e+02,-9.452176004385950137e+01
4.678722539062500232e+02,-9.351320377779458681e+01
4.678725468750000118e+02,-7.589287487072310512e+01
4.678728398437500005e+02,-8.970523684678367715e+01
4.678731328124999891e+02,-7.673022242831632411e+01
4.678734257812500346e+02,-7.628558951511800501e+01
4.678737187500000232e+02,-7.953061318202897212e+01
4.678740117187500118e+02,-9.042019634231263581e+01
4.678743046875000005e+02,-8.936444624653998403e+01
4.678745976562499891e+02,-7.743580597653063080e+01
4.678748906250000346e+02,-7.821959816428056911e+01
4.678751835937500232e+02,-7.570140670126446025e+01
4.678754765625000118e+02,-7.477742237087888100e+01
4.678757695312500005e+02,-7.720661565004255067e+01
4.678760624999999891e+02,-7.312502872816543231e+01
4.678763554687500346e+02,-7.419060008039872400e+01
4.678766484375000232e+02,-7.364322346181312184e+01
4.678769414062500118e+02,-7.420415539534643301e+01
4.678772343750000005e+02,-7.352413314603188610e+01
4.678775273437499891e+02,-8.161373656497146101e+01
4.678778203125000346e+02,-7.609423571258371055e+01
4.678781132812500232e+02,-7.717599646859190443e+01
4.678784062500000118e+02,-8.169645211831220877e+01
4.678786992187500005e+02,-7.677885494680751322e+01
4.678789921874999891e+02,-7.722952422190508059e+01
4.678792851562500346e+02,-7.880008144240301249e+01
4.678795781250000232e+02,-7.830963474292592252e+01
4.678798710937500118e+02,-8.721730042030074515e+01
4.678801640625000005e+02,-8.203702973914076324e+01
4.678804570312499891e+02,-7.747133315175680934e+01
4.678807500000000346e+02,-8.830412520584572178e+01
4.678810429687500232e+02,-7.938768341225694769e+01
4.678813359375000118e+02,-7.931923350244881021e+01
4.678816289062500005e+02,-9.218783872432345561e+01
4.678819218749999891e+02,-8.884318920485183924e+01
4.678822148437500346e+02,-8.291214330097008656e+01
4.678825078125000232e+02,-7.958479247747251861e+01
4.678828007812500118e+02,-1.039708456003912573e+02
4.678830937500000005e+02,-7.944280876906189803e+01
4.678833867187499891e+02,-8.638824993613724246e+01
4.678836796875000346e+02,-9.710016029416280503e+01
4.678839726562500232e+02,-8.204736799556322069e+01
4.678842656250000118e+02,-7.508450000613994746e+01
4.678845585937500005e+02,-7.386458189376344308e+01
4.678848515624999891e+02,-8.095725942096012773e+01
4.678851445312500346e+02,-7.988499916494248509e+01
4.678854375000000232e+02,-8.129825898518127758e+01
4.678857304687500118e+02,-8.045751286090901999e+01
4.678860234375000005e+02,-9.091751701263893892e+01
4.678863164062499891e+02,-8.073336285146066871e+01
4.678866093750000346e+02,-7.471651788158489182e+01
4.678869023437500232e+02,-8.174893221392471787e+01
4.678871953125000118e+02,-8.514198396355223508e+01
4.678874882812500005e+02,-7.659384668903206261e+01
4.678877812499999891e+02,-7.689065021725576798e+01
4.678880742187500346e+02,-8.600393220632240343e+01
4.678883671875000232e+02,-8.376315257925996605e+01
4.678886601562500118e+02,-7.581415972905483613e+01
4.678889531250000005e+02,-7.283624347539698363e+01
4.678892460937499891e+02,-7.458686731694341177e+01
4.678895390625000346e+02,-7.313673191808850049e+01
4.678898320312500232e+02,-7.782145279733957466e+01
4.678901250000000118e+02,-7.989602198239005304e+01
4.678904179687500005e+02,-8.118197195911447750e+01
4.678907109374999891e+02,-8.846716644112922268e+01
4.678910039062500346e+02,-7.926760034591039528e+01
4.678912968750000232e+02,-7.672539964759080533e+01
4.678915898437500118e+02,-7.263211834128749445e+01
4.678918828125000005e+02,-6.966302842596934397e+01
4.678921757812499891e+02,-7.081289333663218599e+01
4.678924687500000346e+02,-7.842140223347026051e+01
4.678927617187500232e+02,-8.167427592447830875e+01
4.678930546875000118e+02,-8.607107986683460865e+01
4.678933476562500005e+02,-8.400294703336199120e+01
4.678936406249999891e+02,-7.962127298228374173e+01
4.678939335937500346e+02,-7.737440561844627496e+01
4.678942265625000232e+02,-7.271296588299728114e+01
4.678945195312500118e+02,-7.204624291249996304e+01
4.678948125000000005e+02,-8.076234294443671047e+01
4.678951054687499891e+02,-8.099455491827717424e+01
4.678953984375000346e+02,-8.037092964187843336e+01
4.678956914062500232e+02,-8.645131240489904201e+01
4.678959843750000118e+02,-8.832527906106187743e+01
4.678962773437500005e+02,-8.766254038017352457e+01
4.678965703124999891e+02,-8.025904287944888438e+01
4.678968632812500346e+02,-9.124475647697525460e+01
4.678971562500000232e+02,-8.011083381026971040e+01
4.678974492187500118e+02,-7.379394995344169672e+01
4.678977421875000005e+02,-7.389685393781110179e+01
4.678980351562499891e+02,-7.511476357516302471e+01
4.678983281250000346e+02,-8.095861184127095100e+01
4.678986210937500232e+02,-7.489151739778981209e+01
4.678989140625000118e+02,-7.761258371164251457e+01
4.678992070312500005e+02,-8.668608825827652709e+01
4.678994999999999891e+02,-7.949512130698445844e+01
4.678997929687500346e+02,-8.609443536481865067e+01
4.679000859375000232e+02,-8.115498067874824528e+01
4.679003789062500118e+02,-7.253710798392360459e+01
4.679006718750000005e+02,-7.264253201645514935e+01
4.679009648437499891e+02,-8.001785892948559820e+01
4.679012578125000346e+02,-7.401623004505600534e+01
4.679015507812500232e+02,-8.088298990019933399e+01
4.679018437500000118e+02,-7.521747859889676135e+01
4.679021367187500005e+02,-6.910914633313649347e+01
4.679024296874999891e+02,-7.394665007810181123e+01
4.679027226562500346e+02,-8.631286697462931556e+01
4.679030156250000232e+02,-7.977330751282714516e+01
4.679033085937500118e+02,-7.342114419435495165e+01
4.679036015625000005e+02,-7.410651310283087412e+01
4.679038945312499891e+02,-7.483046195535780498e+01
4.679041875000000346e+02,-7.405359373513645949e+01
4.679044804687500232e+02,-7.153741406780241618e+01
4.679047734375000118e+02,-7.593296932623660211e+01
4.679050664062500005e+02,-8.051617310733887223e+01
4.679053593749999891e+02,-7.702691039781710458e+01
4.679056523437500346e+02,-7.861289690082072923e+01
4.679059453125000232e+02,-8.166783256693975090e+01
4.679062382812500118e+02,-8.272055335510793839e+01
4.679065312500000005e+02,-8.141036116771192610e+01
4.679068242187499891e+02,-9.439537570482251283e+01
4.679071171875000346e+02,-8.895245537861278251e+01
4.679074101562500232e+02,-7.735030406393761382e+01
4.679077031250000118e+02,-7.256665462759586660e+01
4.679079960937500005e+02,-7.427401777835437713e+01
4.679082890624999891e+02,-7.745060076704906749e+01
4.679085820312500346e+02,-9.355626086748969783e+01
4.679088750000000232e+02,-7.715853473506638238e+01
4.679091679687500118e+02,-7.646077372997265797e+01
4.679094609375000005e+02,-7.599320316910132078e+01
4.679097539062499891e+02,-7.640776769492588016e+01
4.679100468750000346e+02,-7.322506217273371476e+01
4.679103398437500232e+02,-8.410679950378495562e+01
4.679106328125000118e+02,-8.060972643147893280e+01
4.679109257812500005e+02,-7.818760678765356431e+01
4.679112187499999891e+02,-7.873323710016410359e+01
4.679115117187500346e+02,-8.056564979479406929e+01
4.679118046875000232e+02,-7.538582790343835427e+01
4.679120976562500118e+02,-8.240039553111940052e+01
4.679123906250000005e+02,-8.329635776829297811e+01
4.679126835937499891e+02,-8.557483566629059624e+01
4.679129765625000346e+02,-7.680092848344500567e+01
4.679132695312500232e+02,-7.605014791300392574e+01
4.679135625000000118e+02,-8.310068836881931986e+01
4.679138554687500005e+02,-7.778938320128310124e+01
4.679141484374999891e+02,-8.791601880842358696e+01
4.679144414062500346e+02,-7.976068199404835468e+01
4.679147343750000232e+02,-8.040949018798507097e+01
4.679150273437500118e+02,-7.814626917443412424e+01
4.679153203125000005e+02,-7.818716610048051052e+01
4.679156132812499891e+02,-7.361929062542822066e+01
4.679159062500000346e+02,-7.909040275417164878e+01
4.679161992187500232e+02,-7.506433945104272709e+01
4.679164921875000118e+02,-7.652161432072139746e+01
4.679167851562500005e+02,-8.478466052337616077e+01
4.679170781249999891e+02,-7.628857414878196153e+01
4.679173710937500346e+02,-7.870734077933758499e+01
4.679176640625000232e+02,-8.945179747001034798e+01
4.679179570312500118e+02,-7.642347243197625062e+01
4.679182500000000005e+02,-7.619080773809839968e+01
4.679185429687499891e+02,-7.676333463997431750e+01
4.679188359375000346e+02,-7.876088911359140354e+01
4.679191289062500232e+02,-7.710066523480296041e+01
4.679194218750000118e+02,-7.355440068278710442e+01
4.679197148437500005e+02,-8.227269690739470320e+01
4.679200078124999891e+02,-8.418805827558813348e+01
4.679203007812500346e+02,-7.815850218817408290e+01
4.679205937500000232e+02,-7.838961435180530657e+01
4.679208867187500118e+02,-8.223139265430332046e+01
4.679211796875000005e+02,-8.373525313467649767e+01
4.679214726562499891e+02,-8.086759675963040195e+01
4.679217656250000346e+02,-7.574378198751827540e+01
4.679220585937500232e+02,-8.695595731215254887e+01
4.679223515625000118e+02,-8.017889338784733866e+01
4.679226445312500005e+02,-8.564187946517982652e+01
4.679229374999999891e+02,-7.810443048296698976e+01
4.679232304687500346e+02,-7.662637751238794692e+01
4.679235234375000232e+02,-7.924496670189680003e+01
4.679238164062500118e+02,-8.893743876687443617e+01
4.679241093750000005e+02,-8.529434683959547669e+01
4.679244023437499891e+02,-8.685913807039233347e+01
4.679246953125000346e+02,-8.601419908832832562e+01
4.679249882812500232e+02,-8.139085603802149649e+01
4.679252812500000118e+02,-7.468225929404229646e+01
4.679255742187500005e+02,-7.621471291461703856e+01
4.679258671874999891e+02,-7.949192355426515633e+01
4.679261601562500346e+02,-7.658846442400169963e+01
4.679264531250000232e+02,-7.534795813908223749e+01
4.679267460937500118e+02,-7.957154568693016472e+01
4.679270390625000005e+02,-7.507085473920778895e+01
4.679273320312499891e+02,-7.745472992687864178e+01
4.679276250000000346e+02,-8.420016797749403281e+01
4.679279179687500232e+02,-8.552173938491533534e+01
4.679282109375000118e+02,-8.109362847053998280e+01
4.679285039062500005e+02,-8.155503398583431363e+01
4.679287968749999891e+02,-8.295587091932480917e+01
4.679290898437500346e+02,-9.484394511874492650e+01
4.679293828125000232e+02,-7.584390837069918234e+01
4.679296757812500118e+02,-7.751520530907460227e+01
4.679299687500000005e+02,-8.445461857423501328e+01
4.679302617187499891e+02,-8.232974045205190805e+01
4.679305546875000346e+02,-9.314616317836001258e+01
4.679308476562500232e+02,-8.352481103070196866e+01
4.679311406250000118e+02,-7.617045555999533235e+01
4.679314335937500005e+02,-7.613917280570895230e+01
4.679317265624999891e+02,-8.115037419738777658e+01
4.679320195312500346e+02,-8.280489203957725408e+01
4.679323125000000232e+02,-8.004814103580682172e+01
4.679326054687500118e+02,-9.034698704747574993e+01
4.679328984375000005e+02,-7.624519847709736098e+01
4.679331914062499891e+02,-7.424170570834876060e+01
4.679334843750000346e+02,-7.589947505529517002e+01
4.679337773437500232e+02,-7.861423604283604050e+01
4.679340703125000118e+02,-8.007626062679369738e+01
4.679343632812500005e+02,-8.912634521838666046e+01
4.679346562499999891e+02,-8.468266487013735855e+01
4.679349492187500346e+02,-8.338957570009284836e+01
4.679352421875000232e+02,-7.952178812779416717e+01
4.679355351562500118e+02,-7.633446635170977856e+01
4.679358281250000005e+02,-8.262416869547917031e+01
4.679361210937499891e+02,-8.459539547099440426e+01
4.679364140625000346e+02,-8.342083717950190191e+01
4.679367070312500232e+02,-7.935870803476574054e+01
4.679370000000000118e+02,-8.340185718619837019e+01
4.679372929687500005e+02,-7.720218557983449159e+01
4.679375859374999891e+02,-7.803481248201782705e+01
4.679378789062500346e+02,-8.218272956693195397e+01
4.679381718750000232e+02,-8.208641105397387605e+01
4.679384648437500118e+02,-9.297797975458968267e+01
4.679387578125000005e+02,-8.077755605396782812e+01
4.679390507812499891e+02,-7.534495806059720735e+01
4.679393437500000346e+02,-8.097388829752958372e+01
4.679396367187500232e+02,-8.453526242607946983e+01
4.679399296875000118e+02,-9.332528238450437641e+01
4.679402226562500005e+02,-8.727826484714168487e+01
4.679405156249999891e+02,-8.177811046349728485e+01
4.679408085937500346e+02,-7.998919719857448740e+01
4.679411015625000232e+02,-7.716850277099158006e+01
4.679413945312500118e+02,-7.948646908647849330e+01
4.679416875000000005e+02,-8.899090892001851216e+01
4.679419804687499891e+02,-8.735134051544599743e+01
4.679422734375000346e+02,-8.024387450896816176e+01
4.679425664062500232e+02,-8.495784109435905407e+01
4.679428593750000118e+02,-8.496064394020368127e+01
4.679431523437500005e+02,-8.827594855643388883e+01
4.679434453124999891e+02,-7.742938363463869678e+01
4.679437382812500346e+02,-7.285754731413967988e+01
4.679440312500000232e+02,-7.518320369113068580e+01
4.679443242187500118e+02,-8.199929700950352185e+01
4.679446171875000005e+02,-7.576132754044044759e+01
4.679449101562499891e+02,-7.892745989294704145e+01
4.679452031250000346e+02,-8.063834769380420653e+01
4.679454960937500232e+02,-8.254483762640079192e+01
4.679457890625000118e+02,-7.737776973867137542e+01
4.679460820312500005e+02,-7.778704494504410150e+01
4.679463749999999891e+02,-7.389839755347178141e+01
4.679466679687500346e+02,-7.307790541044646204e+01
4.679469609375000232e+02,-7.857458508795195939e+01
4.679472539062500118e+02,-8.272808874005166047e+01
4.679475468750000005e+02,-7.952964069501089739e+01
4.679478398437499891e+02,-7.737768734300958329e+01
4.679481328125000346e+02,-8.408600810594668928e+01
4.679484257812500232e+02,-7.866659131150916551e+01
4.679487187500000118e+02,-8.070445401360088056e+01
4.679490117187500005e+02,-7.535396549928891829e+01
4.679493046874999891e+02,-7.140555347203081737e+01
4.679495976562500346e+02,-7.759742205705967422e+01
4.679498906250000232e+02,-8.070160669394296349e+01
4.679501835937500118e+02,-8.624780834618682945e+01
4.679504765625000005e+02,-8.521804611949598041e+01
4.679507695312499891e+02,-7.510190970866045745e+01
4.679510625000000346e+02,-7.274139314295112513e+01
4.679513554687500232e+02,-7.178152457545610332e+01
4.679516484375000118e+02,-7.454556300858389761e+01
4.679519414062500005e+02,-8.241003642395895668e+01
4.679522343749999891e+02,-8.002663450771693476e+01
4.679525273437500346e+02,-7.926550327174750521e+01
4.679528203125000232e+02,-7.794462208288888405e+01
4.679531132812500118e+02,-7.754409119031392095e+01
4.679534062500000005e+02,-1.051147240310895370e+02
4.679536992187499891e+02,-8.034444988020146639e+01
4.679539921875000346e+02,-7.852880920411021748e+01
4.679542851562500232e+02,-7.676935340061413626e+01
4.679545781250000118e+02,-8.668890053613664293e+01
4.679548710937500005e+02,-1.020621006801017643e+02
4.679551640624999891e+02,-8.483328910911511400e+01
4.679554570312500346e+02,-8.498849229359390733e+01
4.679557500000000232e+02,-8.618834476089445218e+01
4.679560429687500118e+02,-8.187023922338616444e+01
4.679563359375000005e+02,-8.095033395674767007e+01
4.679566289062499891e+02,-8.727695400892635291e+01
4.679569218750000346e+02,-7.175315659756290643e+01
4.679572148437500232e+02,-7.152522145348949323e+01
4.679575078125000118e+02,-8.143180651232719924e+01
4.679578007812500005e+02,-9.144012168497867776e+01
4.679580937499999891e+02,-8.808398395208337206e+01
4.679583867187500346e+02,-8.439424317764043337e+01
4.679586796875000232e+02,-7.520010544949012399e+01
4.679589726562500118e+02,-7.870700862722161162e+01
4.679592656250000005e+02,-9.543221584561513282e+01
4.679595585937499891e+02,-7.506269406291549728e+01
4.679598515625000346e+02,-7.643412753971458073e+01
4.679601445312500232e+02,-8.522721147628551819e+01
4.679604375000000118e+02,-8.312794300486353904e+01
4.679607304687500005e+02,-8.797840667339909260e+01
4.679610234374999891e+02,-9.042474067956521822e+01
4.679613164062500346e+02,-8.931018427506388946e+01
4.679616093750000232e+02,-7.490171514577768619e+01
4.679619023437500118e+02,-7.971533119622772290e+01
4.679621953125000005e+02,-8.540637672285690485e+01
4.679624882812499891e+02,-7.830383154403281765e+01
4.679627812500000346e+02,-8.534074214733492170e+01
4.679630742187500232e+02,-8.999495430463437629e+01
4.679633671875000118e+02,-8.077412110716798566e+01
4.679636601562500005e+02,-8.663076235140613335e+01
4.679639531249999891e+02,-8.383133009876159747e+01
4.679642460937500346e+02,-9.233969587492541109e+01
4.679645390625000232e+02,-7.857714671602192880e+01
4.679648320312500118e+02,-8.308224864688432376e+01
4.679651250000000005e+02,-8.301943190533124550e+01
4.679654179687499891e+02,-8.683321734196006503e+01
4.679657109375000346e+02,-8.583498081994733298e+01
4.679660039062500232e+02,-8.392244212483511490e+01
4.679662968750000118e+02,-8.707025883249572473e+01
4.679665898437500005e+02,-8.828120644770145020e+01
4.679668828124999891e+02,-8.210915869010449342e+01
4.679671757812500346e+02,-8.599366935504934872e+01
4.679674687500000232e+02,-8.199491794932887956e+01
4.679677617187500118e+02,-9.244135265598143292e+01
4.679680546875000005e+02,-9.739623347491595950e+01
4.679683476562499891e+02,-7.507130157688882832e+01
4.679686406250000346e+02,-7.716714122482665061e+01
4.679689335937500232e+02,-8.254257078484002363e+01
4.679692265625000118e+02,-7.378358903053442930e+01
4.679695195312500005e+02,-7.888583626573742436e+01
4.679698124999999891e+02,-9.158246619068343364e+01
4.679701054687500346e+02,-8.119754429459291600e+01
4.679703984375000232e+02,-8.159036447728654196e+01
4.679706914062500118e+02,-9.070093020076970447e+01
4.679709843750000005e+02,-8.055430237545490968e+01
4.679712773437499891e+02,-8.489259445978640883e+01
4.679715703125000346e+02,-8.657646320223108205e+01
4.679718632812500232e+02,-8.367903260123915743e+01
4.679721562500000118e+02,-7.987369594629663538e+01
4.679724492187500005e+02,-7.979236226354153416e+01
4.679727421874999891e+02,-8.124338460284420194e+01
4.679730351562500346e+02,-8.837289158321425475e+01
4.679733281250000232e+02,-8.257247513737125644e+01
4.679736210937500118e+02,-8.042176984619635505e+01
4.679739140625000005e+02,-8.433181209381400834e+01
4.679742070312499891e+02,-8.737149499964432664e+01
4.679745000000000346e+02,-8.073533389391018034e+01
4.679747929687500232e+02,-9.240927067287719865e+01
4.679750859375000118e+02,-7.605029735265989643e+01
4.679753789062500005e+02,-7.460637166370021589e+01
4.679756718749999891e+02,-7.896264662185691918e+01
4.679759648437500346e+02,-8.505071837085233710e+01
4.679762578125000232e+02,-8.289375392351787752e+01
4.679765507812500118e+02,-8.734673517730632852e+01
4.679768437500000005e+02,-8.056770577234937036e+01
4.679771367187499891e+02,-7.538197695673655119e+01
4.679774296875000346e+02,-7.932620377330817973e+01
4.679777226562500232e+02,-8.010591116704264891e+01
4.679780156250000118e+02,-9.302999743058911974e+01
4.679783085937500005e+02,-8.301998590215009699e+01
4.679786015624999891e+02,-8.443315003013697151e+01
4.679788945312500346e+02,-8.609850560248689533e+01
4.679791875000000232e+02,-8.494195764531168891e+01
4.679794804687500118e+02,-8.711836536943937404e+01
4.679797734375000005e+02,-9.837289749796930494e+01
4.679800664062499891e+02,-9.073707157792347289e+01
4.679803593750000346e+02,-8.228308168906367825e+01
4.679806523437500232e+02,-8.356677297983898711e+01
4.679809453125000118e+02,-8.426976382849838387e+01
4.679812382812500005e+02,-8.059917998810101381e+01
4.679815312499999891e+02,-8.056606537953342695e+01
4.679818242187500346e+02,-8.011848650431134899e+01
4.679821171875000232e+02,-8.981705039509614608e+01
4.679824101562500118e+02,-8.619688471033103383e+01
4.679827031250000005e+02,-9.798240914813753477e+01
4.679829960937499891e+02,-9.777149218430145083e+01
4.679832890625000346e+02,-8.183017575294340418e+01
4.679835820312500232e+02,-8.014241340600533192e+01
4.679838750000000118e+02,-8.377523681493592278e+01
4.679841679687500005e+02,-9.316256747401473604e+01
4.679844609374999891e+02,-7.819995892912574220e+01
4.679847539062500346e+02,-7.896171466200540578e+01
4.679850468750000232e+02,-8.734375947041009169e+01
4.679853398437500118e+02,-8.823159719522186606e+01
4.679856328125000005e+02,-8.254394051321661152e+01
4.679859257812499891e+02,-8.609374413073030041e+01
4.679862187500000346e+02,-8.718833468406830889e+01
4.679865117187500232e+02,-8.597551386027203080e+01
4.679868046875000118e+02,-8.228403265825050994e+01
4.679870976562500005e+02,-7.508319671541508455e+01
4.679873906249999891e+02,-7.771441762103198414e+01
4.679876835937500346e+02,-8.795585908275235454e+01
4.679879765625000232e+02,-8.017598495110554779e+01
4.679882695312500118e+02,-8.024743521875868169e+01
4.679885625000000005e+02,-8.592544608256457650e+01
4.679888554687499891e+02,-1.013221503289346117e+02
4.679891484375000346e+02,-8.165773547902011842e+01
4.679894414062500232e+02,-8.508287946798225221e+01
4.679897343750000118e+02,-8.808647553500337324e+01
4.679900273437500005e+02,-8.797542211097501763e+01
4.679903203124999891e+02,-8.739142418560645353e+01
4.679906132812500346e+02,-8.548039682552294494e+01
4.679909062500000232e+02,-9.016361335708285196e+01
4.679911992187500118e+02,-8.346759929189879301e+01
4.679914921875000005e+02,-9.713311212851778009e+01
4.679917851562499891e+02,-7.939730720084428128e+01
4.679920781250000346e+02,-7.698633355445069526e+01
4.679923710937500232e+02,-7.854383944905077897e+01
4.679926640625000118e+02,-8.695442028078849717e+01
4.679929570312500005e+02,-9.426601043476750874e+01
4.679932499999999891e+02,-8.692371888232415245e+01
4.679935429687500346e+02,-8.033336601462127646e+01
4.679938359375000232e+02,-8.213824563165859161e+01
4.679941289062500118e+02,-8.056941786206779454e+01
4.679944218750000005e+02,-8.328315455774414033e+01
4.679947148437499891e+02,-9.265880422204445210e+01
4.679950078125000346e+02,-8.409701321175620592e+01
4.679953007812500232e+02,-8.083468293168027685e+01
4.679955937500000118e+02,-8.916619588625809456e+01
4.679958867187500005e+02,-8.152089576468740972e+01
4.679961796874999891e+02,-7.883557765005805607e+01
4.679964726562500346e+02,-8.535165055181410310e+01
4.679967656250000232e+02,-8.816154151270893635e+01
4.679970585937500118e+02,-8.051688293452505718e+01
4.679973515625000005e+02,-7.843004207410712070e+01
4.679976445312499891e+02,-8.304153831495165150e+01
4.679979375000000346e+02,-9.050133977920928885e+01
4.679982304687500232e+02,-8.290082222920787558e+01
4.679985234375000118e+02,-8.158002219343737238e+01
4.679988164062500005e+02,-8.723301075960338835e+01
4.679991093749999891e+02,-8.374487501552181357e+01
4.679994023437500346e+02,-8.723059394176905812e+01
4.679996953125000232e+02,-7.727649606984350328e+01
4.679999882812500118e+02,-7.557912966274882649e+01
4.680002812500000005e+02,-7.735838704495711227e+01
4.680005742187499891e+02,-8.320029358896795202e+01
4.680008671875000346e+02,-8.628083675614286108e+01
4.680011601562500232e+02,-8.577367769192383662e+01
4.680014531250000118e+02,-8.893520250217635237e+01
4.680017460937500005e+02,-8.422679656563943240e+01
4.680020390624999891e+02,-8.276258101225229780e+01
4.680023320312500346e+02,-8.527439485171888123e+01
4.680026250000000232e+02,-9.135406349263659820e+01
4.680029179687500118e+02,-7.983360895414878655e+01
4.680032109375000005e+02,-8.024416611214063266e+01
4.680035039062499891e+02,-8.493893160041908175e+01
4.680037968750000346e+02,-8.964066098550546258e+01
4.680040898437500232e+02,-8.324706175418610599e+01
4.680043828125000118e+02,-8.689135262091851075e+01
4.680046757812500005e+02,-7.685051499676157505e+01
4.680049687499999891e+02,-8.014863194689283432e+01
4.680052617187500346e+02,-8.310604514894626504e+01
4.680055546875000232e+02,-8.706585878419750202e+01
4.680058476562500118e+02,-1.054444251958192638e+02
4.680061406250000005e+02,-8.597219158179257192e+01
4.680064335937499891e+02,-8.376906664994039886e+01
4.680067265625000346e+02,-8.306827470968505622e+01
4.680070195312500232e+02,-8.535240647405450432e+01
4.680073125000000118e+02,-7.727017645023865100e+01
4.680076054687500005e+02,-7.774928309440150542e+01
4.680078984374999891e+02,-8.762049757076391643e+01
4.680081914062500346e+02,-8.908090293437517460e+01
4.680084843750000232e+02,-8.627484834883127007e+01
4.680087773437500118e+02,-8.451915829332946828e+01
4.680090703125000005e+02,-8.369133135791459210e+01
4.680093632812499891e+02,-8.546320900246790586e+01
4.680096562500000346e+02,-7.910299381319950385e+01
4.680099492187500232e+02,-8.137364576242488567e+01
4.680102421875000118e+02,-8.680221295293085859e+01
4.680105351562500005e+02,-8.095001241476768428e+01
4.680108281249999891e+02,-8.030887371075705516e+01
4.680111210937500346e+02,-8.105775553670683564e+01
4.680114140625000232e+02,-7.582460723961672500e+01
4.680117070312500118e+02,-7.761751759642213244e+01
4.680120000000000005e+02,-8.062254978185387699e+01
4.680122929687499891e+02,-7.666713314034288373e+01
4.680125859375000346e+02,-8.015056578567877921e+01
4.680128789062500232e+02,-8.422232314810193543e+01
4.680131718750000118e+02,-7.812879448772196156e+01
4.680134648437500005e+02,-7.678307467809918307e+01
4.680137578124999891e+02,-8.704677153957712221e+01
4.680140507812500346e+02,-8.711376514525474590e+01
4.680143437500000232e+02,-8.297669401711537773e+01
4.680146367187500118e+02,-8.101064397361292890e+01
4.680149296875000005e+02,-8.987686411420291677e+01
4.680152226562499891e+02,-8.028787588018440147e+01
4.680155156250000346e+02,-8.001141511195521616e+01
4.680158085937500232e+02,-8.878669887552217688e+01
4.680161015625000118e+02,-9.946445754372042813e+01
4.680163945312500005e+02,-9.930851862149786768e+01
4.680166874999999891e+02,-8.441841600457445338e+01
4.680169804687500346e+02,-8.252713843992401621e+01
4.680172734375000232e+02,-8.272656858536826974e+01
4.680175664062500118e+02,-7.834451995865217100e+01
4.680178593750000005e+02,-8.229244094739334514e+01
4.680181523437499891e+02,-9.090640408292574648e+01
4.680184453125000346e+02,-8.788578059042248469e+01
4.680187382812500232e+02,-8.415650721533184253e+01
4.680190312500000118e+02,-8.747359434991693661e+01
4.680193242187500005e+02,-8.651571400724478167e+01
4.680196171874999891e+02,-7.792687842022105826e+01
4.680199101562500346e+02,-8.226161682294400634e+01
4.680202031250000232e+02,-9.088678889226913782e+01
4.680204960937500118e+02,-7.897753720469492578e+01
4.680207890625000005e+02,-7.487519358439710970e+01
4.680210820312499891e+02,-7.977654340277763367e+01
4.680213750000000346e+02,-7.998008476363304453e+01
4.680216679687500232e+02,-8.048556454607503952e+01
4.680219609375000118e+02,-8.416667229288863439e+01
4.680222539062500005e+02,-8.228390389647273651e+01
4.680225468749999891e+02,-7.740251179035210782e+01
4.680228398437500346e+02,-8.109693923168273955e+01
4.680231328125000232e+02,-8.241324569681795253e+01
4.680234257812500118e+02,-7.945850827268975536e+01
4.680237187500000005e+02,-8.787146684882699788e+01
4.680240117187499891e+02,-7.790256515319579478e+01
4.680243046875000346e+02,-7.878951481760124409e+01
4.680245976562500232e+02,-8.289220199081961482e+01
4.680248906250000118e+02,-8.258459866451536868e+01
4.680251835937500005e+02,-8.119850408309112311e+01
4.680254765624999891e+02,-7.828746735622142694e+01
4.680257695312500346e+02,-7.625392435123907831e+01
4.680260625000000232e+02,-8.167802681052077673e+01
4.680263554687500118e+02,-8.323655376627094427e+01
4.680266484375000005e+02,-8.668535729400022660e+01
4.680269414062499891e+02,-8.561835919878879508e+01
4.680272343750000346e+02,-7.835060369165206851e+01
4.680275273437500232e+02,-7.052248833588629395e+01
4.680278203125000118e+02,-7.226856845118743422e+01
4.680281132812500005e+02,-8.580702967145464299e+01
4.680284062499999891e+02,-9.028618125859010490e+01
4.680286992187500346e+02,-8.772410290290814316e+01
4.680289921875000232e+02,-8.743452471227506351e+01
4.680292851562500118e+02,-8.399695732450578589e+01
4.680295781250000005e+02,-8.979586847730367083e+01
4.680298710937499891e+02,-8.341936143964866801e+01
4.680301640625000346e+02,-8.231583786939354752e+01
4.680304570312500232e+02,-8.472723108741790554e+01
4.680307500000000118e+02,-7.911867606935818742e+01
4.680310429687500005e+02,-8.080192199887976301e+01
4.680313359374999891e+02,-8.682338934852332102e+01
4.680316289062500346e+02,-8.324384700487559030e+01
4.680319218750000232e+02,-8.225620423279180216e+01
4.680322148437500118e+02,-7.580502319496149255e+01
4.680325078125000005e+02,-8.063742038950437063e+01
4.680328007812499891e+02,-8.574918180844981919e+01
4.680330937500000346e+02,-8.401859805768337708e+01
4.680333867187500232e+02,-8.350562926341046932e+01
4.680336796875000118e+02,-8.080744217442450861e+01
4.680339726562500005e+02,-7.460516974018467806e+01
4.680342656249999891e+02,-7.870237189861549609e+01
4.680345585937500346e+02,-8.786108651951681736e+01
4.680348515625000232e+02,-8.492953239796273124e+01
4.680351445312500118e+02,-8.061407608217207610e+01
4.680354375000000005e+02,-9.093351919606739386e+01
4.680357304687499891e+02,-8.254327948276053917e+01
4.680360234375000346e+02,-8.040239252527931058e+01
4.680363164062500232e+02,-7.905208695798413032e+01
4.680366093750000118e+02,-8.119906422913263100e+01
4.680369023437500005e+02,-9.172176459044459307e+01
4.680371953124999891e+02,-9.023901182410908461e+01
4.680374882812500346e+02,-8.219786275932811748e+01
4.680377812500000232e+02,-8.609656392162037264e+01
4.680380742187500118e+02,-8.043117163122741431e+01
4.680383671875000005e+02,-8.189434562058571032e+01
4.680386601562499891e+02,-7.282179061981229040e+01
4.680389531250000346e+02,-7.498357151538984056e+01
4.680392460937500232e+02,-8.516504347285932397e+01
4.680395390625000118e+02,-8.744324057199159483e+01
4.680398320312500005e+02,-8.205159354616324663e+01
4.680401249999999891e+02,-8.205973845195407534e+01
4.680404179687500346e+02,-7.902853987772755318e+01
4.680407109375000232e+02,-7.636102285089660313e+01
4.680410039062500118e+02,-7.873300834355950428e+01
4.680412968750000005e+02,-8.749134469121892721e+01
4.680415898437499891e+02,-8.618592896528423353e+01
4.680418828125000346e+02,-8.206829986878793193e+01
4.680421757812500232e+02,-8.078463662358618080e+01
4.680424687500000118e+02,-7.593676924193599120e+01
4.680427617187500005e+02,-8.258203444376002267e+01
4.680430546874999891e+02,-7.918936301746052209e+01
4.680433476562500346e+02,-8.559753903786992169e+01
4.680436406250000232e+02,-7.558265767169100968e+01
4.680439335937500118e+02,-8.045887411849835757e+01
4.680442265625000005e+02,-8.318638837943522901e+01
4.680445195312499891e+02,-8.667913286416465724e+01
4.680448125000000346e+02,-8.129551702791559364e+01
4.680451054687500232e+02,-7.984458162038276896e+01
4.680453984375000118e+02,-8.062035319079600981e+01
4.680456914062500005e+02,-8.577018616819415797e+01
4.680459843749999891e+02,-8.130096220289934195e+01
4.680462773437500346e+02,-7.945544462931410123e+01
4.680465703125000232e+02,-8.471679542645119909e+01
4.680468632812500118e+02,-7.808706811849151563e+01
4.680471562500000005e+02,-7.816534607343010066e+01
4.680474492187499891e+02,-8.582787453206135808e+01
4.680477421875000346e+02,-8.350259674469745619e+01
4.680480351562500232e+02,-7.706258757103269375e+01
4.680483281250000118e+02,-7.685881935997186076e+01
4.680486210937500005e+02,-8.533713335161115765e+01
4.680489140624999891e+02,-7.490043701889247529e+01
4.680492070312500346e+02,-7.700357625820481644e+01
4.680495000000000232e+02,-8.134884887049440749e+01
4.680497929687500118e+02,-7.659491985324473262e+01
4.680500859375000005e+02,-9.278041171456401059e+01
4.680503789062499891e+02,-7.892213489567868123e+01
4.680506718750000346e+02,-7.795091814701576993e+01
4.680509648437500232e+02,-7.736369167304211203e+01
4.680512578125000118e+02,-8.101493834179416353e+01
4.680515507812500005e+02,-7.849847330336183404e+01
4.680518437499999891e+02,-7.954034195269238694e+01
4.680521367187500346e+02,-8.649512724015990273e+01
4.680524296875000232e+02,-8.489021900139753996e+01
4.680527226562500118e+02,-9.030942381535953700e+01
4.680530156250000005e+02,-8.650031809507115099e+01
4.680533085937499891e+02,-8.215064929155192885e+01
4.680536015625000346e+02,-9.871389516785448848e+01
4.680538945312500232e+02,-9.236990216243626151e+01
4.680541875000000118e+02,-8.531427985752213772e+01
4.680544804687500005e+02,-8.268300139898441614e+01
4.680547734374999891e+02,-7.572784915559195440e+01
4.680550664062500346e+02,-7.531262372757277035e+01
4.680553593750000232e+02,-8.218435072927356089e+01
4.680556523437500118e+02,-8.534538424379265109e+01
4.680559453125000005e+02,-9.488850187747723908e+01
4.680562382812499891e+02,-8.664855596212289868e+01
4.680565312500000346e+02,-8.294930536178107161e+01
4.680568242187500232e+02,-8.279769470530693809e+01
4.680571171875000118e+02,-7.840234587344427553e+01
4.680574101562500005e+02,-8.488281176308660747e+01
4.680577031249999891e+02,-8.549021829842459397e+01
4.680579960937500346e+02,-8.390255470413237049e+01
4.680582890625000232e+02,-8.227780825836008205e+01
4.680585820312500118e+02,-7.635798051255208918e+01
4.680588750000000005e+02,-7.706109901748033053e+01
4.680591679687499891e+02,-8.305318701646763202e+01
4.680594609375000346e+02,-8.427500299079207480e+01
4.680597539062500232e+02,-8.852148599863244272e+01
4.680600468750000118e+02,-1.057520871702663925e+02
4.680603398437500005e+02,-8.755121796018572411e+01
4.680606328124999891e+02,-9.768203503807751531e+01
4.680609257812500346e+02,-8.391373428119437961e+01
4.680612187500000232e+02,-8.001067788182625407e+01
4.680615117187500118e+02,-7.733995244569629790e+01
4.680618046875000005e+02,-8.310232561653100447e+01
4.680620976562499891e+02,-8.075294796068871506e+01
4.680623906250000346e+02,-8.840717862716343234e+01
4.680626835937500232e+02,-7.956743719729976760e+01
4.680629765625000118e+02,-7.756474788971908652e+01
4.680632695312500005e+02,-8.295979152722493666e+01
4.680635624999999891e+02,-7.609636204565940432e+01
4.680638554687500346e+02,-7.375415743289609338e+01
4.680641484375000232e+02,-7.778106542133529899e+01
4.680644414062500118e+02,-8.600305670952363357e+01
4.680647343750000005e+02,-8.053288208808055515e+01
4.680650273437499891e+02,-7.861697522759916978e+01
4.680653203125000346e+02,-9.398707545885218906e+01
4.680656132812500232e+02,-8.547189914200693295e+01
4.680659062500000118e+02,-8.710721363727481048e+01
4.680661992187500005e+02,-8.141420740184415195e+01
4.680664921874999891e+02,-8.528578120400391072e+01
4.680667851562500346e+02,-8.385035332357901439e+01
4.680670781250000232e+02,-8.107378600074207498e+01
4.680673710937500118e+02,-8.401736670920158190e+01
4.680676640625000005e+02,-8.307012005271167254e+01
4.680679570312499891e+02,-8.030611006453870004e+01
4.680682500000000346e+02,-7.749457577864029645e+01
4.680685429687500232e+02,-7.789138227663366365e+01
4.680688359375000118e+02,-8.980039365781371430e+01
4.680691289062500005e+02,-8.992579362728271519e+01
4.680694218749999891e+02,-8.344040079388177844e+01
4.680697148437500346e+02,-7.817502870248533497e+01
4.680700078125000232e+02,-7.992598506541962422e+01
4.680703007812500118e+02,-8.794019048543695760e+01
4.680705937500000005e+02,-7.643372071537112333e+01
4.680708867187499891e+02,-7.314981992984290571e+01
4.680711796875000346e+02,-7.779973667335882226e+01
4.680714726562500232e+02,-8.532887378735807715e+01
4.680717656250000118e+02,-7.882807225057609912e+01
4.680720585937500005e+02,-8.056306337004937745e+01
4.680723515624999891e+02,-9.257865240336417401e+01
4.680726445312500346e+02,-8.178931810764069610e+01
4.680729375000000232e+02,-7.576115456027557116e+01
4.680732304687500118e+02,-7.710846612295020464e+01
4.680735234375000005e+02,-8.474430830074854271e+01
4.680738164062499891e+02,-7.951163921175036364e+01
4.680741093750000346e+02,-8.281309114419401851e+01
4.680744023437500232e+02,-7.843103619893902589e+01
4.680746953125000118e+02,-8.108828963667741618e+01
4.680749882812500005e+02,-9.629608200913288840e+01
4.680752812499999891e+02,-9.761604002639366229e+01
4.680755742187500346e+02,-8.617908749459087403e+01
4.680758671875000232e+02,-7.582184391692165093e+01
4.680761601562500118e+02,-7.607914688007235782e+01
4.680764531250000005e+02,-8.383031267057559432e+01
4.680767460937499891e+02,-8.475922500979751817e+01
4.680770390625000346e+02,-7.668259293330648063e+01
4.680773320312500232e+02,-7.906796812587305112e+01
4.680776250000000118e+02,-8.424976840578321458e+01
4.680779179687500005e+02,-8.108670267783008967e+01
4.680782109374999891e+02,-8.497937749028970700e+01
4.680785039062500346e+02,-9.156914111232791242e+01
4.680787968750000232e+02,-8.953171371719960803e+01
4.680790898437500118e+02,-8.594472570617467966e+01
4.680793828125000005e+02,-8.725522536792806250e+01
4.680796757812499891e+02,-8.922274261828562203e+01
4.680799687500000346e+02,-8.275138090444103511e+01
4.680802617187500232e+02,-7.879041414274026067e+01
4.680805546875000118e+02,-8.050454380481647831e+01
4.680808476562500005e+02,-8.712687000626496570e+01
4.680811406249999891e+02,-7.665576925667669173e+01
4.680814335937500346e+02,-8.001632804393864262e+01
4.680817265625000232e+02,-7.854343288821020508e+01
4.680820195312500118e+02,-8.587163171007703966e+01
4.680823125000000005e+02,-9.683354598143311875e+01
4.680826054687499891e+02,-8.907428852344423831e+01
4.680828984375000346e+02,-7.964775854783903242e+01
4.680831914062500232e+02,-8.423950054830942236e+01
4.680834843750000118e+02,-8.297691737968351333e+01
4.680837773437500005e+02,-7.634981511095213591e+01
4.680840703124999891e+02,-7.649522776190137563e+01
4.680843632812500346e+02,-7.626104162770103301e+01
4.680846562500000232e+02,-7.703197798797478413e+01
4.680849492187500118e+02,-7.575286283958836009e+01
4.680852421875000005e+02,-8.575372407829719634e+01
4.680855351562499891e+02,-8.124585490205080873e+01
4.680858281250000346e+02,-7.640264434674891447e+01
4.680861210937500232e+02,-7.455929256464668242e+01
4.680864140625000118e+02,-7.384280346364232628e+01
4.680867070312500005e+02,-7.875317212372499398e+01
4.680869999999999891e+02,-8.929010146305472517e+01
4.680872929687500346e+02,-8.525195255763779301e+01
4.680875859375000232e+02,-9.672390763889615073e+01
4.680878789062500118e+02,-8.251885046519311118e+01
4.680881718750000005e+02,-8.438541524155368734e+01
4.680884648437499891e+02,-8.774620145931395143e+01
4.680887578125000346e+02,-8.915118163260096651e+01
4.680890507812500232e+02,-7.988056465790526772e+01
4.680893437500000118e+02,-8.408466101912777901e+01
4.680896367187500005e+02,-8.636730942141952028e+01
4.680899296874999891e+02,-8.029268739343997652e+01
4.680902226562500346e+02,-8.441762742203648884e+01
4.680905156250000232e+02,-8.777792485153329949e+01
4.680908085937500118e+02,-7.908297870497607107e+01
4.680911015625000005e+02,-8.097727671450800813e+01
4.680913945312499891e+02,-8.417496393005075106e+01
4.680916875000000346e+02,-8.090177878361512853e+01
4.680919804687500232e+02,-8.229355021091745925e+01
4.680922734375000118e+02,-8.181661110688678207e+01
4.680925664062500005e+02,-8.833621077915961450e+01
4.680928593749999891e+02,-8.638646568210269550e+01
4.680931523437500346e+02,-8.366940602846406705e+01
4.680934453125000232e+02,-8.452913186863432315e+01
4.680937382812500118e+02,-9.069835873458811193e+01
4.680940312500000005e+02,-8.241777804822639553e+01
4.680943242187499891e+02,-7.731011753236695938e+01
4.680946171875000346e+02,-7.896792616435713796e+01
4.680949101562500232e+02,-7.944436376594013893e+01
4.680952031250000118e+02,-7.959220561816583484e+01
4.680954960937500005e+02,-7.997524391006358258e+01
4.680957890624999891e+02,-8.800459490547558516e+01
4.680960820312500346e+02,-8.030961334442031330e+01
4.680963750000000232e+02,-8.252039687396666068e+01
4.680966679687500118e+02,-8.256880323265328059e+01
4.680969609375000005e+02,-8.705990594962980822e+01
4.680972539062499891e+02,-7.949520611138149206e+01
4.680975468750000346e+02,-8.086458924999681130e+01
4.680978398437500232e+02,-8.304085944239363926e+01
4.680981328125000118e+02,-8.849841382462776096e+01
4.680984257812500005e+02,-8.516604576081013533e+01
4.680987187499999891e+02,-8.588028108351113588e+01
4.680990117187500346e+02,-9.367589631087214741e+01
4.680993046875000232e+02,-8.257840185107001219e+01
4.680995976562500118e+02,-8.659808360065983379e+01
4.680998906250000005e+02,-9.233758456805141179e+01
4.681001835937499891e+02,-7.953006373262904560e+01
4.681004765625000346e+02,-8.062122520767823630e+01
4.681007695312500232e+02,-8.022694405265770001e+01
4.681010625000000118e+02,-7.788589659568235390e+01
4.681013554687500005e+02,-7.922604330405312112e+01
4.681016484374999891e+02,-8.146739544855876147e+01
4.681019414062500346e+02,-8.387783493518915634e+01
4.681022343750000232e+02,-7.999618366316380502e+01
4.681025273437500118e+02,-7.765088069415354255e+01
4.681028203125000005e+02,-7.879057885400561645e+01
4.681031132812499891e+02,-7.970033260652118656e+01
4.681034062500000346e+02,-7.467670720509400439e+01
4.681036992187500232e+02,-7.543621543260096018e+01
4.681039921875000118e+02,-7.720727340158978791e+01
4.681042851562500005e+02,-7.962894686313569537e+01
4.681045781249999891e+02,-9.224252695643882305e+01
4.681048710937500346e+02,-8.918960630301278059e+01
4.681051640625000232e+02,-8.505385567581777195e+01
4.681054570312500118e+02,-8.224056742707585954e+01
4.681057500000000005e+02,-9.067828562579707352e+01
4.681060429687499891e+02,-8.677769221208073702e+01
4.681063359375000346e+02,-8.190983396567989416e+01
4.681066289062500232e+02,-8.613017704184838408e+01
4.681069218750000118e+02,-7.882881094787505560e+01
4.681072148437500005e+02,-8.047062967548122003e+01
4.681075078124999891e+02,-8.482275469895895981e+01
4.681078007812500346e+02,-8.442748534289432882e+01
4.681080937500000232e+02,-8.252523373852888255e+01
4.681083867187500118e+02,-8.178014390078466533e+01
4.681086796875000005e+02,-9.027455479833805896e+01
4.681089726562499891e+02,-8.645777345846460094e+01
4.681092656250000346e+02,-8.735466028550075634e+01
4.681095585937500232e+02,-8.413795026053323056e+01
4.681098515625000118e+02,-8.847753824835157843e+01
4.681101445312500005e+02,-8.314329004841097515e+01
4.681104374999999891e+02,-7.937886439344053713e+01
4.681107304687500346e+02,-8.173029738390721377e+01
4.681110234375000232e+02,-8.421559503039298988e+01
4.681113164062500118e+02,-8.804999628484664242e+01
4.681116093750000005e+02,-8.710797364322898773e+01
4.681119023437499891e+02,-8.000238684898441477e+01
4.681121953125000346e+02,-8.739828217500954111e+01
4.681124882812500232e+02,-8.387639576732925661e+01
4.681127812500000118e+02,-8.515870982444585024e+01
4.681130742187500005e+02,-8.061742677177059591e+01
4.681133671874999891e+02,-9.308429235180372530e+01
4.681136601562500346e+02,-8.305745467753038724e+01
4.681139531250000232e+02,-7.914955249665079862e+01
4.681142460937500118e+02,-7.908956099450711008e+01
4.681145390625000005e+02,-8.358129862482894623e+01
4.681148320312499891e+02,-8.231885648035900260e+01
4.681151250000000346e+02,-8.596370814600126664e+01
4.681154179687500232e+02,-8.584098119294051799e+01
4.681157109375000118e+02,-8.318611742815301113e+01
4.681160039062500005e+02,-8.554591430187292644e+01
4.681162968749999891e+02,-8.092717801198644167e+01
4.681165898437500346e+02,-8.360560848981796767e+01
4.681168828125000232e+02,-8.453540743835561955e+01
4.681171757812500118e+02,-8.691483986264019279e+01
4.681174687500000005e+02,-9.823342986085705775e+01
4.681177617187499891e+02,-8.384140183937407187e+01
4.681180546875000346e+02,-8.513947097824087962e+01
4.681183476562500232e+02,-8.358662261345577349e+01
4.681186406250000118e+02,-8.540698722280512811e+01
4.681189335937500005e+02,-7.951185022741169917e+01
4.681192265624999891e+02,-7.905708449485520362e+01
4.681195195312500346e+02,-9.329502493080228476e+01
4.681198125000000232e+02,-8.870862851537890492e+01
4.681201054687500118e+02,-8.023353229237659434e+01
4.681203984375000005e+02,-7.763252266706361127e+01
4.681206914062499891e+02,-8.040331931168336155e+01
4.681209843750000346e+02,-9.221020752204799464e+01
4.681212773437500232e+02,-8.419857147534668229e+01
4.681215703125000118e+02,-8.345604615042984165e+01
4.681218632812500005e+02,-9.731839476143711920e+01
4.681221562499999891e+02,-8.381006580281137985e+01
4.681224492187500346e+02,-8.718785535674723519e+01
4.681227421875000232e+02,-8.234319529784676206e+01
4.681230351562500118e+02,-7.926330305543457655e+01
4.681233281250000005e+02,-7.774808573828640590e+01
4.681236210937499891e+02,-7.770879984360063020e+01
4.681239140625000346e+02,-7.963092954398601364e+01
4.681242070312500232e+02,-9.474865352895403703e+01
4.681245000000000118e+02,-8.445278262085889764e+01
4.681247929687500005e+02,-9.022213582719118108e+01
4.681250859374999891e+02,-8.419692513314357996e+01
4.681253789062500346e+02,-9.245251352024237690e+01
4.681256718750000232e+02,-9.423603510087262691e+01
4.681259648437500118e+02,-8.892014305961228615e+01
4.681262578125000005e+02,-8.640154949893579328e+01
4.681265507812499891e+02,-8.531294056927958991e+01
4.681268437500000346e+02,-9.192990966796544683e+01
4.681271367187500232e+02,-8.384825240561724513e+01
4.681274296875000118e+02,-7.944559960133892673e+01
4.681277226562500005e+02,-9.268850925561000054e+01
4.681280156249999891e+02,-9.011629882931288194e+01
4.681283085937500346e+02,-8.619891120965834830e+01
4.681286015625000232e+02,-8.572492746707087008e+01
4.681288945312500118e+02,-8.395859757808483437e+01
4.681291875000000005e+02,-7.676075669309580007e+01
4.681294804687499891e+02,-7.822425252046289756e+01
4.681297734375000346e+02,-8.059512780312759617e+01
4.681300664062500232e+02,-9.240592893546995867e+01
4.681303593750000118e+02,-8.497797649113286411e+01
4.681306523437500005e+02,-7.633796764702904625e+01
4.681309453124999891e+02,-7.541123338007926691e+01
4.681312382812500346e+02,-8.500327743742690245e+01
4.681315312500000232e+02,-8.014963109801135488e+01
4.681318242187500118e+02,-8.214128321167515878e+01
4.681321171875000005e+02,-8.545420707700984053e+01
4.681324101562499891e+02,-8.340114547942403078e+01
4.681327031250000346e+02,-8.682954543806474135e+01
4.681329960937500232e+02,-8.488415248876565045e+01
4.681332890625000118e+02,-9.064347431099383812e+01
4.681335820312500005e+02,-8.961491665197544876e+01
4.681338749999999891e+02,-8.922759944082406491e+01
4.681341679687500346e+02,-8.292824767458263580e+01
4.681344609375000232e+02,-8.446026557008991631e+01
4.681347539062500118e+02,-8.383568852440903640e+01
4.681350468750000005e+02,-8.414883377326336245e+01
4.681353398437499891e+02,-9.319482630049243710e+01
4.681356328125000346e+02,-8.693663040519010110e+01
4.681359257812500232e+02,-7.937682027371478455e+01
4.681362187500000118e+02,-8.150050380421005514e+01
4.681365117187500005e+02,-1.026854917010643220e+02
4.681368046874999891e+02,-8.880491607628309225e+01
4.681370976562500346e+02,-8.634434878146512915e+01
4.681373906250000232e+02,-8.333815490470789200e+01
4.681376835937500118e+02,-9.011873095660985200e+01
4.681379765625000005e+02,-9.500334097403242595e+01
4.681382695312499891e+02,-8.244434245609301115e+01
4.681385625000000346e+02,-7.940832878799109551e+01
4.681388554687500232e+02,-8.060771483631475576e+01
4.681391484375000118e+02,-8.806617990547599106e+01
4.681394414062500005e+02,-8.902597884905902959e+01
4.681397343749999891e+02,-8.968100356285317787e+01
4.681400273437500346e+02,-8.549576417917788262e+01
4.681403203125000232e+02,-7.983874094046986158e+01
4.681406132812500118e+02,-7.964560564633528372e+01
4.681409062500000005e+02,-8.331443722747323477e+01
4.681411992187499891e+02,-8.129462435081421745e+01
4.681414921875000346e+02,-8.651984164456433746e+01
4.681417851562500232e+02,-8.143910613663408071e+01
4.681420781250000118e+02,-7.827663686423491640e+01
4.681423710937500005e+02,-8.119256215800666610e+01
4.681426640624999891e+02,-8.661126147414387333e+01
4.681429570312500346e+02,-8.741147207488920401e+01
4.681432500000000232e+02,-9.291852501922916474e+01
4.681435429687500118e+02,-9.181023686500311953e+01
4.681438359375000005e+02,-8.910478472159505259e+01
4.681441289062499891e+02,-1.000087431761192249e+02
4.681444218750000346e+02,-8.675796759360055432e+01
4.681447148437500232e+02,-8.245710777906003841e+01
4.681450078125000118e+02,-9.357195885551911374e+01
4.681453007812500005e+02,-8.702418722735419010e+01
4.681455937499999891e+02,-7.966671059113869546e+01
4.681458867187500346e+02,-7.751718417054145505e+01
4.681461796875000232e+02,-8.206859055103527112e+01
4.681464726562500118e+02,-8.809660282961107214e+01
4.681467656250000005e+02,-8.255667258265356168e+01
4.681470585937499891e+02,-7.985259467151314539e+01
4.681473515625000346e+02,-7.983744677737271900e+01
4.681476445312500232e+02,-8.012733643067598166e+01
4.681479375000000118e+02,-7.577218499356989412e+01
4.681482304687500005e+02,-7.883291314193189692e+01
4.681485234374999891e+02,-8.710092562563490048e+01
4.681488164062500346e+02,-8.151655098298844848e+01
4.681491093750000232e+02,-8.044152694438139406e+01
4.681494023437500118e+02,-8.683014983205004000e+01
4.681496953125000005e+02,-8.971953608439490324e+01
4.681499882812499891e+02,-9.045521555254197210e+01
4.681502812500000346e+02,-9.035261454307799056e+01
4.681505742187500232e+02,-9.068357744319884262e+01
4.681508671875000118e+02,-8.763176195509259969e+01
4.681511601562500005e+02,-8.711699655025590516e+01
4.681514531249999891e+02,-8.870593120615916405e+01
4.681517460937500346e+02,-9.117014462819656728e+01
4.681520390625000232e+02,-8.176464264870419640e+01
4.681523320312500118e+02,-8.137574933588099668e+01
4.681526250000000005e+02,-8.681313762304513659e+01
4.681529179687499891e+02,-8.252513926240774822e+01
4.681532109375000346e+02,-7.758628670868452559e+01
4.681535039062500232e+02,-8.023799706797066733e+01
4.681537968750000118e+02,-8.385689552766129395e+01
4.681540898437500005e+02,-8.972888980107710211e+01
4.681543828124999891e+02,-9.253846729074309962e+01
4.681546757812500346e+02,-8.599966021946202943e+01
4.681549687500000232e+02,-8.348694102998294397e+01
4.681552617187500118e+02,-9.198464519458580924e+01
4.681555546875000005e+02,-8.560564044339970735e+01
4.681558476562499891e+02,-8.316138943800692118e+01
4.681561406250000346e+02,-8.351844098992515342e+01
4.681564335937500232e+02,-8.441071850569871060e+01
4.681567265625000118e+02,-9.531443524731203354e+01
4.681570195312500005e+02,-7.985369627803203230e+01
4.681573124999999891e+02,-8.180328478474196174e+01
4.681576054687500346e+02,-8.525941740594673490e+01
4.681578984375000232e+02,-8.702510848117002240e+01
4.681581914062500118e+02,-8.324710353796056950e+01
4.681584843750000005e+02,-9.006814964053032213e+01
4.681587773437499891e+02,-9.160885399196068590e+01
4.681590703125000346e+02,-8.764949251041304024e+01
4.681593632812500232e+02,-8.546484783171221977e+01
4.681596562500000118e+02,-7.910490459878478475e+01
4.681599492187500005e+02,-7.568110320018143966e+01
4.681602421874999891e+02,-7.563710433310721726e+01
4.681605351562500346e+02,-8.394885671325489795e+01
4.681608281250000232e+02,-8.693335634994242866e+01
4.681611210937500118e+02,-8.942643968503369933e+01
4.681614140625000005e+02,-8.983836754074167175e+01
4.681617070312499891e+02,-8.730250797415729380e+01
4.681620000000000346e+02,-8.946680729233381157e+01
4.681622929687500232e+02,-9.212825083138781679e+01
4.681625859375000118e+02,-8.708206673391758557e+01
4.681628789062500005e+02,-8.629021139107771887e+01
4.681631718749999891e+02,-8.512836438130588590e+01
4.681634648437500346e+02,-7.988618544843090774e+01
4.681637578125000232e+02,-9.155785915736356628e+01
4.681640507812500118e+02,-8.646004291095330530e+01
4.681643437500000005e+02,-8.884766435435597032e+01
4.681646367187499891e+02,-1.014353168086631030e+02
4.681649296875000346e+02,-8.918534427226234129e+01
4.681652226562500232e+02,-8.119588133283116349e+01
4.681655156250000118e+02,-8.318073344787504197e+01
4.681658085937500005e+02,-8.368314083118404767e+01
4.681661015624999891e+02,-8.059143603412699974e+01
4.681663945312500346e+02,-7.771111000045317496e+01
4.681666875000000232e+02,-7.662426676505542389e+01
4.681669804687500118e+02,-8.211424931975322750e+01
4.681672734375000005e+02,-8.471841240113379001e+01
4.681675664062499891e+02,-8.390021831964945420e+01
4.681678593750000346e+02,-8.358842557144143370e+01
4.681681523437500232e+02,-7.979373103984042359e+01
4.681684453125000118e+02,-8.662872322348194132e+01
4.681687382812500005e+02,-9.872860024684898406e+01
4.681690312499999891e+02,-8.301558436047884015e+01
4.681693242187500346e+02,-8.653133282210860955e+01
4.681696171875000232e+02,-9.011412240493797299e+01
4.681699101562500118e+02,-8.378993397570000923e+01
4.681702031250000005e+02,-8.454863878141745204e+01
4.681704960937499891e+02,-8.437880978707946156e+01
4.681707890625000346e+02,-7.774262291675975689e+01
4.681710820312500232e+02,-8.927808607263733620e+01
4.681713750000000118e+02,-7.911375035836815073e+01
4.681716679687500005e+02,-9.261430723617807814e+01
4.681719609374999891e+02,-8.068458069804725596e+01
4.681722539062500346e+02,-8.777388485269398188e+01
4.681725468750000232e+02,-7.837908478109820010e+01
4.681728398437500118e+02,-7.955271054087306482e+01
4.681731328125000005e+02,-8.157135497663509227e+01
4.681734257812499891e+02,-8.045344439556778582e+01
4.681737187500000346e+02,-8.765143037004904158e+01
4.681740117187500232e+02,-7.746092924911651778e+01
4.681743046875000118e+02,-8.092232626484316427e+01
4.681745976562500005e+02,-8.343730338305286409e+01
4.681748906249999891e+02,-8.295811777040273682e+01
4.681751835937500346e+02,-8.451850955038737823e+01
4.681754765625000232e+02,-8.505225715505936535e+01
4.681757695312500118e+02,-8.336076376563423196e+01
4.681760625000000005e+02,-8.834217223623289783e+01
4.681763554687499891e+02,-8.020091946436994590e+01
4.681766484375000346e+02,-7.638679354351951645e+01
4.681769414062500232e+02,-7.757860523053552981e+01
4.681772343750000118e+02,-8.455184361205432708e+01
4.681775273437500005e+02,-9.126178600954111175e+01
4.681778203124999891e+02,-8.085365880122340343e+01
4.681781132812500346e+02,-8.331183030446300108e+01
4.681784062500000232e+02,-8.726198020037006131e+01
4.681786992187500118e+02,-8.108599760845734750e+01
4.681789921875000005e+02,-8.087471706019812245e+01
4.681792851562499891e+02,-8.620894583873491968e+01
4.681795781250000346e+02,-9.386399031072730281e+01
4.681798710937500232e+02,-8.503606971456697750e+01
4.681801640625000118e+02,-7.864673602712716161e+01
4.681804570312500005e+02,-8.242159021792873830e+01
4.681807499999999891e+02,-9.363186567752464384e+01
4.681810429687500346e+02,-8.813082977155920616e+01
4.681813359375000232e+02,-8.811129519311654690e+01
4.681816289062500118e+02,-8.173494552908240962e+01
4.681819218750000005e+02,-7.902007574539941004e+01
4.681822148437499891e+02,-8.128175323278935593e+01
4.681825078125000346e+02,-8.509093607429066708e+01
4.681828007812500232e+02,-9.003541396773465522e+01
4.681830937500000118e+02,-8.761243989461858916e+01
4.681833867187500005e+02,-9.401229924479393674e+01
4.681836796874999891e+02,-8.273364314510314443e+01
4.681839726562500346e+02,-8.252725305895725683e+01
4.681842656250000232e+02,-8.389963431002232142e+01
4.681845585937500118e+02,-7.877498062983634952e+01
4.681848515625000005e+02,-8.452275281217991676e+01
4.681851445312499891e+02,-8.564931832193883565e+01
4.681854375000000346e+02,-8.215445830048807352e+01
4.681857304687500232e+02,-7.949834568662294032e+01
4.681860234375000118e+02,-8.121632761570248249e+01
4.681863164062500005e+02,-7.909610198310707574e+01
4.681866093749999891e+02,-8.475766509874155474e+01
4.681869023437500346e+02,-8.898688327096172657e+01
4.681871953125000232e+02,-9.215650248343152384e+01
4.681874882812500118e+02,-8.391482366474251364e+01
4.681877812500000005e+02,-8.935459648023075374e+01
4.681880742187499891e+02,-8.762825274619379456e+01
4.681883671875000346e+02,-8.559542191705148184e+01
4.681886601562500232e+02,-8.398697973922467952e+01
4.681889531250000118e+02,-8.616253440954002940e+01
4.681892460937500005e+02,-8.509501281841794196e+01
4.681895390624999891e+02,-8.647831125987032408e+01
4.681898320312500346e+02,-8.733241777893432811e+01
4.681901250000000232e+02,-8.615693949167321364e+01
4.681904179687500118e+02,-8.031245707211675722e+01
4.681907109375000005e+02,-8.341671642553680499e+01
4.681910039062499891e+02,-8.088032047957742066e+01
4.681912968750000346e+02,-9.066754530066000939e+01
4.681915898437500232e+02,-8.742140063317707188e+01
4.681918828125000118e+02,-7.932588408991284723e+01
4.681921757812500005e+02,-8.010979009213136237e+01
4.681924687499999891e+02,-8.131561040488429626e+01
4.681927617187500346e+02,-8.690788176136813092e+01
4.681930546875000232e+02,-8.895075067354895282e+01
4.681933476562500118e+02,-9.252646374866402823e+01
4.681936406250000005e+02,-9.132259492510476662e+01
4.681939335937499891e+02,-8.282564909394730535e+01
4.681942265625000346e+02,-8.594823605961862256e+01
4.681945195312500232e+02,-9.836554587941760985e+01
4.681948125000000118e+02,-8.441151070301793879e+01
4.681951054687500005e+02,-8.342291364638298035e+01
4.681953984374999891e+02,-8.012312085281492102e+01
4.681956914062500346e+02,-7.969967562422775131e+01
4.681959843750000232e+02,-8.186162329352407596e+01
4.681962773437500118e+02,-7.962823737296065474e+01
4.681965703125000005e+02,-8.418669724891152839e+01
4.681968632812499891e+02,-9.545662183165043757e+01
4.681971562500000346e+02,-1.053521180003955351e+02
4.681974492187500232e+02,-9.672254954986735243e+01
4.681977421875000118e+02,-9.002168315678576960e+01
4.681980351562500005e+02,-8.848649804209725289e+01
4.681983281249999891e+02,-8.007469953643459348e+01
4.681986210937500346e+02,-8.274396270312269053e+01
4.681989140625000232e+02,-8.492445041351584223e+01
4.681992070312500118e+02,-7.917403332777313096e+01
4.681995000000000005e+02,-8.226745033996951406e+01
4.681997929687499891e+02,-8.348510175777300901e+01
4.682000859375000346e+02,-8.766487743355301632e+01
4.682003789062500232e+02,-8.169360394491093302e+01
4.682006718750000118e+02,-8.378726239540279153e+01
4.682009648437500005e+02,-8.102127684876697344e+01
4.682012578124999891e+02,-8.593991591361940152e+01
4.682015507812500346e+02,-8.106027651016624702e+01
4.682018437500000232e+02,-8.231276004618743514e+01
4.682021367187500118e+02,-9.102298745371200539e+01
4.682024296875000005e+02,-8.522723875608777178e+01
4.682027226562499891e+02,-8.235718810802352152e+01
4.682030156250000346e+02,-8.489066390575794685e+01
4.682033085937500232e+02,-8.227769941877794224e+01
4.682036015625000118e+02,-8.248082037503336039e+01
4.682038945312500005e+02,-9.422645349409486926e+01
4.682041874999999891e+02,-8.822630069295811950e+01
4.682044804687500346e+02,-8.940888843570672861e+01
4.682047734375000232e+02,-8.144009657743453090e+01
4.682050664062500118e+02,-8.211858287979779902e+01
4.682053593750000005e+02,-9.152307859782195010e+01
4.682056523437499891e+02,-8.294728888136418732e+01
4.682059453125000346e+02,-7.817023749133281285e+01
4.682062382812500232e+02,-1.005016464188085763e+02
4.682065312500000118e+02,-8.581081914841135472e+01
4.682068242187500005e+02,-8.164246426475641272e+01
4.682071171874999891e+02,-7.963624174845476489e+01
4.682074101562500346e+02,-8.450331028415106971e+01
4.682077031250000232e+02,-9.338969117152495869e+01
4.682079960937500118e+02,-8.654080408713198835e+01
4.682082890625000005e+02,-8.101016469781383478e+01
4.682085820312499891e+02,-7.725261060060992691e+01
4.682088750000000346e+02,-7.771616613234053261e+01
4.682091679687500232e+02,-9.582289478702024610e+01
4.682094609375000118e+02,-7.894392162772508925e+01
4.682097539062500005e+02,-7.742420153497236868e+01
4.682100468749999891e+02,-7.833880997748178743e+01
4.682103398437500346e+02,-8.374076272582877323e+01
4.682106328125000232e+02,-8.523435870830574856e+01
4.682109257812500118e+02,-8.455257496621217683e+01
4.682112187500000005e+02,-8.624847039309025831e+01
4.682115117187499891e+02,-8.534287410866636492e+01
4.682118046875000346e+02,-8.456367885503610182e+01
4.682120976562500232e+02,-9.084198033431080432e+01
4.682123906250000118e+02,-8.565226193664062748e+01
4.682126835937500005e+02,-8.465228395863037747e+01
4.682129765624999891e+02,-9.035846407455713347e+01
4.682132695312500346e+02,-9.496524645611222581e+01
4.682135625000000232e+02,-8.387516732459070568e+01
4.682138554687500118e+02,-7.920380328220572608e+01
4.682141484375000005e+02,-9.046798725484579506e+01
4.682144414062499891e+02,-9.309079704006603606e+01
4.682147343750000346e+02,-8.123011429474266265e+01
4.682150273437500232e+02,-7.981629859063491494e+01
4.682153203125000118e+02,-8.363110403481215371e+01
4.682156132812500005e+02,-8.852483384295734936e+01
4.682159062499999891e+02,-8.332289335894982685e+01
4.682161992187500346e+02,-8.711966896801388316e+01
4.682164921875000232e+02,-8.206496186004109461e+01
4.682167851562500118e+02,-8.348751221162332570e+01
4.682170781250000005e+02,-8.131363318425692910e+01
4.682173710937499891e+02,-8.252669539949519617e+01
4.682176640625000346e+02,-7.851219948978830132e+01
4.682179570312500232e+02,-8.057602535728962323e+01
4.682182500000000118e+02,-8.186992185835207181e+01
4.682185429687500005e+02,-8.038212497225049447e+01
4.682188359374999891e+02,-9.313077265523104131e+01
4.682191289062500346e+02,-8.685296293590722883e+01
4.682194218750000232e+02,-9.400184028689962190e+01
4.682197148437500118e+02,-8.100398935900929587e+01
4.682200078125000005e+02,-8.288872429049382617e+01
4.682203007812499891e+02,-9.257975179330995275e+01
4.682205937500000346e+02,-8.410417949074498267e+01
4.682208867187500232e+02,-9.225860085004785560e+01
4.682211796875000118e+02,-8.225113888052689504e+01
4.682214726562500005e+02,-8.062590912925128350e+01
4.682217656249999891e+02,-8.075387516576461167e+01
4.682220585937500346e+02,-8.838002294291558769e+01
4.682223515625000232e+02,-1.124025032582799355e+02
4.682226445312500118e+02,-8.210430990672371365e+01
4.682229375000000005e+02,-9.423629253318701160e+01
4.682232304687499891e+02,-8.509920719266239075e+01
4.682235234375000346e+02,-8.236887166343807110e+01
4.682238164062500232e+02,-9.064324694565199536e+01
4.682241093750000118e+02,-9.241477968375389196e+01
4.682244023437500005e+02,-9.044490675504368937e+01
4.682246953124999891e+02,-9.334673787701389358e+01
4.682249882812500346e+02,-9.115909225733989274e+01
4.682252812500000232e+02,-8.516439353391218958e+01
4.682255742187500118e+02,-8.512475151359058145e+01
4.682258671875000005e+02,-8.387111194041901285e+01
4.682261601562499891e+02,-8.933150390407837449e+01
4.682264531250000346e+02,-9.402338655215149288e+01
4.682267460937500232e+02,-8.244103317545436482e+01
4.682270390625000118e+02,-8.091667638167783139e+01
4.682273320312500005e+02,-9.293227122267495588e+01
4.682276249999999891e+02,-8.946535305586969855e+01
4.682279179687500346e+02,-8.842556533831073295e+01
4.682282109375000232e+02,-8.586045477168406137e+01
4.682285039062500118e+02,-8.149867723176853929e+01
4.682287968750000005e+02,-8.086056694589865401e+01
4.682290898437499891e+02,-8.098900212065194637e+01
4.682293828125000346e+02,-8.202669991258680682e+01
4.682296757812500232e+02,-7.850603779851743980e+01
4.682299687500000118e+02,-7.998601010640821585e+01
4.682302617187500005e+02,-8.758463108157587840e+01
4.682305546874999891e+02,-8.445743127617473078e+01
4.682308476562500346e+02,-8.429428245229931349e+01
4.682311406250000232e+02,-8.700766210102904097e+01
4.682314335937500118e+02,-8.482361112122661950e+01
4.682317265625000005e+02,-8.053125191136219030e+01
4.682320195312499891e+02,-8.246917551347009123e+01
4.682323125000000346e+02,-8.663165037091408749e+01
4.682326054687500232e+02,-8.525071146017374701e+01
4.682328984375000118e+02,-8.769792561385321505e+01
4.682331914062500005e+02,-8.974281670299261293e+01
4.682334843749999891e+02,-8.138420841749041301e+01
4.682337773437500346e+02,-8.318025622639426331e+01
4.682340703125000232e+02,-8.089123187469981247e+01
4.682343632812500118e+02,-8.120158045262671465e+01
4.682346562500000005e+02,-8.423724534370938954e+01
4.682349492187499891e+02,-8.501135523029616081e+01
4.682352421875000346e+02,-8.229704376795110932e+01
4.682355351562500232e+02,-9.106796288038955822e+01
4.682358281250000118e+02,-8.296852670571314547e+01
4.682361210937500005e+02,-8.126573786866555338e+01
4.682364140624999891e+02,-9.432347991359119987e+01
4.682367070312500346e+02,-9.154963119480952116e+01
4.682370000000000232e+02,-9.138573493749639454e+01
4.682372929687500118e+02,-8.917090759881028816e+01
4.682375859375000005e+02,-8.215108052565750540e+01
4.682378789062499891e+02,-8.461907597014105420e+01
4.682381718750000346e+02,-8.401468290979468634e+01
4.682384648437500232e+02,-9.630240109365860235e+01
4.682387578125000118e+02,-8.680318185103688222e+01
4.682390507812500005e+02,-8.618559154456725935e+01
4.682393437499999891e+02,-8.325868717750169878e+01
4.682396367187500346e+02,-8.274690637795697512e+01
4.682399296875000232e+02,-9.508108668651792073e+01
4.682402226562500118e+02,-1.019987874660250071e+02
4.682405156250000005e+02,-9.055074845583958165e+01
4.682408085937499891e+02,-8.217004805680907964e+01
4.682411015625000346e+02,-9.134672083255944131e+01
4.682413945312500232e+02,-8.204272440773303288e+01
4.682416875000000118e+02,-7.769602020365705641e+01
4.682419804687500005e+02,-8.743303905821207422e+01
4.682422734374999891e+02,-8.406372440956670289e+01
4.682425664062500346e+02,-8.515545730528194213e+01
4.682428593750000232e+02,-8.940923474052992503e+01
4.682431523437500118e+02,-9.061943558263513410e+01
4.682434453125000005e+02,-9.095081381451443292e+01
4.682437382812499891e+02,-8.196777144414708971e+01
4.682440312500000346e+02,-8.333243497331123706e+01
4.682443242187500232e+02,-8.709621278605892769e+01
4.682446171875000118e+02,-8.897811121833393599e+01
4.682449101562500005e+02,-8.144039892750095078e+01
4.682452031249999891e+02,-7.968822367686426844e+01
4.682454960937500346e+02,-8.278612992575378371e+01
4.682457890625000232e+02,-9.371942190596982414e+01
4.682460820312500118e+02,-9.056549965567251093e+01
4.682463750000000005e+02,-8.646574917743149058e+01
4.682466679687499891e+02,-8.794746309089616432e+01
4.682469609375000346e+02,-9.272941224465724019e+01
4.682472539062500232e+02,-8.728274655402181281e+01
4.682475468750000118e+02,-9.270147368488147777e+01
4.682478398437500005e+02,-8.900904695351498219e+01
4.682481328124999891e+02,-8.046041165519372385e+01
4.682484257812500346e+02,-7.586899950432896844e+01
4.682487187500000232e+02,-7.977890943968031934e+01
4.682490117187500118e+02,-8.144407494908689671e+01
4.682493046875000005e+02,-8.153641178587812988e+01
4.682495976562499891e+02,-8.575035075475312851e+01
4.682498906250000346e+02,-9.077867902097395358e+01
4.682501835937500232e+02,-1.159714221979555617e+02
4.682504765625000118e+02,-9.036688352051280049e+01
4.682507695312500005e+02,-8.009666405842934012e+01
4.682510624999999891e+02,-7.693335066504236863e+01
4.682513554687500346e+02,-8.092907061584367057e+01
4.682516484375000232e+02,-9.996406370802758090e+01
4.682519414062500118e+02,-8.922258497868668314e+01
4.682522343750000005e+02,-9.026659198368224679e+01
4.682525273437499891e+02,-9.223237085421713743e+01
4.682528203125000346e+02,-8.146490443613400600e+01
4.682531132812500232e+02,-7.897519608666652857e+01
4.682534062500000118e+02,-8.412953730673230268e+01
4.682536992187500005e+02,-8.343827487900091455e+01
4.682539921874999891e+02,-7.845404524171983951e+01
4.682542851562500346e+02,-8.312358830342839155e+01
4.682545781250000232e+02,-1.010571812195190660e+02
4.682548710937500118e+02,-9.420559746000827772e+01
4.682551640625000005e+02,-9.494264676111811241e+01
4.682554570312499891e+02,-9.158230781492348171e+01
4.682557500000000346e+02,-9.309673405819202685e+01
4.682560429687500232e+02,-8.122905108959123766e+01
4.682563359375000118e+02,-8.818650145736518198e+01
4.682566289062500005e+02,-9.143452560963498854e+01
4.682569218749999891e+02,-8.687845588751017090e+01
4.682572148437500346e+02,-9.908000347069034319e+01
4.682575078125000232e+02,-8.871411715679555243e+01
4.682578007812500118e+02,-8.537857420174972845e+01
4.682580937500000005e+02,-7.972965125885635018e+01
4.682583867187499891e+02,-9.205088425892066084e+01
4.682586796875000346e+02,-8.551858443573756574e+01
4.682589726562500232e+02,-1.062670288626735555e+02
4.682592656250000118e+02,-8.681981259959570707e+01
4.682595585937500005e+02,-9.581705509042959079e+01
4.682598515624999891e+02,-8.600947436938724877e+01
4.682601445312500346e+02,-7.860512144682087410e+01
4.682604375000000232e+02,-8.571516755705533797e+01
4.682607304687500118e+02,-9.775541576993273907e+01
4.682610234375000005e+02,-8.912732350320480634e+01
4.682613164062499891e+02,-8.647989041745206862e+01
4.682616093750000346e+02,-8.080770301831699953e+01
4.682619023437500232e+02,-8.447252444717507558e+01
4.682621953125000118e+02,-8.805612715938812585e+01
4.682624882812500005e+02,-8.411618932710376839e+01
4.682627812499999891e+02,-8.469069817346849049e+01
4.682630742187500346e+02,-8.900693355636464332e+01
4.682633671875000232e+02,-9.250459042210988514e+01
4.682636601562500118e+02,-8.777429810240938934e+01
4.682639531250000005e+02,-8.818755828209178560e+01
4.682642460937499891e+02,-8.615569399746810575e+01
4.682645390625000346e+02,-9.302105208671584080e+01
4.682648320312500232e+02,-8.523245802520405334e+01
4.682651250000000118e+02,-8.168044925448116089e+01
4.682654179687500005e+02,-8.303142982887585788e+01
4.682657109374999891e+02,-8.996231260575473243e+01
4.682660039062500346e+02,-8.352448225962389472e+01
4.682662968750000232e+02,-8.427334607788179710e+01
4.682665898437500118e+02,-8.370352332917852323e+01
4.682668828125000005e+02,-8.644358430749289823e+01
4.682671757812499891e+02,-8.558261743610830763e+01
4.682674687500000346e+02,-8.236778464507153785e+01
4.682677617187500232e+02,-7.992465069642145181e+01
4.682680546875000118e+02,-8.377539707469230734e+01
4.682683476562500005e+02,-8.468990810396043400e+01
4.682686406249999891e+02,-8.084534693681112572e+01
4.682689335937500346e+02,-9.502311287828499076e+01
4.682692265625000232e+02,-8.185089726990139525e+01
4.682695195312500118e+02,-8.331952793661714907e+01
4.682698125000000005e+02,-8.873515363185539684e+01
4.682701054687499891e+02,-8.920740730215733549e+01
4.682703984375000346e+02,-8.730671434769837447e+01
4.682706914062500232e+02,-8.978936282267866886e+01
4.682709843750000118e+02,-8.145490774583619498e+01
4.682712773437500005e+02,-8.373719486940922252e+01
4.682715703124999891e+02,-9.084923374580669986e+01
4.682718632812500346e+02,-8.576345378469639513e+01
4.682721562500000232e+02,-8.359924614545147392e+01
4.682724492187500118e+02,-8.339390389002656434e+01
4.682727421875000005e+02,-8.002516746602142916e+01
4.682730351562499891e+02,-8.242396624019703211e+01
4.682733281250000346e+02,-8.410017789089921791e+01
4.682736210937500232e+02,-8.971435438063679157e+01
4.682739140625000118e+02,-8.532691946218037060e+01
4.682742070312500005e+02,-7.956223533003753801e+01
4.682744999999999891e+02,-8.008741772128135494e+01
4.682747929687500346e+02,-8.062137243298123224e+01
4.682750859375000232e+02,-7.869258814020406589e+01
4.682753789062500118e+02,-8.011454238724883226e+01
4.682756718750000005e+02,-8.309239859279934137e+01
4.682759648437499891e+02,-8.496484897081251120e+01
4.682762578125000346e+02,-8.460824313359240989e+01
4.682765507812500232e+02,-8.211292963952624291e+01
4.682768437500000118e+02,-8.698541737829488341e+01
4.682771367187500005e+02,-1.011592854966612123e+02
4.682774296874999891e+02,-9.593920951292959387e+01
4.682777226562500346e+02,-9.070184398644799728e+01
4.682780156250000232e+02,-8.202298137200669714e+01
4.682783085937500118e+02,-7.869874883925319864e+01
4.682786015625000005e+02,-8.019333346687605513e+01
4.682788945312499891e+02,-8.058358758834390301e+01
4.682791875000000346e+02,-8.110575847982258324e+01
4.682794804687500232e+02,-8.322006029726281895e+01
4.682797734375000118e+02,-8.798282639230536972e+01
4.682800664062500005e+02,-9.329190534358139075e+01
4.682803593749999891e+02,-8.290651047674012375e+01
4.682806523437500346e+02,-9.423924653590206901e+01
4.682809453125000232e+02,-8.762115282403341610e+01
4.682812382812500118e+02,-8.919160619925760614e+01
4.682815312500000005e+02,-8.982309411482742689e+01
4.682818242187499891e+02,-8.528249556708131252e+01
4.682821171875000346e+02,-8.074171856006026360e+01
4.682824101562500232e+02,-7.907667703816794358e+01
4.682827031250000118e+02,-7.859927871556156731e+01
4.682829960937500005e+02,-8.173904202996253332e+01
4.682832890624999891e+02,-9.090226458533400944e+01
4.682835820312500346e+02,-8.377321444828824326e+01
4.682838750000000232e+02,-8.071811658824043434e+01
4.682841679687500118e+02,-8.708505643723486855e+01
4.682844609375000005e+02,-9.010237389196943525e+01
4.682847539062499891e+02,-9.653906641002735967e+01
4.682850468750000346e+02,-8.438531341842507061e+01
4.682853398437500232e+02,-8.238940326132677683e+01
4.682856328125000118e+02,-8.721048558824207930e+01
4.682859257812500005e+02,-9.612219562930363281e+01
4.682862187499999891e+02,-8.127377953062698168e+01
4.682865117187500346e+02,-7.953943287060656075e+01
4.682868046875000232e+02,-8.729948906703819489e+01
4.682870976562500118e+02,-9.686994104244872972e+01
4.682873906250000005e+02,-9.017041479543713933e+01
4.682876835937499891e+02,-8.381718097376085552e+01
4.682879765625000346e+02,-9.170662456115704231e+01
4.682882695312500232e+02,-9.913657250820892841e+01
4.682885625000000118e+02,-8.759890725398616951e+01
4.682888554687500005e+02,-8.500301739646968713e+01
4.682891484374999891e+02,-8.182421473101675247e+01
4.682894414062500346e+02,-9.012561779102301784e+01
4.682897343750000232e+02,-8.551425859574973742e+01
4.682900273437500118e+02,-8.636000141099378880e+01
4.682903203125000005e+02,-8.437791852324495778e+01
4.682906132812499891e+02,-8.297379622123160914e+01
4.682909062500000346e+02,-8.281297355002001837e+01
4.682911992187500232e+02,-7.965382384779688607e+01
4.682914921875000118e+02,-7.665587468201158572e+01
4.682917851562500005e+02,-7.866382489821508273e+01
4.682920781249999891e+02,-8.661398563744414503e+01
4.682923710937500346e+02,-8.329653524313316382e+01
4.682926640625000232e+02,-7.956483913407001296e+01
4.682929570312500118e+02,-8.286450256956756277e+01
4.682932500000000005e+02,-8.423659828115789594e+01
4.682935429687499891e+02,-8.339808174508596039e+01
4.682938359375000346e+02,-7.951263991175449064e+01
4.682941289062500232e+02,-8.133484115231958356e+01
4.682944218750000118e+02,-8.259692889666654025e+01
4.682947148437500005e+02,-8.591712602875202265e+01
4.682950078124999891e+02,-8.461644256622608395e+01
4.682953007812500346e+02,-8.825930486372477901e+01
4.682955937500000232e+02,-8.579686338761172237e+01
4.682958867187500118e+02,-8.095204244673865901e+01
4.682961796875000005e+02,-8.339990960448785984e+01
4.682964726562499891e+02,-8.843853489559836589e+01
4.682967656250000346e+02,-8.643685192376283055e+01
4.682970585937500232e+02,-8.419811595507158586e+01
4.682973515625000118e+02,-8.416950760348134963e+01
4.682976445312500005e+02,-9.264496174263311445e+01
4.682979374999999891e+02,-8.431420136882942984e+01
4.682982304687500346e+02,-8.626076063641249903e+01
4.682985234375000232e+02,-8.534556957457654391e+01
4.682988164062500118e+02,-8.533570109493101086e+01
4.682991093750000005e+02,-8.812336359143134246e+01
4.682994023437499891e+02,-8.558892977054320284e+01
4.682996953125000346e+02,-9.415570562283525646e+01
4.682999882812500232e+02,-8.741310687950775105e+01
4.683002812500000118e+02,-8.485886724816234050e+01
4.683005742187500005e+02,-8.496275321667982894e+01
4.683008671874999891e+02,-8.143888384690603743e+01
4.683011601562500346e+02,-8.050303412584072760e+01
4.683014531250000232e+02,-8.776062154545775229e+01
4.683017460937500118e+02,-8.650322649014796639e+01
4.683020390625000005e+02,-8.090768018202624035e+01
4.683023320312499891e+02,-7.963477184259969022e+01
4.683026250000000346e+02,-8.712517695709527743e+01
4.683029179687500232e+02,-8.870013896005696097e+01
4.683032109375000118e+02,-8.411900640152397557e+01
4.683035039062500005e+02,-8.544064583084931996e+01
4.683037968749999891e+02,-8.461197509126115790e+01
4.683040898437500346e+02,-9.486676393798335027e+01
4.683043828125000232e+02,-8.115120587553639098e+01
4.683046757812500118e+02,-8.478492634563244224e+01
4.683049687500000005e+02,-8.944562400629465060e+01
4.683052617187499891e+02,-1.003407424909469370e+02
4.683055546875000346e+02,-9.053163519607443277e+01
4.683058476562500232e+02,-7.935418812088676077e+01
4.683061406250000118e+02,-7.876951295008390730e+01
4.683064335937500005e+02,-8.217438352253020639e+01
4.683067265624999891e+02,-8.242976319136657537e+01
4.683070195312500346e+02,-8.874648986787413207e+01
4.683073125000000232e+02,-8.119171556280186053e+01
4.683076054687500118e+02,-8.604577957676495714e+01
4.683078984375000005e+02,-7.940400928024045868e+01
4.683081914062499891e+02,-7.976280986481648938e+01
4.683084843750000346e+02,-8.198032790337808251e+01
4.683087773437500232e+02,-8.529078863412898670e+01
4.683090703125000118e+02,-8.529354244301933363e+01
4.683093632812500005e+02,-8.851712408445229130e+01
4.683096562499999891e+02,-8.779346009143623064e+01
4.683099492187500346e+02,-7.952940096664698899e+01
4.683102421875000232e+02,-8.229042708789310723e+01
4.683105351562500118e+02,-9.798313537708929744e+01
4.683108281250000005e+02,-8.274837356152302448e+01
4.683111210937499891e+02,-8.262947184620369967e+01
4.683114140625000346e+02,-9.065855838977590508e+01
4.683117070312500232e+02,-7.925147387324832948e+01
4.683120000000000118e+02,-8.712122445936086024e+01
4.683122929687500005e+02,-8.547460308331686463e+01
4.683125859374999891e+02,-9.369627444495381496e+01
4.683128789062500346e+02,-9.016662259328613516e+01
4.683131718750000232e+02,-8.310937158417348769e+01
4.683134648437500118e+02,-8.633520202151031242e+01
4.683137578125000005e+02,-8.409752700402641779e+01
4.683140507812499891e+02,-8.439078279609576327e+01
4.683143437500000346e+02,-7.921461202503589050e+01
4.683146367187500232e+02,-8.336293780701807066e+01
4.683149296875000118e+02,-8.966147724674046060e+01
4.683152226562500005e+02,-8.102287310705976608e+01
4.683155156249999891e+02,-8.092802676159291764e+01
4.683158085937500346e+02,-8.967007365955359433e+01
4.683161015625000232e+02,-9.254756627084178433e+01
4.683163945312500118e+02,-9.225440334507553075e+01
4.683166875000000005e+02,-8.673336365413069871e+01
4.683169804687499891e+02,-8.374436393987025440e+01
4.683172734375000346e+02,-9.063865849469283376e+01
4.683175664062500232e+02,-8.787237130545052821e+01
4.683178593750000118e+02,-8.246260422472134621e+01
4.683181523437500005e+02,-8.016904451667713261e+01
4.683184453124999891e+02,-8.167417921042657269e+01
4.683187382812500346e+02,-8.255006224507417301e+01
4.683190312500000232e+02,-8.315083619097822520e+01
4.683193242187500118e+02,-8.169799063851435506e+01
4.683196171875000005e+02,-9.062242922830810699e+01
4.683199101562499891e+02,-9.008225251135343115e+01
4.683202031250000346e+02,-9.330700750107399699e+01
4.683204960937500232e+02,-8.783475758231516295e+01
4.683207890625000118e+02,-8.953418256923690421e+01
4.683210820312500005e+02,-8.150145075952326579e+01
4.683213749999999891e+02,-7.872025647362013956e+01
4.683216679687500346e+02,-7.922181326823690029e+01
4.683219609375000232e+02,-8.822386469809444520e+01
4.683222539062500118e+02,-9.227350283186009960e+01
4.683225468750000005e+02,-9.464814679346028470e+01
4.683228398437499891e+02,-8.330256295400036493e+01
4.683231328125000346e+02,-8.621897985638756268e+01
4.683234257812500232e+02,-8.163550765826522593e+01
4.683237187500000118e+02,-8.466011647541341745e+01
4.683240117187500005e+02,-8.433181865680313649e+01
4.683243046874999891e+02,-8.195636530547628240e+01
4.683245976562500346e+02,-8.706185267270974748e+01
4.683248906250000232e+02,-9.217100191065586046e+01
4.683251835937500118e+02,-9.175483180265820238e+01
4.683254765625000005e+02,-9.278448812333108719e+01
4.683257695312499891e+02,-8.750952630152832512e+01
4.683260625000000346e+02,-8.039229745477845768e+01
4.683263554687500232e+02,-8.373551090908850369e+01
4.683266484375000118e+02,-8.786851424908437025e+01
4.683269414062500005e+02,-8.205095804562206752e+01
4.683272343749999891e+02,-8.027365272717560174e+01
4.683275273437500346e+02,-7.674676560401249503e+01
4.683278203125000232e+02,-7.667567394815989701e+01
4.683281132812500118e+02,-8.297117156899463453e+01
4.683284062500000005e+02,-1.031628308355332422e+02
4.683286992187499891e+02,-8.414447223685088773e+01
4.683289921875000346e+02,-8.716653421399563229e+01
4.683292851562500232e+02,-9.067814718825584919e+01
4.683295781250000118e+02,-8.159372602746384473e+01
4.683298710937500005e+02,-8.664464666660565229e+01
4.683301640624999891e+02,-8.619216912214965021e+01
4.683304570312500346e+02,-8.848656304430468822e+01
4.683307500000000232e+02,-8.988010928746405170e+01
4.683310429687500118e+02,-8.568396187965014121e+01
4.683313359375000005e+02,-1.025434256190709732e+02
4.683316289062499891e+02,-8.823536247371268360e+01
4.683319218750000346e+02,-7.954033106847866463e+01
4.683322148437500232e+02,-7.955685028352388599e+01
4.683325078125000118e+02,-8.674511912591414386e+01
4.683328007812500005e+02,-8.434802527150937124e+01
4.683330937499999891e+02,-8.317678886370578084e+01
4.683333867187500346e+02,-8.250087429979464559e+01
4.683336796875000232e+02,-8.494842191621512484e+01
4.683339726562500118e+02,-9.422779771191493126e+01
4.683342656250000005e+02,-9.059627865436759464e+01
4.683345585937499891e+02,-8.148283869199217122e+01
4.683348515625000346e+02,-8.302644452976142020e+01
4.683351445312500232e+02,-8.617219334184945012e+01
4.683354375000000118e+02,-9.056572605806401555e+01
4.683357304687500005e+02,-8.982320677499920691e+01
4.683360234374999891e+02,-8.508583425657965904e+01
4.683363164062500346e+02,-8.878250230207491711e+01
4.683366093750000232e+02,-8.906690578063732744e+01
4.683369023437500118e+02,-8.431240617639915058e+01
4.683371953125000005e+02,-9.261073230588296212e+01
4.683374882812499891e+02,-8.673027968897331164e+01
4.683377812500000346e+02,-8.795395319969674119e+01
4.683380742187500232e+02,-9.082780028481614920e+01
4.683383671875000118e+02,-9.029876141112984556e+01
4.683386601562500005e+02,-8.853573284628716067e+01
4.683389531249999891e+02,-8.725600319917289482e+01
4.683392460937500346e+02,-8.082833280079972837e+01
4.683395390625000232e+02,-8.224931880759399405e+01
4.683398320312500118e+02,-8.555781152362044395e+01
4.683401250000000005e+02,-8.720025293678017420e+01
4.683404179687499891e+02,-9.546413116770828822e+01
4.683407109375000346e+02,-8.488106845672666623e+01
4.683410039062500232e+02,-9.238217935523913127e+01
4.683412968750000118e+02,-1.000875182867511768e+02
4.683415898437500005e+02,-8.943749326079182538e+01
4.683418828124999891e+02,-8.799192011462139362e+01
4.683421757812500346e+02,-8.956312121255324143e+01
4.683424687500000232e+02,-8.604459130894447583e+01
4.683427617187500118e+02,-8.328174153041578620e+01
4.683430546875000005e+02,-8.949669487013014191e+01
4.683433476562499891e+02,-9.174225217224316964e+01
4.683436406250000346e+02,-8.538667073661967777e+01
4.683439335937500232e+02,-8.205416053727529402e+01
4.683442265625000118e+02,-7.792208136045354649e+01
4.683445195312500005e+02,-8.546354437576469820e+01
4.683448124999999891e+02,-8.777700087660281270e+01
4.683451054687500346e+02,-8.313855797133041392e+01
4.683453984375000232e+02,-7.763553027432810438e+01
4.683456914062500118e+02,-7.901412712578293451e+01
4.683459843750000005e+02,-8.099900044686593503e+01
4.683462773437499891e+02,-8.132402771291431520e+01
4.683465703125000346e+02,-7.972027658932647398e+01
4.683468632812500232e+02,-8.398555480064098333e+01
4.683471562500000118e+02,-9.432285710881117780e+01
4.683474492187500005e+02,-8.478142712142017956e+01
4.683477421874999891e+02,-8.334870467060049748e+01
4.683480351562500346e+02,-9.596588754147714440e+01
4.683483281250000232e+02,-8.226724674650731117e+01
4.683486210937500118e+02,-8.590165406257580116e+01
4.683489140625000005e+02,-8.250187666944022169e+01
4.683492070312499891e+02,-8.054447196401594056e+01
4.683495000000000346e+02,-9.855649485594048542e+01
4.683497929687500232e+02,-8.984807367194215999e+01
4.683500859375000118e+02,-8.758752195080634806e+01
4.683503789062500005e+02,-7.967786315880472614e+01
4.683506718749999891e+02,-8.851075525991925019e+01
4.683509648437500346e+02,-8.231915787397872464e+01
4.683512578125000232e+02,-8.451736714883020340e+01
4.683515507812500118e+02,-8.484588673370679146e+01
4.683518437500000005e+02,-7.941319327820978913e+01
4.683521367187499891e+02,-7.998882711558141523e+01
4.683524296875000346e+02,-8.873653082102637768e+01
4.683527226562500232e+02,-8.433301071555212047e+01
4.683530156250000118e+02,-8.058557910422373993e+01
4.683533085937500005e+02,-8.032461274966435383e+01
4.683536015624999891e+02,-8.295734628632695262e+01
4.683538945312500346e+02,-9.583766329734864087e+01
4.683541875000000232e+02,-8.411848294509077562e+01
4.683544804687500118e+02,-8.725471993116224212e+01
4.683547734375000005e+02,-1.014024662475912208e+02
4.683550664062499891e+02,-9.176860386841171646e+01
4.683553593750000346e+02,-9.510526883309557888e+01
4.683556523437500232e+02,-1.001727071122025166e+02
4.683559453125000118e+02,-9.038153156678133371e+01
4.683562382812500005e+02,-8.571709576836583722e+01
4.683565312499999891e+02,-8.984322125732100517e+01
4.683568242187500346e+02,-8.806195987725769214e+01
4.683571171875000232e+02,-9.793291480658807302e+01
4.683574101562500118e+02,-8.481739703855555490e+01
4.683577031250000005e+02,-8.484742944286905697e+01
4.683579960937499891e+02,-8.165982969160762650e+01
4.683582890625000346e+02,-8.395372364643280605e+01
4.683585820312500232e+02,-8.837949056599597952e+01
4.683588750000000118e+02,-8.416965364960174156e+01
4.683591679687500005e+02,-8.106534271368757061e+01
4.683594609374999891e+02,-8.845957142393876893e+01
4.683597539062500346e+02,-9.350703291238581016e+01
4.683600468750000232e+02,-8.888670654360488754e+01
4.683603398437500118e+02,-8.700614239606127853e+01
4.683606328125000005e+02,-8.654941698699789754e+01
4.683609257812499891e+02,-8.051867311458971699e+01
4.683612187500000346e+02,-8.337671851147517543e+01
4.683615117187500232e+02,-8.737401825043909298e+01
4.683618046875000118e+02,-8.972719321505076095e+01
4.683620976562500005e+02,-8.916647918051822330e+01
4.683623906249999891e+02,-9.431505201309843756e+01
4.683626835937500346e+02,-1.005257673769826141e+02
4.683629765625000232e+02,-9.701200613692907382e+01
4.683632695312500118e+02,-8.421026480232613665e+01
4.683635625000000005e+02,-8.324452777965922223e+01
4.683638554687499891e+02,-8.375578724976446665e+01
4.683641484375000346e+02,-8.694724349522844875e+01
4.683644414062500232e+02,-7.983318751977024874e+01
4.683647343750000118e+02,-8.262212231507081128e+01
4.683650273437500005e+02,-8.816594298655488160e+01
4.683653203124999891e+02,-8.610361328818932236e+01
4.683656132812500346e+02,-9.991922227493732578e+01
4.683659062500000232e+02,-8.794514183771411808e+01
4.683661992187500118e+02,-8.683068971016950854e+01
4.683664921875000005e+02,-8.262685242089068538e+01
4.683667851562499891e+02,-8.225450806476919752e+01
4.683670781250000346e+02,-8.414335782656044671e+01
4.683673710937500232e+02,-8.826620391828706147e+01
4.683676640625000118e+02,-8.656436815696551434e+01
4.683679570312500005e+02,-9.327162209665694093e+01
4.683682499999999891e+02,-8.712111117004025118e+01
4.683685429687500346e+02,-8.983485323967776992e+01
4.683688359375000232e+02,-9.469377710486968169e+01
4.683691289062500118e+02,-9.013359431752853368e+01
4.683694218750000005e+02,-8.844209812788159297e+01
4.683697148437499891e+02,-9.189640384215508107e+01
4.683700078125000346e+02,-8.121923409132512006e+01
4.683703007812500232e+02,-9.602112739272163822e+01
4.683705937500000118e+02,-8.570971374605076676e+01
4.683708867187500005e+02,-8.405291646285670026e+01
4.683711796874999891e+02,-9.122888172080236302e+01
4.683714726562500346e+02,-9.235497198935213703e+01
4.683717656250000232e+02,-8.508462897329303587e+01
4.683720585937500118e+02,-8.323322193939696945e+01
4.683723515625000005e+02,-8.672608929349294726e+01
4.683726445312499891e+02,-9.115411123299855944e+01
4.683729375000000346e+02,-8.336365047978519272e+01
4.683732304687500232e+02,-8.056325954943700651e+01
4.683735234375000118e+02,-8.911941458851373454e+01
4.683738164062500005e+02,-9.057856897411187447e+01
4.683741093749999891e+02,-8.822255672060748566e+01
4.683744023437500346e+02,-9.434840617249815864e+01
4.683746953125000232e+02,-8.625264488172064148e+01
4.683749882812500118e+02,-8.285581379458622564e+01
4.683752812500000005e+02,-8.059767496923623753e+01
4.683755742187499891e+02,-8.397253068849840929e+01
4.683758671875000346e+02,-9.126202555453444631e+01
4.683761601562500232e+02,-8.717222689474716901e+01
4.683764531250000118e+02,-8.596538487460342992e+01
4.683767460937500005e+02,-8.385637354811437660e+01
4.683770390624999891e+02,-8.781858161954019693e+01
4.683773320312500346e+02,-8.628410672753831534e+01
4.683776250000000232e+02,-8.583798771695755647e+01
4.683779179687500118e+02,-8.307526098691329253e+01
4.683782109375000005e+02,-8.655971497170129680e+01
4.683785039062499891e+02,-8.646690266069745689e+01
4.683787968750000346e+02,-8.086508187576956175e+01
4.683790898437500232e+02,-8.296457708909704820e+01
4.683793828125000118e+02,-9.051187504614331658e+01
4.683796757812500005e+02,-9.215155104272143660e+01
4.683799687499999891e+02,-9.025125370317647366e+01
4.683802617187500346e+02,-8.953343898518434685e+01
4.683805546875000232e+02,-8.696530973782896012e+01
4.683808476562500118e+02,-8.572660635728097134e+01
4.683811406250000005e+02,-9.005539704879105045e+01
4.683814335937499891e+02,-8.569461104940985763e+01
4.683817265625000346e+02,-8.795422150669411110e+01
4.683820195312500232e+02,-8.895122341520266218e+01
4.683823125000000118e+02,-8.577683460747591937e+01
4.683826054687500005e+02,-8.578113203827652455e+01
4.683828984374999891e+02,-8.658833024748898310e+01
4.683831914062500346e+02,-9.234239040412298039e+01
4.683834843750000232e+02,-8.877590576305681225e+01
4.683837773437500118e+02,-8.434371114671451153e+01
4.683840703125000005e+02,-8.225132812824531925e+01
4.683843632812499891e+02,-8.244775985696060161e+01
4.683846562500000346e+02,-8.674398829964704305e+01
4.683849492187500232e+02,-8.743455601690074275e+01
4.683852421875000118e+02,-8.636785671793602148e+01
4.683855351562500005e+02,-8.378966939407712289e+01
4.683858281249999891e+02,-8.352247400712123238e+01
4.683861210937500346e+02,-8.797261582463100638e+01
4.683864140625000232e+02,-8.279851316494142566e+01
4.683867070312500118e+02,-8.020038243881636220e+01
4.683870000000000005e+02,-8.864337906067090955e+01
4.683872929687499891e+02,-8.821902900401340730e+01
4.683875859375000346e+02,-9.497771081549362293e+01
4.683878789062500232e+02,-8.627075619343301582e+01
4.683881718750000118e+02,-8.316775290533469445e+01
4.683884648437500005e+02,-9.115051563145775049e+01
4.683887578124999891e+02,-8.716260009003507037e+01
4.683890507812500346e+02,-8.482094802255245725e+01
4.683893437500000232e+02,-8.067075728520643452e+01
4.683896367187500118e+02,-7.842848166172049673e+01
4.683899296875000005e+02,-8.220772515362376964e+01
4.683902226562499891e+02,-8.560224813476864369e+01
4.683905156250000346e+02,-8.363016697774519059e+01
4.683908085937500232e+02,-8.915889084218073890e+01
4.683911015625000118e+02,-8.802986146497930520e+01
4.683913945312500005e+02,-8.291794347250943531e+01
4.683916874999999891e+02,-8.301844399406274988e+01
4.683919804687500346e+02,-8.288486091764072228e+01
4.683922734375000232e+02,-8.690410276586895577e+01
4.683925664062500118e+02,-1.040518621407931903e+02
4.683928593750000005e+02,-8.650512800373020639e+01
4.683931523437499891e+02,-8.948356342902312122e+01
4.683934453125000346e+02,-8.440642317568483577e+01
4.683937382812500232e+02,-8.503617538651172936e+01
4.683940312500000118e+02,-8.406900849587907487e+01
4.683943242187500005e+02,-8.503729009334813327e+01
4.683946171874999891e+02,-8.854103787683132509e+01
4.683949101562500346e+02,-8.859603001370017239e+01
4.683952031250000232e+02,-8.316730162160901330e+01
4.683954960937500118e+02,-8.526031270162749820e+01
4.683957890625000005e+02,-8.421221697511334980e+01
4.683960820312499891e+02,-8.610792299955642193e+01
4.683963750000000346e+02,-8.792666204858583967e+01
4.683966679687500232e+02,-8.537598450992027210e+01
4.683969609375000118e+02,-9.569237768849296799e+01
4.683972539062500005e+02,-8.990970614770705538e+01
4.683975468749999891e+02,-8.820272577850339246e+01
4.683978398437500346e+02,-8.327874378466923133e+01
4.683981328125000232e+02,-8.638025742161562448e+01
4.683984257812500118e+02,-8.365472804429720100e+01
4.683987187500000005e+02,-8.399919190274675884e+01
4.683990117187499891e+02,-8.755145910681953580e+01
4.683993046875000346e+02,-8.772207319172551365e+01
4.683995976562500232e+02,-8.469957591984568523e+01
4.683998906250000118e+02,-9.249986374834954006e+01
4.684001835937500005e+02,-8.514594055583116017e+01
4.684004765624999891e+02,-1.027495919757263891e+02
4.684007695312500346e+02,-1.091213962798034487e+02
4.684010625000000232e+02,-9.956892198427723883e+01
4.684013554687500118e+02,-9.011213151980385305e+01
4.684016484375000005e+02,-8.815333877979537647e+01
4.684019414062499891e+02,-9.758034888673044804e+01
4.684022343750000346e+02,-8.659591665166006180e+01
4.684025273437500232e+02,-8.823670923519955522e+01
4.684028203125000118e+02,-8.520406762495751707e+01
4.684031132812500005e+02,-8.279288950651640278e+01
4.684034062499999891e+02,-8.311666874478680711e+01
4.684036992187500346e+02,-8.625120317185489682e+01
4.684039921875000232e+02,-9.189028595222964668e+01
4.684042851562500118e+02,-8.652362091949528633e+01
4.684045781250000005e+02,-8.993645235464532561e+01
4.684048710937499891e+02,-8.887210943637434468e+01
4.684051640625000346e+02,-8.656745898775176329e+01
4.684054570312500232e+02,-9.089914009132279205e+01
4.684057500000000118e+02,-9.219895756859975222e+01
4.684060429687500005e+02,-8.399992614927333534e+01
4.684063359374999891e+02,-7.919042516093088580e+01
4.684066289062500346e+02,-8.338693081175256339e+01
4.684069218750000232e+02,-8.079604530803179330e+01
4.684072148437500118e+02,-8.833393426969354323e+01
4.684075078125000005e+02,-8.597023102733078304e+01
4.684078007812499891e+02,-8.135953537567314697e+01
4.684080937500000346e+02,-8.560569554947073811e+01
4.684083867187500232e+02,-8.588190880014204254e+01
4.684086796875000118e+02,-8.433698457617084898e+01
4.684089726562500005e+02,-9.340943355753933020e+01
4.684092656249999891e+02,-8.587811000519761251e+01
4.684095585937500346e+02,-8.337063549764813786e+01
4.684098515625000232e+02,-8.745643129880670585e+01
4.684101445312500118e+02,-9.083439834520083878e+01
4.684104375000000005e+02,-9.086280220321208390e+01
4.684107304687499891e+02,-1.067213555544683175e+02
4.684110234375000346e+02,-8.599439590150009849e+01
4.684113164062500232e+02,-8.603834282644535847e+01
4.684116093750000118e+02,-9.348432571667528634e+01
4.684119023437500005e+02,-9.307337443505815600e+01
4.684121953124999891e+02,-8.389687457793698400e+01
4.684124882812500346e+02,-7.962237454780593282e+01
4.684127812500000232e+02,-8.298820447207478423e+01
4.684130742187500118e+02,-9.864282273700077042e+01
4.684133671875000005e+02,-9.030237534134715816e+01
4.684136601562499891e+02,-8.374601710924514464e+01
4.684139531250000346e+02,-9.002685624229556538e+01
4.684142460937500232e+02,-8.617911179286197410e+01
4.684145390625000118e+02,-8.890215943308268720e+01
4.684148320312500005e+02,-8.267854297034492106e+01
4.684151249999999891e+02,-1.029280294496979309e+02
4.684154179687500346e+02,-8.804625140172100828e+01
4.684157109375000232e+02,-8.452963855368180646e+01
4.684160039062500118e+02,-8.603243689030286134e+01
4.684162968750000005e+02,-8.527551337419095034e+01
4.684165898437499891e+02,-9.162124243545805768e+01
4.684168828125000346e+02,-9.247368285426901480e+01
4.684171757812500232e+02,-9.406030067013810481e+01
4.684174687500000118e+02,-8.958356596601718991e+01
4.684177617187500005e+02,-8.918059607492810414e+01
4.684180546874999891e+02,-8.571706851483969558e+01
4.684183476562500346e+02,-8.119499437060120783e+01
4.684186406250000232e+02,-9.477460079021133765e+01
4.684189335937500118e+02,-8.126427489821452355e+01
4.684192265625000005e+02,-8.776327224192954191e+01
4.684195195312499891e+02,-8.878657457294315236e+01
4.684198125000000346e+02,-9.003336399718091343e+01
4.684201054687500232e+02,-8.507760397803160402e+01
4.684203984375000118e+02,-8.417373603076242716e+01
4.684206914062500005e+02,-8.355196805108712965e+01
4.684209843749999891e+02,-9.992301422738856331e+01
4.684212773437500346e+02,-9.564388855064122197e+01
4.684215703125000232e+02,-8.482517890498682789e+01
4.684218632812500118e+02,-8.325626478922133344e+01
4.684221562500000005e+02,-9.259839833230938666e+01
4.684224492187499891e+02,-8.518154156765234575e+01
4.684227421875000346e+02,-8.506282922061774343e+01
4.684230351562500232e+02,-8.780561143255000900e+01
4.684233281250000118e+02,-7.963143861436563498e+01
4.684236210937500005e+02,-7.867697001852745586e+01
4.684239140624999891e+02,-8.316303160107308656e+01
4.684242070312500346e+02,-8.805753879437567377e+01
4.684245000000000232e+02,-8.940671739226118575e+01
4.684247929687500118e+02,-8.163976712286732607e+01
4.684250859375000005e+02,-8.102702936308320147e+01
4.684253789062499891e+02,-8.262436910505667242e+01
4.684256718750000346e+02,-8.085710127502105138e+01
4.684259648437500232e+02,-8.366507707411975048e+01
4.684262578125000118e+02,-9.581845147637766047e+01
4.684265507812500005e+02,-9.229492581883999947e+01
4.684268437499999891e+02,-8.960508663475066271e+01
4.684271367187500346e+02,-9.341277248804546218e+01
4.684274296875000232e+02,-9.161608041632176480e+01
4.684277226562500118e+02,-8.883333583209802953e+01
4.684280156250000005e+02,-9.172843244764804638e+01
4.684283085937499891e+02,-8.460780377870855773e+01
4.684286015625000346e+02,-9.482249930806958105e+01
4.684288945312500232e+02,-9.169919724937881256e+01
4.684291875000000118e+02,-8.473909772125918494e+01
4.684294804687500005e+02,-7.619630766972066738e+01
4.684297734374999891e+02,-7.731466349910040492e+01
4.684300664062500346e+02,-8.260128337892496120e+01
4.684303593750000232e+02,-9.710090669291851384e+01
4.684306523437500118e+02,-1.026388411970626322e+02
4.684309453125000005e+02,-1.059388204153041215e+02
4.684312382812499891e+02,-8.999380744289308609e+01
4.684315312500000346e+02,-8.858765599061624130e+01
4.684318242187500232e+02,-8.664671493093104004e+01
4.684321171875000118e+02,-8.790243373202649479e+01
4.684324101562500005e+02,-8.448746314792386158e+01
4.684327031249999891e+02,-8.734959941949591666e+01
4.684329960937500346e+02,-8.712275469865586786e+01
4.684332890625000232e+02,-9.190821873509202078e+01
4.684335820312500118e+02,-8.712332754619851016e+01
4.684338750000000005e+02,-9.596941025521960000e+01
4.684341679687499891e+02,-9.221236086726749193e+01
4.684344609375000346e+02,-8.604283674637002832e+01
4.684347539062500232e+02,-8.101614010733345594e+01
4.684350468750000118e+02,-9.201490009351354615e+01
4.684353398437500005e+02,-8.234902675894785773e+01
4.684356328124999891e+02,-1.007092822567614832e+02
4.684359257812500346e+02,-8.242652077232214936e+01
4.684362187500000232e+02,-8.829352822739984674e+01
4.684365117187500118e+02,-9.562098660782024240e+01
4.684368046875000005e+02,-8.140309924163241817e+01
4.684370976562499891e+02,-8.163363979994312558e+01
4.684373906250000346e+02,-8.546049896454351824e+01
4.684376835937500232e+02,-1.020326226160856464e+02
4.684379765625000118e+02,-8.455176762568098070e+01
4.684382695312500005e+02,-8.230361808052704475e+01
4.684385624999999891e+02,-8.257861511293553747e+01
4.684388554687500346e+02,-8.147035886980719965e+01
4.684391484375000232e+02,-8.415358101159945647e+01
4.684394414062500118e+02,-9.046410858239042341e+01
4.684397343750000005e+02,-8.910289336532810012e+01
4.684400273437499891e+02,-8.519309955946296498e+01
4.684403203125000346e+02,-8.644843675092353408e+01
4.684406132812500232e+02,-8.725527933545380677e+01
4.684409062500000118e+02,-8.616042822710574001e+01
4.684411992187500005e+02,-8.577332531706949226e+01
4.684414921874999891e+02,-8.597321880998211441e+01
4.684417851562500346e+02,-8.918063361776114562e+01
4.684420781250000232e+02,-8.533134190135234576e+01
4.684423710937500118e+02,-8.948500477190877689e+01
4.684426640625000005e+02,-8.033676095769524750e+01
4.684429570312499891e+02,-8.144593253257851018e+01
4.684432500000000346e+02,-8.411479453629490877e+01
4.684435429687500232e+02,-8.380403635041193411e+01
4.684438359375000118e+02,-8.555955645808958820e+01
4.684441289062500005e+02,-8.100167529207141115e+01
4.684444218749999891e+02,-8.512936676114669865e+01
4.684447148437500346e+02,-9.094572263392282707e+01
4.684450078125000232e+02,-9.900446640432461720e+01
4.684453007812500118e+02,-9.890358336315819088e+01
4.684455937500000005e+02,-8.784585721314937246e+01
4.684458867187499891e+02,-8.735654886229598048e+01
4.684461796875000346e+02,-8.876270826268589076e+01
4.684464726562500232e+02,-8.326626906691025454e+01
4.684467656250000118e+02,-9.005272276125127462e+01
4.684470585937500005e+02,-8.867094977220625651e+01
4.684473515624999891e+02,-8.334044125527069014e+01
4.684476445312500346e+02,-7.947220294383535588e+01
4.684479375000000232e+02,-8.762555847899507455e+01
4.684482304687500118e+02,-8.787340672870406877e+01
4.684485234375000005e+02,-9.729657697155167284e+01
4.684488164062499891e+02,-8.887786745314171810e+01
4.684491093750000346e+02,-9.105001607001034358e+01
4.684494023437500232e+02,-8.718532484434996377e+01
4.684496953125000118e+02,-8.946174098851915346e+01
4.684499882812500005e+02,-9.542822723146647945e+01
4.684502812499999891e+02,-8.663746823586934909e+01
4.684505742187500346e+02,-8.509948410252562212e+01
4.684508671875000232e+02,-8.539810980465888690e+01
4.684511601562500118e+02,-8.189348635313939440e+01
4.684514531250000005e+02,-9.121293150219138113e+01
4.684517460937499891e+02,-7.996344572287610220e+01
4.684520390625000346e+02,-8.191358605690868444e+01
4.684523320312500232e+02,-9.409895589106234581e+01
4.684526250000000118e+02,-8.743623967949501719e+01
4.684529179687500005e+02,-9.378514764532056347e+01
4.684532109374999891e+02,-8.791074100830027760e+01
4.684535039062500346e+02,-8.600956731913255737e+01
4.684537968750000232e+02,-8.742980346315169982e+01
4.684540898437500118e+02,-9.031851478399030952e+01
4.684543828125000005e+02,-8.854824169913285914e+01
4.684546757812499891e+02,-9.203698816382996029e+01
4.684549687500000346e+02,-9.903418380629817364e+01
4.684552617187500232e+02,-8.501316077610488264e+01
4.684555546875000118e+02,-8.124869077990990718e+01
4.684558476562500005e+02,-8.098156693988306642e+01
4.684561406249999891e+02,-8.806743074846013997e+01
4.684564335937500346e+02,-9.567883211187476888e+01
4.684567265625000232e+02,-8.596945487611742465e+01
4.684570195312500118e+02,-9.345987644322372034e+01
4.684573125000000005e+02,-9.140981542856074782e+01
4.684576054687499891e+02,-9.384901872216693164e+01
4.684578984375000346e+02,-8.602320201690258727e+01
4.684581914062500232e+02,-9.247332359635250043e+01
4.684584843750000118e+02,-8.963946100448012544e+01
4.684587773437500005e+02,-9.267023167678357254e+01
4.684590703124999891e+02,-9.331602428389504666e+01
4.684593632812500346e+02,-8.262731040450995579e+01
4.684596562500000232e+02,-8.281751156627061050e+01
4.684599492187500118e+02,-9.262869775437907549e+01
4.684602421875000005e+02,-8.830485426244827352e+01
4.684605351562499891e+02,-7.931731212802742448e+01
4.684608281250000346e+02,-8.018388065148569410e+01
4.684611210937500232e+02,-8.050446538626263759e+01
4.684614140625000118e+02,-7.627057290009186374e+01
4.684617070312500005e+02,-7.763589326025066839e+01
4.684619999999999891e+02,-8.199035033285741747e+01
4.684622929687500346e+02,-8.570171669101092959e+01
4.684625859375000232e+02,-9.188020633247434432e+01
4.684628789062500118e+02,-8.645825246182512558e+01
4.684631718750000005e+02,-8.730823171511887892e+01
4.684634648437499891e+02,-8.760316964631113024e+01
4.684637578125000346e+02,-9.114020345472349049e+01
4.684640507812500232e+02,-8.489698504799832790e+01
4.684643437500000118e+02,-8.735111656465683438e+01
4.684646367187500005e+02,-9.830402355335326092e+01
4.684649296874999891e+02,-8.762902690506265913e+01
4.684652226562500346e+02,-8.186809229438550517e+01
4.684655156250000232e+02,-8.123336999193000452e+01
4.684658085937500118e+02,-8.410395804262455499e+01
4.684661015625000005e+02,-1.003009247993605868e+02
4.684663945312499891e+02,-9.844139817476292365e+01
4.684666875000000346e+02,-9.638675876566955480e+01
4.684669804687500232e+02,-8.843710330075032289e+01
4.684672734375000118e+02,-8.364646624613979498e+01
4.684675664062500005e+02,-8.150439076963792218e+01
4.684678593749999891e+02,-8.081359363748035207e+01
4.684681523437500346e+02,-9.571875328640919633e+01
4.684684453125000232e+02,-8.509527119334043732e+01
4.684687382812500118e+02,-8.434032970940855023e+01
4.684690312500000005e+02,-8.498002176295118204e+01
4.684693242187499891e+02,-8.481384005321744723e+01
4.684696171875000346e+02,-8.415453988669524676e+01
4.684699101562500232e+02,-8.895773637946066970e+01
4.684702031250000118e+02,-9.897691393691424366e+01
4.684704960937500005e+02,-9.348803795186211119e+01
4.684707890624999891e+02,-8.566174413240254637e+01
4.684710820312500346e+02,-8.893666219762974379e+01
4.684713750000000232e+02,-9.687782296014398753e+01
4.684716679687500118e+02,-1.062397080031072250e+02
4.684719609375000005e+02,-9.453736406577432660e+01
4.684722539062499891e+02,-9.241769721619421318e+01
4.684725468750000346e+02,-8.340672652545734422e+01
4.684728398437500232e+02,-8.233556111149027856e+01
4.684731328125000118e+02,-8.710812564580685091e+01
4.684734257812500005e+02,-8.903077151297185310e+01
4.684737187499999891e+02,-8.421617008391532977e+01
4.684740117187500346e+02,-8.458829679525761946e+01
4.684743046875000232e+02,-9.139073752687359331e+01
4.684745976562500118e+02,-9.122450601323683372e+01
4.684748906250000005e+02,-8.297189228512904435e+01
4.684751835937499891e+02,-8.451943540875340943e+01
4.684754765625000346e+02,-9.070147421780326624e+01
4.684757695312500232e+02,-9.223114802450666616e+01
4.684760625000000118e+02,-8.036702448549540634e+01
4.684763554687500005e+02,-8.709156483656866499e+01
4.684766484374999891e+02,-9.682584159106582433e+01
4.684769414062500346e+02,-9.108142888589566155e+01
4.684772343750000232e+02,-8.403909950352360170e+01
4.684775273437500118e+02,-8.189800959651535095e+01
4.684778203125000005e+02,-7.959678187399836702e+01
4.684781132812499891e+02,-8.032333542268268900e+01
4.684784062500000346e+02,-8.344592656338039660e+01
4.684786992187500232e+02,-8.337916196465515384e+01
4.684789921875000118e+02,-8.652922178082631888e+01
4.684792851562500005e+02,-8.762655850726770268e+01
4.684795781249999891e+02,-8.539945474062366770e+01
4.684798710937500346e+02,-8.765407731847739115e+01
4.684801640625000232e+02,-1.023232707812850606e+02
4.684804570312500118e+02,-8.248054713620560108e+01
4.684807500000000005e+02,-8.791413277300981122e+01
4.684810429687499891e+02,-8.967318878897276591e+01
4.684813359375000346e+02,-9.036178061435835218e+01
4.684816289062500232e+02,-8.121165483321723855e+01
4.684819218750000118e+02,-7.956599225435388689e+01
4.684822148437500005e+02,-1.030965948816477749e+02
4.684825078124999891e+02,-9.180741686879159147e+01
4.684828007812500346e+02,-9.176254580842042685e+01
4.684830937500000232e+02,-8.948342269143515182e+01
4.684833867187500118e+02,-8.999761942856346764e+01
4.684836796875000005e+02,-9.135744127640974455e+01
4.684839726562499891e+02,-8.519317048574507112e+01
4.684842656250000346e+02,-1.056367381285192835e+02
4.684845585937500232e+02,-8.642439935115000083e+01
4.684848515625000118e+02,-8.844347313711895708e+01
4.684851445312500005e+02,-8.400222159540113864e+01
4.684854374999999891e+02,-8.369087723098026288e+01
4.684857304687500346e+02,-8.729598837746667073e+01
4.684860234375000232e+02,-8.537436360610726638e+01
4.684863164062500118e+02,-8.656567050806573604e+01
4.684866093750000005e+02,-8.704150019144138639e+01
4.684869023437499891e+02,-8.501929094455553582e+01
4.684871953125000346e+02,-8.672146281461047579e+01
4.684874882812500232e+02,-8.990366078043305720e+01
4.684877812500000118e+02,-8.629467272934563482e+01
4.684880742187500005e+02,-8.209796093113814663e+01
4.684883671874999891e+02,-8.395189022560387571e+01
4.684886601562500346e+02,-1.015125225337304329e+02
4.684889531250000232e+02,-8.995227679077962080e+01
4.684892460937500118e+02,-8.484921110737525396e+01
4.684895390625000005e+02,-8.380032102901296298e+01
4.684898320312499891e+02,-8.818800546115787142e+01
4.684901250000000346e+02,-8.734971622572768979e+01
4.684904179687500232e+02,-8.875419489703388365e+01
4.684907109375000118e+02,-8.175712483460402780e+01
4.684910039062500005e+02,-8.329283494334917748e+01
4.684912968749999891e+02,-1.040216402576945001e+02
4.684915898437500346e+02,-9.479434526788597282e+01
4.684918828125000232e+02,-8.681775875877693238e+01
4.684921757812500118e+02,-8.452033798236126927e+01
4.684924687500000005e+02,-8.959776271301581119e+01
4.684927617187499891e+02,-8.558131663513735532e+01
4.684930546875000346e+02,-8.183116929259527694e+01
4.684933476562500232e+02,-8.627162847790751243e+01
4.684936406250000118e+02,-8.604544776620782898e+01
4.684939335937500005e+02,-8.823034927136649230e+01
4.684942265624999891e+02,-8.646321967760484029e+01
4.684945195312500346e+02,-9.279531362323945132e+01
4.684948125000000232e+02,-1.033932628905097459e+02
4.684951054687500118e+02,-9.379588019454202197e+01
4.684953984375000005e+02,-9.163988895577104188e+01
4.684956914062499891e+02,-1.082795777037451046e+02
4.684959843750000346e+02,-9.074637829226588792e+01
4.684962773437500232e+02,-8.873376841881341193e+01
4.684965703125000118e+02,-8.990680636833148753e+01
4.684968632812500005e+02,-9.329249146495925515e+01
4.684971562499999891e+02,-9.154428652902241481e+01
4.684974492187500346e+02,-8.660465626057703048e+01
4.684977421875000232e+02,-9.290639300261746314e+01
4.684980351562500118e+02,-8.334917399693416939e+01
4.684983281250000005e+02,-8.796873663795437892e+01
4.684986210937499891e+02,-8.633989136742792425e+01
4.684989140625000346e+02,-8.455797648870940009e+01
4.684992070312500232e+02,-8.718472766639565918e+01
4.684995000000000118e+02,-8.889984838955686541e+01
4.684997929687500005e+02,-8.847027064815051745e+01
4.685000859374999891e+02,-9.111575312688739814e+01
4.685003789062500346e+02,-9.419753022014303667e+01
4.685006718750000232e+02,-8.985382640402077925e+01
4.685009648437500118e+02,-8.932404582865247278e+01
4.685012578125000005e+02,-9.618490414621128082e+01
4.685015507812499891e+02,-9.863208625837975774e+01
4.685018437500000346e+02,-1.007368512379047161e+02
4.685021367187500232e+02,-1.012928888446083562e+02
4.685024296875000118e+02,-8.601307623133217817e+01
4.685027226562500005e+02,-8.396447299607743275e+01
4.685030156249999891e+02,-9.638622395916763708e+01
4.685033085937500346e+02,-9.368581607290960278e+01
4.685036015625000232e+02,-9.108763206849963012e+01
4.685038945312500118e+02,-8.440534634902408584e+01
4.685041875000000005e+02,-8.706822384223947608e+01
4.685044804687499891e+02,-8.615146226790669459e+01
4.685047734375000346e+02,-8.027517488641501586e+01
4.685050664062500232e+02,-8.348956145439478860e+01
4.685053593750000118e+02,-8.240058834420679545e+01
4.685056523437500005e+02,-7.971017637818501100e+01
4.685059453124999891e+02,-8.227333482525460795e+01
4.685062382812500346e+02,-8.632340758207072895e+01
4.685065312500000232e+02,-8.466903445641479209e+01
4.685068242187500118e+02,-8.950031568108316549e+01
4.685071171875000005e+02,-9.060002646869976672e+01
4.685074101562499891e+02,-9.339071920062579579e+01
4.685077031250000346e+02,-8.759720189852104966e+01
4.685079960937500232e+02,-8.294864226224780168e+01
4.685082890625000118e+02,-8.827758975346080206e+01
4.685085820312500005e+02,-9.505594827036588867e+01
4.685088749999999891e+02,-8.851455553582417224e+01
4.685091679687500346e+02,-8.550864288596459062e+01
4.685094609375000232e+02,-9.362956785657863179e+01
4.685097539062500118e+02,-8.965288775924332754e+01
4.685100468750000005e+02,-8.978758824295057650e+01
4.685103398437499891e+02,-9.423664608952384469e+01
4.685106328125000346e+02,-9.206788908294359430e+01
4.685109257812500232e+02,-8.338329541888612084e+01
4.685112187500000118e+02,-9.217932680052257410e+01
4.685115117187500005e+02,-8.461022497496622918e+01
4.685118046874999891e+02,-8.334036472836638154e+01
4.685120976562500346e+02,-8.819361983846577857e+01
4.685123906250000232e+02,-8.759927086152919173e+01
4.685126835937500118e+02,-9.793442683025291728e+01
4.685129765625000005e+02,-8.856888343248733975e+01
4.685132695312499891e+02,-8.593778656994545884e+01
4.685135625000000346e+02,-1.039384970018818706e+02
4.685138554687500232e+02,-9.451355787951345633e+01
4.685141484375000118e+02,-9.614235721975363447e+01
4.685144414062500005e+02,-9.364557137257671116e+01
4.685147343749999891e+02,-9.536463854405170082e+01
4.685150273437500346e+02,-9.746420519581710096e+01
4.685153203125000232e+02,-9.097312783504850131e+01
4.685156132812500118e+02,-9.695565583044439961e+01
4.685159062500000005e+02,-8.578029017543664736e+01
4.685161992187499891e+02,-8.437821785504299044e+01
4.685164921875000346e+02,-9.002494893354082706e+01
4.685167851562500232e+02,-8.693004564623615238e+01
4.685170781250000118e+02,-9.221941216122642970e+01
4.685173710937500005e+02,-9.772498688115433652e+01
4.685176640624999891e+02,-8.501872111187284986e+01
4.685179570312500346e+02,-8.554395324494277020e+01
4.685182500000000232e+02,-8.361050327589863684e+01
4.685185429687500118e+02,-8.467364193516712589e+01
4.685188359375000005e+02,-8.633152279118587558e+01
4.685191289062499891e+02,-9.067647934440961421e+01
4.685194218750000346e+02,-8.717266200474050208e+01
4.685197148437500232e+02,-8.658604210412049440e+01
4.685200078125000118e+02,-9.026969001118472136e+01
4.685203007812500005e+02,-9.142904847972855009e+01
4.685205937499999891e+02,-8.692840904275141156e+01
4.685208867187500346e+02,-8.526343663403875439e+01
4.685211796875000232e+02,-8.565453249333802432e+01
4.685214726562500118e+02,-8.142685356286776255e+01
4.685217656250000005e+02,-8.312046146295364224e+01
4.685220585937499891e+02,-8.503957808014985176e+01
4.685223515625000346e+02,-8.653753163290159023e+01
4.685226445312500232e+02,-8.646139821014416782e+01
4.685229375000000118e+02,-8.459538557625280930e+01
4.685232304687500005e+02,-8.704610283224211287e+01
4.685235234374999891e+02,-1.003444707910418998e+02
4.685238164062500346e+02,-9.215650139970483679e+01
4.685241093750000232e+02,-1.124793644030394262e+02
4.685244023437500118e+02,-8.903622527876700588e+01
4.685246953125000005e+02,-1.022510368347339949e+02
4.685249882812499891e+02,-8.302680381888004035e+01
4.685252812500000346e+02,-7.919258764943612050e+01
4.685255742187500232e+02,-8.089280547117274978e+01
4.685258671875000118e+02,-8.405254827966953712e+01
4.685261601562500005e+02,-8.696851949184087971e+01
4.685264531249999891e+02,-9.464680291414487101e+01
4.685267460937500346e+02,-1.095809092658468700e+02
4.685270390625000232e+02,-9.410415576478544608e+01
4.685273320312500118e+02,-9.439097156042122094e+01
4.685276250000000005e+02,-9.433310731720689546e+01
4.685279179687499891e+02,-9.494471380469265398e+01
4.685282109375000346e+02,-9.141475858458971970e+01
4.685285039062500232e+02,-8.935090412035012264e+01
4.685287968750000118e+02,-8.711290848701074196e+01
4.685290898437500005e+02,-8.417169935200692521e+01
4.685293828124999891e+02,-8.421934861155833119e+01
4.685296757812500346e+02,-9.226941022423437744e+01
4.685299687500000232e+02,-8.601272148240798288e+01
4.685302617187500118e+02,-1.034718780107409231e+02
4.685305546875000005e+02,-8.921150263477302644e+01
4.685308476562499891e+02,-9.976937150647012231e+01
4.685311406250000346e+02,-8.747180218531914875e+01
4.685314335937500232e+02,-8.803813342668711073e+01
4.685317265625000118e+02,-8.688564582713900109e+01
4.685320195312500005e+02,-8.446043329124285037e+01
4.685323124999999891e+02,-8.490757351605017789e+01
4.685326054687500346e+02,-9.741186217998360064e+01
4.685328984375000232e+02,-9.679165203397718642e+01
4.685331914062500118e+02,-8.806082723277440039e+01
4.685334843750000005e+02,-9.098791453200269075e+01
4.685337773437499891e+02,-8.640736637337097648e+01
4.685340703125000346e+02,-8.434213200491359430e+01
4.685343632812500232e+02,-8.732436929314189911e+01
4.685346562500000118e+02,-8.512497111571147457e+01
4.685349492187500005e+02,-8.203155540467855644e+01
4.685352421874999891e+02,-8.711011735151224400e+01
4.685355351562500346e+02,-1.050435325164495026e+02
4.685358281250000232e+02,-8.894660092024156484e+01
4.685361210937500118e+02,-8.427011737523361035e+01
4.685364140625000005e+02,-8.581995975463075865e+01
4.685367070312499891e+02,-8.146142999253952155e+01
4.685370000000000346e+02,-8.140164815870491566e+01
4.685372929687500232e+02,-8.649286966141566779e+01
4.685375859375000118e+02,-9.595850126347430376e+01
4.685378789062500005e+02,-8.714345244199721208e+01
4.685381718749999891e+02,-8.377021484755309189e+01
4.685384648437500346e+02,-9.085039223748411530e+01
4.685387578125000232e+02,-8.777470883562847348e+01
4.685390507812500118e+02,-8.571634317949641968e+01
4.685393437500000005e+02,-9.070735890640342802e+01
4.685396367187499891e+02,-9.842907755724792196e+01
4.685399296875000346e+02,-9.084983499698563492e+01
4.685402226562500232e+02,-8.733172660987030156e+01
4.685405156250000118e+02,-8.886456278795145636e+01
4.685408085937500005e+02,-9.619185181491471326e+01
4.685411015624999891e+02,-8.952835431094189289e+01
4.685413945312500346e+02,-1.077830989454937907e+02
4.685416875000000232e+02,-9.078954048198045257e+01
4.685419804687500118e+02,-8.505517341373588636e+01
4.685422734375000005e+02,-8.738418572266968454e+01
4.685425664062499891e+02,-9.062800971715392961e+01
4.685428593750000346e+02,-9.751827801977292154e+01
4.685431523437500232e+02,-9.198595630589815642e+01
4.685434453125000118e+02,-9.439811212326978307e+01
4.685437382812500005e+02,-9.954384038568821325e+01
4.685440312499999891e+02,-9.224528570535429139e+01
4.685443242187500346e+02,-9.991703901136845900e+01
4.685446171875000232e+02,-9.379475134434119354e+01
4.685449101562500118e+02,-9.205359797777424546e+01
4.685452031250000005e+02,-9.314352406986989763e+01
4.685454960937499891e+02,-9.342841941778834780e+01
4.685457890625000346e+02,-8.627078036996046251e+01
4.685460820312500232e+02,-8.925037639499205966e+01
4.685463750000000118e+02,-1.003951841816261634e+02
4.685466679687500005e+02,-8.702812521896534292e+01
4.685469609374999891e+02,-8.758027472018949311e+01
4.685472539062500346e+02,-8.964075566125110583e+01
4.685475468750000232e+02,-9.007777109913995162e+01
4.685478398437500118e+02,-8.281385470237110269e+01
4.685481328125000005e+02,-8.444957114997755809e+01
4.685484257812499891e+02,-9.522001249172583925e+01
4.685487187500000346e+02,-9.218232916994585935e+01
4.685490117187500232e+02,-9.028315305890593834e+01
4.685493046875000118e+02,-8.937429240537171893e+01
4.685495976562500005e+02,-8.503128384686378638e+01
4.685498906249999891e+02,-8.221951633899449519e+01
4.685501835937500346e+02,-8.377954567233123839e+01
4.685504765625000232e+02,-9.412174839681135552e+01
4.685507695312500118e+02,-1.057573659105643742e+02
4.685510625000000005e+02,-8.938319080816866347e+01
4.685513554687499891e+02,-8.800094536872751405e+01
4.685516484375000346e+02,-9.789475046985585038e+01
4.685519414062500232e+02,-8.791454013706928095e+01
4.685522343750000118e+02,-8.535674259131428698e+01
4.685525273437500005e+02,-8.884383520663730849e+01
4.685528203124999891e+02,-8.319329639798121434e+01
4.685531132812500346e+02,-8.786447718943058760e+01
4.685534062500000232e+02,-8.846408801619361384e+01
4.685536992187500118e+02,-8.742799746779252246e+01
4.685539921875000005e+02,-8.380032161490265707e+01
4.685542851562499891e+02,-9.090404982103731868e+01
4.685545781250000346e+02,-9.158564908955695216e+01
4.685548710937500232e+02,-9.180222144426511477e+01
4.685551640625000118e+02,-8.745176605973377093e+01
4.685554570312500005e+02,-8.606072183531901487e+01
4.685557499999999891e+02,-1.032704548594336416e+02
4.685560429687500346e+02,-8.930613160890746371e+01
4.685563359375000232e+02,-1.032098026614526418e+02
4.685566289062500118e+02,-9.075797727643208646e+01
4.685569218750000005e+02,-9.005426873823785172e+01
4.685572148437499891e+02,-8.698367292912237758e+01
4.685575078125000346e+02,-8.464861387316418018e+01
4.685578007812500232e+02,-9.027361057453163085e+01
4.685580937500000118e+02,-9.218038542280736181e+01
4.685583867187500005e+02,-8.662466050087195413e+01
4.685586796874999891e+02,-8.812942853981118674e+01
4.685589726562500346e+02,-8.762124252856983730e+01
4.685592656250000232e+02,-8.839502878402913666e+01
4.685595585937500118e+02,-9.200746096951465347e+01
4.685598515625000005e+02,-9.314797034585724589e+01
4.685601445312499891e+02,-9.592380765688453437e+01
4.685604375000000346e+02,-8.644355001489282131e+01
4.685607304687500232e+02,-8.824742985155558017e+01
4.685610234375000118e+02,-8.570734115452678736e+01
4.685613164062500005e+02,-8.440376520477565236e+01
4.685616093749999891e+02,-8.259966264236362576e+01
4.685619023437500346e+02,-7.929986441740499004e+01
4.685621953125000232e+02,-7.937903804701633703e+01
4.685624882812500118e+02,-8.945295475845421151e+01
4.685627812500000005e+02,-8.787616516423429402e+01
4.685630742187499891e+02,-8.982287626131943625e+01
4.685633671875000346e+02,-8.764471143267032005e+01
4.685636601562500232e+02,-9.187732504419558666e+01
4.685639531250000118e+02,-8.560486195060570935e+01
4.685642460937500005e+02,-8.904819620079811671e+01
4.685645390624999891e+02,-9.457372602696919728e+01
4.685648320312500346e+02,-8.357144005747275628e+01
4.685651250000000232e+02,-8.429528627545430197e+01
4.685654179687500118e+02,-9.301418674004631271e+01
4.685657109375000005e+02,-1.010869005596818511e+02
4.685660039062499891e+02,-9.462129263470502849e+01
4.685662968750000346e+02,-8.841541467508284313e+01
4.685665898437500232e+02,-8.736229399048886535e+01
4.685668828125000118e+02,-1.024350957153840938e+02
4.685671757812500005e+02,-8.763289611182585759e+01
4.685674687499999891e+02,-9.090303478636141676e+01
4.685677617187500346e+02,-1.003615365293789949e+02
4.685680546875000232e+02,-8.852953923942894221e+01
4.685683476562500118e+02,-8.119718205858688975e+01
4.685686406250000005e+02,-8.417052739229953318e+01
4.685689335937499891e+02,-9.228466003557949193e+01
4.685692265625000346e+02,-9.639142064372877883e+01
4.685695195312500232e+02,-8.949452020745640368e+01
4.685698125000000118e+02,-8.250079281969421174e+01
4.685701054687500005e+02,-8.370939977508564311e+01
4.685703984374999891e+02,-8.803945190150983535e+01
4.685706914062500346e+02,-8.854365890217530932e+01
4.685709843750000232e+02,-8.310366656344952219e+01
4.685712773437500118e+02,-8.114462226359378860e+01
4.685715703125000005e+02,-8.792917477455921471e+01
4.685718632812499891e+02,-9.484847431891364522e+01
4.685721562500000346e+02,-8.678272352875693230e+01
4.685724492187500232e+02,-8.555592467721234584e+01
4.685727421875000118e+02,-1.112793981742509999e+02
4.685730351562500005e+02,-8.240642151282523287e+01
4.685733281249999891e+02,-8.332983051159187937e+01
4.685736210937500346e+02,-9.014380119576941297e+01
4.685739140625000232e+02,-8.405918943640787688e+01
4.685742070312500118e+02,-8.119939467575514414e+01
4.685745000000000005e+02,-7.979763552082624756e+01
4.685747929687499891e+02,-8.359993497038601618e+01
4.685750859375000346e+02,-9.888525739662787828e+01
4.685753789062500232e+02,-1.047980605261184195e+02
4.685756718750000118e+02,-1.002239231887403719e+02
4.685759648437500005e+02,-9.581989558743516966e+01
4.685762578124999891e+02,-9.195050162488760748e+01
4.685765507812500346e+02,-8.965729925080114526e+01
4.685768437500000232e+02,-8.615016496043179473e+01
4.685771367187500118e+02,-8.340451457047370809e+01
4.685774296875000005e+02,-9.986191941333208888e+01
4.685777226562499891e+02,-9.566045835704957767e+01
4.685780156250000346e+02,-8.964126687869696752e+01
4.685783085937500232e+02,-8.798228284954370793e+01
4.685786015625000118e+02,-9.033590830444350672e+01
4.685788945312500005e+02,-8.598188539017483834e+01
4.685791874999999891e+02,-8.744458837479564295e+01
4.685794804687500346e+02,-9.084304315892154591e+01
4.685797734375000232e+02,-8.916944636759849629e+01
4.685800664062500118e+02,-8.655220932400095535e+01
4.685803593750000005e+02,-9.143345931436994078e+01
4.685806523437499891e+02,-8.497982099774222320e+01
4.685809453125000346e+02,-8.731182989178120124e+01
4.685812382812500232e+02,-1.046389553785340212e+02
4.685815312500000118e+02,-9.007525447856272649e+01
4.685818242187500005e+02,-8.512442879603869983e+01
4.685821171874999891e+02,-8.364174600513854330e+01
4.685824101562500346e+02,-8.175608243788968821e+01
4.685827031250000232e+02,-8.557539424094072444e+01
4.685829960937500118e+02,-9.471311990182437057e+01
4.685832890625000005e+02,-8.588610970095773212e+01
4.685835820312499891e+02,-9.087942818501907993e+01
4.685838750000000346e+02,-8.322392653434459930e+01
4.685841679687500232e+02,-8.776504987165523630e+01
4.685844609375000118e+02,-9.195533326153844200e+01
4.685847539062500005e+02,-9.085440390507099551e+01
4.685850468749999891e+02,-8.379615286536451890e+01
4.685853398437500346e+02,-8.880760376881006835e+01
4.685856328125000232e+02,-1.053441601377645327e+02
4.685859257812500118e+02,-9.490802775434971750e+01
4.685862187500000005e+02,-8.806724418402311017e+01
4.685865117187499891e+02,-8.874995289326540160e+01
4.685868046875000346e+02,-9.210289375474987139e+01
4.685870976562500232e+02,-9.123781248652167619e+01
4.685873906250000118e+02,-1.034580436928158917e+02
4.685876835937500005e+02,-9.455117760727137011e+01
4.685879765624999891e+02,-9.744721641975573334e+01
4.685882695312500346e+02,-8.920461507088113251e+01
4.685885625000000232e+02,-8.644100335005502700e+01
4.685888554687500118e+02,-9.626422929513557847e+01
4.685891484375000005e+02,-9.399444579330153715e+01
4.685894414062499891e+02,-9.748128913309071208e+01
4.685897343750000346e+02,-8.507609556746561452e+01
4.685900273437500232e+02,-8.650843583575729667e+01
4.685903203125000118e+02,-8.906840366144861321e+01
4.685906132812500005e+02,-8.965255016719720516e+01
4.685909062499999891e+02,-9.341592562403702971e+01
4.685911992187500346e+02,-8.661131025108217329e+01
4.685914921875000232e+02,-8.715628005580698812e+01
4.685917851562500118e+02,-8.873852903018344307e+01
4.685920781250000005e+02,-8.540665296658190186e+01
4.685923710937499891e+02,-8.689827987039423363e+01
4.685926640625000346e+02,-9.212515239384329391e+01
4.685929570312500232e+02,-8.759880728800814609e+01
4.685932500000000118e+02,-8.393627518087063777e+01
4.685935429687500005e+02,-8.742721157582094804e+01
4.685938359374999891e+02,-8.047710150154449593e+01
4.685941289062500346e+02,-9.310157162648947349e+01
4.685944218750000232e+02,-9.027255357830034654e+01
4.685947148437500118e+02,-9.318551973092343133e+01
4.685950078125000005e+02,-9.155902266567989045e+01
4.685953007812499891e+02,-8.924967451104784288e+01
4.685955937500000346e+02,-9.158392753982509760e+01
4.685958867187500232e+02,-8.710589183026321791e+01
4.685961796875000118e+02,-9.663592079842224791e+01
4.685964726562500005e+02,-9.089287373281577231e+01
4.685967656249999891e+02,-9.018694103534008377e+01
4.685970585937500346e+02,-8.581788989377672294e+01
4.685973515625000232e+02,-8.626703744539020136e+01
4.685976445312500118e+02,-8.526136576144455148e+01
4.685979375000000005e+02,-8.466911865174991192e+01
4.685982304687499891e+02,-8.597800726697761320e+01
4.685985234375000346e+02,-8.985626592927729916e+01
4.685988164062500232e+02,-9.567636028706716900e+01
4.685991093750000118e+02,-1.001677403145024812e+02
4.685994023437500005e+02,-8.775060506144426142e+01
4.685996953124999891e+02,-9.202171703830060778e+01
4.685999882812500346e+02,-8.623805260818700447e+01
4.686002812500000232e+02,-9.750703919565108890e+01
4.686005742187500118e+02,-8.639326965916423262e+01
4.686008671875000005e+02,-9.652009076927069486e+01
4.686011601562499891e+02,-9.146407568640009345e+01
4.686014531250000346e+02,-8.414836074330162319e+01
4.686017460937500232e+02,-8.381826313732028666e+01
4.686020390625000118e+02,-8.217964607050591042e+01
4.686023320312500005e+02,-8.280161192004889870e+01
4.686026249999999891e+02,-9.570262370923872197e+01
4.686029179687500346e+02,-9.263307741150680386e+01
4.686032109375000232e+02,-9.656530510252368060e+01
4.686035039062500118e+02,-8.492343875597505587e+01
4.686037968750000005e+02,-8.353407983409388748e+01
4.686040898437499891e+02,-8.319510545215877073e+01
4.686043828125000346e+02,-8.532028327262023026e+01
4.686046757812500232e+02,-8.429385029185084477e+01
4.686049687500000118e+02,-8.234298841324468299e+01
4.686052617187500005e+02,-8.737135425560603608e+01
4.686055546874999891e+02,-9.758500509164669268e+01
4.686058476562500346e+02,-8.733538822694596604e+01
4.686061406250000232e+02,-8.367196134428576215e+01
4.686064335937500118e+02,-8.659924135639768394e+01
4.686067265625000005e+02,-9.277652701708868221e+01
4.686070195312499891e+02,-9.723351895785381771e+01
4.686073125000000346e+02,-8.677723042431352951e+01
4.686076054687500232e+02,-8.346181309046060903e+01
4.686078984375000118e+02,-8.942591129434261177e+01
4.686081914062500005e+02,-9.410972271139094403e+01
4.686084843749999891e+02,-9.564915477863479509e+01
4.686087773437500346e+02,-8.561844437234050531e+01
4.686090703125000232e+02,-8.640080902906905180e+01
4.686093632812500118e+02,-9.223531953722897470e+01
4.686096562500000005e+02,-8.909454993358352226e+01
4.686099492187499891e+02,-8.240442230715785854e+01
4.686102421875000346e+02,-8.326468546740989041e+01
4.686105351562500232e+02,-9.299774045188421212e+01
4.686108281250000118e+02,-9.627253915479209923e+01
4.686111210937500005e+02,-9.084114240092615944e+01
4.686114140624999891e+02,-8.776204265468457777e+01
4.686117070312500346e+02,-9.457217499935126170e+01
4.686120000000000232e+02,-8.451368367321930464e+01
4.686122929687500118e+02,-9.499434765117723600e+01
4.686125859375000005e+02,-9.758290468297376208e+01
4.686128789062499891e+02,-1.040854082034575470e+02
4.686131718750000346e+02,-9.453140273330751597e+01
4.686134648437500232e+02,-9.286759809841950641e+01
4.686137578125000118e+02,-9.041728732213927344e+01
4.686140507812500005e+02,-8.757523162073043466e+01
4.686143437499999891e+02,-9.224679117668216577e+01
4.686146367187500346e+02,-1.051447791949295834e+02
4.686149296875000232e+02,-8.808532676792677307e+01
4.686152226562500118e+02,-8.175900350861637378e+01
4.686155156250000005e+02,-8.126546592671822111e+01
4.686158085937499891e+02,-8.630684526152977298e+01
4.686161015625000346e+02,-8.513670198988393167e+01
4.686163945312500232e+02,-8.416371389240384815e+01
4.686166875000000118e+02,-1.017681106323218216e+02
4.686169804687500005e+02,-8.943055058998047002e+01
4.686172734374999891e+02,-8.615054404910949870e+01
4.686175664062500346e+02,-9.155982520840629491e+01
4.686178593750000232e+02,-9.032210766350777931e+01
4.686181523437500118e+02,-9.404109302795694703e+01
4.686184453125000005e+02,-9.131470272816483202e+01
4.686187382812499891e+02,-8.259124444876451321e+01
4.686190312500000346e+02,-1.000491564100316424e+02
4.686193242187500232e+02,-9.258385481151817942e+01
4.686196171875000118e+02,-9.224918622554667991e+01
4.686199101562500005e+02,-8.541106332276524427e+01
4.686202031249999891e+02,-8.157365312766370380e+01
4.686204960937500346e+02,-8.949881139976608324e+01
4.686207890625000232e+02,-1.031003416805641706e+02
4.686210820312500118e+02,-1.010064311594585718e+02
4.686213750000000005e+02,-9.136813329862090427e+01
4.686216679687499891e+02,-9.145947288169534772e+01
4.686219609375000346e+02,-9.060359208679739140e+01
4.686222539062500232e+02,-9.900371598309781973e+01
4.686225468750000118e+02,-9.408334962106771115e+01
4.686228398437500005e+02,-1.029731250108123106e+02
4.686231328124999891e+02,-8.706773604617082185e+01
4.686234257812500346e+02,-9.747656027429169967e+01
4.686237187500000232e+02,-8.547400045987403416e+01
4.686240117187500118e+02,-8.972316353904076891e+01
4.686243046875000005e+02,-9.126505849380143331e+01
4.686245976562499891e+02,-9.042915138183329304e+01
4.686248906250000346e+02,-8.301362088444656706e+01
4.686251835937500232e+02,-9.093310664472906524e+01
4.686254765625000118e+02,-8.477459408852452327e+01
4.686257695312500005e+02,-8.796151011734326630e+01
4.686260624999999891e+02,-1.002301590194416008e+02
4.686263554687500346e+02,-8.753562429081873120e+01
4.686266484375000232e+02,-8.901984946153069700e+01
4.686269414062500118e+02,-9.094796535200040921e+01
4.686272343750000005e+02,-9.322363850422192399e+01
4.686275273437499891e+02,-1.007590065428670556e+02
4.686278203125000346e+02,-1.037027887075559107e+02
4.686281132812500232e+02,-1.046958459431382238e+02
4.686284062500000118e+02,-8.982981963881356080e+01
4.686286992187500005e+02,-8.950030262698203387e+01
4.686289921874999891e+02,-9.339327659043668461e+01
4.686292851562500346e+02,-8.910629353195822944e+01
4.686295781250000232e+02,-9.916356652638737046e+01
4.686298710937500118e+02,-9.203322054842135458e+01
4.686301640625000005e+02,-9.683918559893251654e+01
4.686304570312499891e+02,-8.700908439878418221e+01
4.686307500000000346e+02,-8.360436567663026608e+01
4.686310429687500232e+02,-8.958138544052992813e+01
4.686313359375000118e+02,-8.791039433591409136e+01
4.686316289062500005e+02,-8.777773084297677997e+01
4.686319218749999891e+02,-8.777636992885666700e+01
4.686322148437500346e+02,-8.502614916238526632e+01
4.686325078125000232e+02,-9.056368183514760517e+01
4.686328007812500118e+02,-9.454870757330660069e+01
4.686330937500000005e+02,-9.308003757291032798e+01
4.686333867187499891e+02,-8.608489131205618605e+01
4.686336796875000346e+02,-8.878682559295231158e+01
4.686339726562500232e+02,-8.967833079700766064e+01
4.686342656250000118e+02,-9.469533942297806561e+01
4.686345585937500005e+02,-9.498790449211311682e+01
4.686348515624999891e+02,-8.616574853403054135e+01
4.686351445312500346e+02,-8.571491346971131975e+01
4.686354375000000232e+02,-8.996474507450287206e+01
4.686357304687500118e+02,-8.790516699484217611e+01
4.686360234375000005e+02,-9.474654868703839838e+01
4.686363164062499891e+02,-9.131016441627308211e+01
4.686366093750000346e+02,-9.199295198950919428e+01
4.686369023437500232e+02,-8.973745792324126569e+01
4.686371953125000118e+02,-8.565719065802750265e+01
4.686374882812500005e+02,-8.265067209170695151e+01
4.686377812499999891e+02,-8.566857031015584312e+01
4.686380742187500346e+02,-8.482481494140843381e+01
4.686383671875000232e+02,-8.764568488029286186e+01
4.686386601562500118e+02,-9.380811405632741184e+01
4.686389531250000005e+02,-8.793696692768438083e+01
4.686392460937499891e+02,-9.411744377419843488e+01
4.686395390625000346e+02,-8.817430649843967672e+01
4.686398320312500232e+02,-8.712993540287743599e+01
4.686401250000000118e+02,-8.553165829821122657e+01
4.686404179687500005e+02,-9.016613507776227721e+01
4.686407109374999891e+02,-8.767130630177661033e+01
4.686410039062500346e+02,-9.014493167744981861e+01
4.686412968750000232e+02,-8.586469756264972375e+01
4.686415898437500118e+02,-8.879502052156331615e+01
4.686418828125000005e+02,-9.714969812313314890e+01
4.686421757812499891e+02,-9.960476836881272789e+01
4.686424687500000346e+02,-9.092326684805199477e+01
4.686427617187500232e+02,-9.618651529705186931e+01
4.686430546875000118e+02,-8.450077282783497878e+01
4.686433476562500005e+02,-9.271399096137322715e+01
4.686436406249999891e+02,-9.216661851537762118e+01
4.686439335937500346e+02,-1.043288225118061376e+02
4.686442265625000232e+02,-8.759301573450792944e+01
4.686445195312500118e+02,-8.685991824662650629e+01
4.686448125000000005e+02,-1.012625668030587889e+02
4.686451054687499891e+02,-8.624943864751509182e+01
4.686453984375000346e+02,-8.813149682213321512e+01
4.686456914062500232e+02,-1.043629865676729338e+02
4.686459843750000118e+02,-9.134378480622490315e+01
4.686462773437500005e+02,-8.352636927505187714e+01
4.686465703124999891e+02,-8.217126693615703914e+01
4.686468632812500346e+02,-8.543918835194023131e+01
4.686471562500000232e+02,-8.861733196109500454e+01
4.686474492187500118e+02,-9.151641672175516362e+01
4.686477421875000005e+02,-8.806742989560902402e+01
4.686480351562499891e+02,-8.905564020555102900e+01
4.686483281250000346e+02,-8.936353052801834451e+01
4.686486210937500232e+02,-9.140620532305527490e+01
4.686489140625000118e+02,-9.460829253422969032e+01
4.686492070312500005e+02,-8.637863821966649880e+01
4.686494999999999891e+02,-9.309421735103397566e+01
4.686497929687500346e+02,-1.000440351467668734e+02
4.686500859375000232e+02,-8.643227814337672044e+01
4.686503789062500118e+02,-8.500707746458317615e+01
4.686506718750000005e+02,-9.122106743095952197e+01
4.686509648437499891e+02,-9.316192266424950219e+01
4.686512578125000346e+02,-9.819439595665842546e+01
4.686515507812500232e+02,-9.213108340260851037e+01
4.686518437500000118e+02,-9.400804673100859077e+01
4.686521367187500005e+02,-9.356369138521598927e+01
4.686524296874999891e+02,-9.454441260252994539e+01
4.686527226562500346e+02,-9.185495477350416138e+01
4.686530156250000232e+02,-9.386813474081030506e+01
4.686533085937500118e+02,-9.532003506037895590e+01
4.686536015625000005e+02,-8.942021225508476334e+01
4.686538945312499891e+02,-8.890984736001014710e+01
4.686541875000000346e+02,-9.187415982227499001e+01
4.686544804687500232e+02,-9.433084052808200681e+01
4.686547734375000118e+02,-9.242252284598990286e+01
4.686550664062500005e+02,-8.780583147446044734e+01
4.686553593749999891e+02,-8.908458090811534191e+01
4.686556523437500346e+02,-9.725857864977803047e+01
4.686559453125000232e+02,-9.030305623534809456e+01
4.686562382812500118e+02,-9.231217182309363523e+01
4.686565312500000005e+02,-9.392305566008025153e+01
4.686568242187499891e+02,-8.724587592656889967e+01
4.686571171875000346e+02,-8.490330368301407304e+01
4.686574101562500232e+02,-8.771908013417835548e+01
4.686577031250000118e+02,-9.038629282320758307e+01
4.686579960937500005e+02,-8.894149335434110526e+01
4.686582890624999891e+02,-9.983451729351889981e+01
4.686585820312500346e+02,-9.386141306960468000e+01
4.686588750000000232e+02,-8.891134809203913392e+01
4.686591679687500118e+02,-9.050844823236698744e+01
4.686594609375000005e+02,-9.275922012527560412e+01
4.686597539062499891e+02,-8.744888813988239917e+01
4.686600468750000346e+02,-8.695754883161444582e+01
4.686603398437500232e+02,-9.820019222427589511e+01
4.686606328125000118e+02,-8.603760999041494983e+01
4.686609257812500005e+02,-9.092505806243481459e+01
4.686612187499999891e+02,-1.030815427499520496e+02
4.686615117187500346e+02,-1.158082242785547749e+02
4.686618046875000232e+02,-9.405718806355548622e+01
4.686620976562500118e+02,-9.793125315877148296e+01
4.686623906250000005e+02,-8.776751955525139692e+01
4.686626835937499891e+02,-8.716830021348300761e+01
4.686629765625000346e+02,-9.150257555147126709e+01
4.686632695312500232e+02,-8.898889967292078040e+01
4.686635625000000118e+02,-8.551105933896850786e+01
4.686638554687500005e+02,-9.123373201296153923e+01
4.686641484374999891e+02,-9.122182286071947033e+01
4.686644414062500346e+02,-9.329064221541584345e+01
4.686647343750000232e+02,-9.748434368322068622e+01
4.686650273437500118e+02,-8.838950796588105163e+01
4.686653203125000005e+02,-8.997749716231838590e+01
4.686656132812499891e+02,-8.824488398743235962e+01
4.686659062500000346e+02,-9.318890196423964767e+01
4.686661992187500232e+02,-8.901383800355370113e+01
4.686664921875000118e+02,-9.660584135501223102e+01
4.686667851562500005e+02,-8.922524485849628206e+01
4.686670781249999891e+02,-8.823479190315971721e+01
4.686673710937500346e+02,-8.850880227401526668e+01
4.686676640625000232e+02,-8.602225269082659054e+01
4.686679570312500118e+02,-8.415020677966445817e+01
4.686682500000000005e+02,-8.825254158731095799e+01
4.686685429687499891e+02,-9.273100779942402028e+01
4.686688359375000346e+02,-1.032293750634607932e+02
4.686691289062500232e+02,-9.048983468723616852e+01
4.686694218750000118e+02,-9.301029807780204806e+01
4.686697148437500005e+02,-8.561773138369986214e+01
4.686700078124999891e+02,-8.895380140186040308e+01
4.686703007812500346e+02,-9.508532444796347249e+01
4.686705937500000232e+02,-9.465819123137889335e+01
4.686708867187500118e+02,-8.739745237561345448e+01
4.686711796875000005e+02,-8.943869304766977280e+01
4.686714726562499891e+02,-8.960768610520801758e+01
4.686717656250000346e+02,-9.180115707256192081e+01
4.686720585937500232e+02,-8.548888447499366805e+01
4.686723515625000118e+02,-8.334103079290251515e+01
4.686726445312500005e+02,-8.886020531078020213e+01
4.686729374999999891e+02,-8.630636650919173292e+01
4.686732304687500346e+02,-8.591938120301372805e+01
4.686735234375000232e+02,-8.877458265633420353e+01
4.686738164062500118e+02,-8.624875406559722535e+01
4.686741093750000005e+02,-9.073805131550852821e+01
4.686744023437499891e+02,-9.168710521335827934e+01
4.686746953125000346e+02,-9.207356014484878415e+01
4.686749882812500232e+02,-8.849100055884935045e+01
4.686752812500000118e+02,-8.272927442780380147e+01
4.686755742187500005e+02,-8.343042952928975353e+01
4.686758671874999891e+02,-8.712344523467882595e+01
4.686761601562500346e+02,-9.868982982570381068e+01
4.686764531250000232e+02,-8.748939670520131529e+01
4.686767460937500118e+02,-9.451254467353436439e+01
4.686770390625000005e+02,-9.655007604285421507e+01
4.686773320312499891e+02,-9.079270445015768587e+01
4.686776250000000346e+02,-8.943063759544853042e+01
4.686779179687500232e+02,-9.461542938380917178e+01
4.686782109375000118e+02,-9.438985111189484201e+01
4.686785039062500005e+02,-8.609188667564774278e+01
4.686787968749999891e+02,-8.620760866315700355e+01
4.686790898437500346e+02,-9.208661491564194534e+01
4.686793828125000232e+02,-9.225157054029551773e+01
4.686796757812500118e+02,-9.350834646721810373e+01
4.686799687500000005e+02,-8.547761263602038184e+01
4.686802617187499891e+02,-9.740880855108137837e+01
4.686805546875000346e+02,-8.775467175626376104e+01
4.686808476562500232e+02,-8.467620312113582770e+01
4.686811406250000118e+02,-8.800226260567922054e+01
4.686814335937500005e+02,-8.339098434001876115e+01
4.686817265624999891e+02,-8.337559967098351876e+01
4.686820195312500346e+02,-9.277315123875938241e+01
4.686823125000000232e+02,-8.554872104706417701e+01
4.686826054687500118e+02,-9.791461111229496339e+01
4.686828984375000005e+02,-8.945469664010101951e+01
4.686831914062499891e+02,-9.601498546682196888e+01
4.686834843750000346e+02,-9.728973554093813902e+01
4.686837773437500232e+02,-1.004328918842356870e+02
4.686840703125000118e+02,-8.680821579626800144e+01
4.686843632812500005e+02,-8.805332581912809076e+01
4.686846562499999891e+02,-9.466078477111118161e+01
4.686849492187500346e+02,-8.647835900485407024e+01
4.686852421875000232e+02,-9.304482767321873382e+01
4.686855351562500118e+02,-9.585553340928728971e+01
4.686858281250000005e+02,-9.342630125395471907e+01
4.686861210937499891e+02,-9.337513748899651489e+01
4.686864140625000346e+02,-9.953610460820402750e+01
4.686867070312500232e+02,-8.827162793273679142e+01
4.686870000000000118e+02,-8.307467309706177616e+01
4.686872929687500005e+02,-8.885208532510674218e+01
4.686875859374999891e+02,-8.648782725966577800e+01
4.686878789062500346e+02,-8.716878066606291497e+01
4.686881718750000232e+02,-9.653792430531120772e+01
4.686884648437500118e+02,-1.094122346696645565e+02
4.686887578125000005e+02,-9.130918732325972087e+01
4.686890507812499891e+02,-9.485050442763308354e+01
4.686893437500000346e+02,-8.633691576465884054e+01
4.686896367187500232e+02,-8.473477494658924059e+01
4.686899296875000118e+02,-9.850932743662500002e+01
4.686902226562500005e+02,-8.914248717861825355e+01
4.686905156249999891e+02,-8.461162565384563550e+01
4.686908085937500346e+02,-1.012339092975662140e+02
4.686911015625000232e+02,-8.404654813206931863e+01
4.686913945312500118e+02,-8.865504676306572662e+01
4.686916875000000005e+02,-8.755072250601477890e+01
4.686919804687499891e+02,-8.584753240083927039e+01
4.686922734375000346e+02,-8.956532320107842793e+01
4.686925664062500232e+02,-8.918773637186629344e+01
4.686928593750000118e+02,-1.092988616868524190e+02
4.686931523437500005e+02,-8.425714644376171236e+01
4.686934453124999891e+02,-8.799350597366699844e+01
4.686937382812500346e+02,-8.730238999919794196e+01
4.686940312500000232e+02,-8.662017792556292761e+01
4.686943242187500118e+02,-9.212056555038857653e+01
4.686946171875000005e+02,-9.265412958116414188e+01
4.686949101562499891e+02,-9.814565124292371934e+01
4.686952031250000346e+02,-8.509932079786814541e+01
4.686954960937500232e+02,-8.589396260949544626e+01
4.686957890625000118e+02,-9.228569604894799738e+01
4.686960820312500005e+02,-9.471980870547027109e+01
4.686963749999999891e+02,-9.431700127035944092e+01
4.686966679687500346e+02,-1.069426302053180677e+02
4.686969609375000232e+02,-8.923777791491372113e+01
4.686972539062500118e+02,-8.845458457253687357e+01
4.686975468750000005e+02,-9.474871240419321339e+01
4.686978398437499891e+02,-8.987191160610045415e+01
4.686981328125000346e+02,-8.706065700319037148e+01
4.686984257812500232e+02,-9.078298935713121409e+01
4.686987187500000118e+02,-8.917638749926541664e+01
4.686990117187500005e+02,-9.260383737519704539e+01
4.686993046874999891e+02,-1.007653840498907414e+02
4.686995976562500346e+02,-9.661562842701782472e+01
4.686998906250000232e+02,-8.890204928521322358e+01
4.687001835937500118e+02,-8.860199551473863266e+01
4.687004765625000005e+02,-9.321873362640135952e+01
4.687007695312499891e+02,-9.754490854206989070e+01
4.687010625000000346e+02,-9.246321769870890250e+01
4.687013554687500232e+02,-8.752756615375112403e+01
4.687016484375000118e+02,-9.101628362364797908e+01
4.687019414062500005e+02,-8.820230778316121700e+01
4.687022343749999891e+02,-1.010706657290474482e+02
4.687025273437500346e+02,-9.149242673297406725e+01
4.687028203125000232e+02,-8.739973681278388540e+01
4.687031132812500118e+02,-8.465718188653357856e+01
4.687034062500000005e+02,-9.417845216747184622e+01
4.687036992187499891e+02,-1.122309470052360609e+02
4.687039921875000346e+02,-9.094676257378651485e+01
4.687042851562500232e+02,-8.543050796784186218e+01
4.687045781250000118e+02,-8.606109123745747524e+01
4.687048710937500005e+02,-9.020814209611195622e+01
4.687051640624999891e+02,-9.069202921163096676e+01
4.687054570312500346e+02,-8.703429305195652432e+01
4.687057500000000232e+02,-8.583039291376893232e+01
4.687060429687500118e+02,-9.346528935549795847e+01
4.687063359375000005e+02,-8.676523050386876434e+01
4.687066289062499891e+02,-8.364094906253038175e+01
4.687069218750000346e+02,-8.945726163338031256e+01
4.687072148437500232e+02,-9.603956238394944478e+01
4.687075078125000118e+02,-9.203151713765259956e+01
4.687078007812500005e+02,-8.777788495294632298e+01
4.687080937499999891e+02,-9.803692499944743588e+01
4.687083867187500346e+02,-9.433035587495346874e+01
4.687086796875000232e+02,-1.017904741620239122e+02
4.687089726562500118e+02,-9.079145290797825396e+01
4.687092656250000005e+02,-9.830598185525863641e+01
4.687095585937499891e+02,-8.679671877351127307e+01
4.687098515625000346e+02,-8.902178051016028348e+01
4.687101445312500232e+02,-8.852973404162973736e+01
4.687104375000000118e+02,-9.849057755408028925e+01
4.687107304687500005e+02,-9.468729880035729707e+01
4.687110234374999891e+02,-9.310453260255144414e+01
4.687113164062500346e+02,-8.479706555149195424e+01
4.687116093750000232e+02,-8.386921056068636915e+01
4.687119023437500118e+02,-8.659301117590010222e+01
4.687121953125000005e+02,-9.770269075931969383e+01
4.687124882812499891e+02,-9.005225549635235893e+01
4.687127812500000346e+02,-8.082203063628357143e+01
4.687130742187500232e+02,-8.647925121047335040e+01
4.687133671875000118e+02,-9.073423368626727381e+01
4.687136601562500005e+02,-9.342410652031084339e+01
4.687139531249999891e+02,-9.212539377311409794e+01
4.687142460937500346e+02,-9.062775609160365775e+01
4.687145390625000232e+02,-9.048546083940831863e+01
4.687148320312500118e+02,-8.344349284459256921e+01
4.687151250000000005e+02,-8.118378846626723089e+01
4.687154179687499891e+02,-8.177369538035434005e+01
4.687157109375000346e+02,-8.520781653162899261e+01
4.687160039062500232e+02,-8.511106152755658627e+01
4.687162968750000118e+02,-8.507144068552062777e+01
4.687165898437500005e+02,-8.418303474474036818e+01
4.687168828124999891e+02,-8.791173222006314347e+01
4.687171757812500346e+02,-9.639191116996846631e+01
4.687174687500000232e+02,-8.909093044573610598e+01
4.687177617187500118e+02,-8.953261440690111783e+01
4.687180546875000005e+02,-9.477036739764811557e+01
4.687183476562499891e+02,-1.010024819699414138e+02
4.687186406250000346e+02,-8.653027784621885132e+01
4.687189335937500232e+02,-8.365208394700671590e+01
4.687192265625000118e+02,-9.810098587115939495e+01
4.687195195312500005e+02,-8.818678884749508029e+01
4.687198124999999891e+02,-9.362264894121835823e+01
4.687201054687500346e+02,-8.823334926350810292e+01
4.687203984375000232e+02,-9.115059927781905458e+01
4.687206914062500118e+02,-9.670687585356486693e+01
4.687209843750000005e+02,-8.535417744579780219e+01
4.687212773437499891e+02,-8.289225225293093047e+01
4.687215703125000346e+02,-8.835749203302057708e+01
4.687218632812500232e+02,-8.682546477592242695e+01
4.687221562500000118e+02,-8.509056389064988934e+01
4.687224492187500005e+02,-1.013293961983511338e+02
4.687227421874999891e+02,-9.618856665475627210e+01
4.687230351562500346e+02,-8.782242128773330592e+01
4.687233281250000232e+02,-8.922844243702839151e+01
4.687236210937500118e+02,-9.493413369781384858e+01
4.687239140625000005e+02,-8.637549398644384269e+01
4.687242070312499891e+02,-8.501381662324257604e+01
4.687245000000000346e+02,-8.377344284731469770e+01
4.687247929687500232e+02,-8.669848661895373709e+01
4.687250859375000118e+02,-1.049623819757395040e+02
4.687253789062500005e+02,-9.053336660643709877e+01
4.687256718749999891e+02,-8.696985389467540983e+01
4.687259648437500346e+02,-8.697716227483817875e+01
4.687262578125000232e+02,-8.246285090404028040e+01
4.687265507812500118e+02,-8.253434107532430630e+01
4.687268437500000005e+02,-9.096775686821712270e+01
4.687271367187499891e+02,-9.343666728594888582e+01
4.687274296875000346e+02,-9.641878688676244735e+01
4.687277226562500232e+02,-8.822835025175324120e+01
4.687280156250000118e+02,-8.985792556416960508e+01
4.687283085937500005e+02,-1.067242075552604774e+02
4.687286015624999891e+02,-9.950605054317415465e+01
4.687288945312500346e+02,-9.398757344714829287e+01
4.687291875000000232e+02,-9.507007902164838242e+01
4.687294804687500118e+02,-9.170271093160538101e+01
4.687297734375000005e+02,-9.257549461576917338e+01
4.687300664062499891e+02,-8.263535118198078067e+01
4.687303593750000346e+02,-8.640951311714978544e+01
4.687306523437500232e+02,-9.199089638133754931e+01
4.687309453125000118e+02,-8.570063993626004617e+01
4.687312382812500005e+02,-9.269240183511159614e+01
4.687315312499999891e+02,-9.254501839825397269e+01
4.687318242187500346e+02,-8.937551087717062615e+01
4.687321171875000232e+02,-8.746963732282287651e+01
4.687324101562500118e+02,-8.990636180316698756e+01
4.687327031250000005e+02,-8.773229327829838553e+01
4.687329960937499891e+02,-9.408225420326263588e+01
4.687332890625000346e+02,-9.483318876225789040e+01
4.687335820312500232e+02,-8.457511318982221837e+01
4.687338750000000118e+02,-8.454495630019194152e+01
4.687341679687500005e+02,-8.315683577657398473e+01
4.687344609374999891e+02,-8.281727362171140783e+01
4.687347539062500346e+02,-9.310008942371645446e+01
4.687350468750000232e+02,-9.342107291668982327e+01
4.687353398437500118e+02,-1.011348314666424244e+02
4.687356328125000005e+02,-8.721951934400556183e+01
4.687359257812499891e+02,-9.095796537450513597e+01
4.687362187500000346e+02,-1.003430014467061255e+02
4.687365117187500232e+02,-8.628472688887200093e+01
4.687368046875000118e+02,-9.215009390594003946e+01
4.687370976562500005e+02,-1.113019001582230061e+02
4.687373906249999891e+02,-9.055978880986062052e+01
4.687376835937500346e+02,-8.798463495967970971e+01
4.687379765625000232e+02,-9.736788193941120539e+01
4.687382695312500118e+02,-8.627211163748469858e+01
4.687385625000000005e+02,-8.560374555619938519e+01
4.687388554687499891e+02,-9.206716927018999286e+01
4.687391484375000346e+02,-1.118183966703801389e+02
4.687394414062500232e+02,-9.023923744321712093e+01
4.687397343750000118e+02,-9.511216001865015812e+01
4.687400273437500005e+02,-9.190747964741674991e+01
4.687403203124999891e+02,-8.837064911488270980e+01
4.687406132812500346e+02,-8.661917610307054360e+01
4.687409062500000232e+02,-1.004703654591544080e+02
4.687411992187500118e+02,-9.018303588359574974e+01
4.687414921875000005e+02,-9.154906802640641672e+01
4.687417851562499891e+02,-8.813051610023356375e+01
4.687420781250000346e+02,-1.033080793599580147e+02
4.687423710937500232e+02,-8.875494957822617437e+01
4.687426640625000118e+02,-9.426865010020378577e+01
4.687429570312500005e+02,-8.978557436799981417e+01
4.687432499999999891e+02,-9.518100496848566650e+01
4.687435429687500346e+02,-9.078996808189734224e+01
4.687438359375000232e+02,-9.054343804254554584e+01
4.687441289062500118e+02,-9.279209159448853939e+01
4.687444218750000005e+02,-8.899579970060045753e+01
4.687447148437499891e+02,-8.900015679280076597e+01
4.687450078125000346e+02,-1.011722461338918038e+02
4.687453007812500232e+02,-9.464508448275034880e+01
4.687455937500000118e+02,-9.100323415831678631e+01
4.687458867187500005e+02,-9.128029709479405085e+01
4.687461796874999891e+02,-9.441775097941115291e+01
4.687464726562500346e+02,-8.435403953516163256e+01
4.687467656250000232e+02,-8.131442742700662052e+01
4.687470585937500118e+02,-8.844015480388745232e+01
4.687473515625000005e+02,-8.767442137238828082e+01
4.687476445312499891e+02,-8.262586771533176488e+01
4.687479375000000346e+02,-8.902121490310838681e+01
4.687482304687500232e+02,-1.017653861213962188e+02
4.687485234375000118e+02,-9.515042215119797220e+01
4.687488164062500005e+02,-8.896653365830162841e+01
4.687491093749999891e+02,-8.869641935785232079e+01
4.687494023437500346e+02,-1.021242628924982085e+02
4.687496953125000232e+02,-8.990963432464779714e+01
4.687499882812500118e+02,-9.247343993125301154e+01
4.687502812500000005e+02,-9.277640734147391299e+01
4.687505742187499891e+02,-8.521355608791068903e+01
4.687508671875000346e+02,-8.215714431213618241e+01
4.687511601562500232e+02,-8.511847992611072300e+01
4.687514531250000118e+02,-8.976925595666683932e+01
4.687517460937500005e+02,-8.414111417348243549e+01
4.687520390624999891e+02,-8.141996178304871989e+01
4.687523320312500346e+02,-8.587199898653089747e+01
4.687526250000000232e+02,-9.316461107687132426e+01
4.687529179687500118e+02,-1.028068419879324011e+02
4.687532109375000005e+02,-9.514085682776703834e+01
4.687535039062499891e+02,-9.251743387337278079e+01
4.687537968750000346e+02,-9.207641068559254904e+01
4.687540898437500232e+02,-8.952761707390691015e+01
4.687543828125000118e+02,-9.542554563003756130e+01
4.687546757812500005e+02,-8.919913062295348993e+01
4.687549687499999891e+02,-8.633800919695283937e+01
4.687552617187500346e+02,-9.432464955331550982e+01
4.687555546875000232e+02,-8.525606742384766790e+01
4.687558476562500118e+02,-8.540883206759841073e+01
4.687561406250000005e+02,-9.098788911386165523e+01
4.687564335937499891e+02,-9.912864639548409684e+01
4.687567265625000346e+02,-9.147179856695764499e+01
4.687570195312500232e+02,-8.780051404796193992e+01
4.687573125000000118e+02,-8.895656765026421908e+01
4.687576054687500005e+02,-1.001869379416713173e+02
4.687578984374999891e+02,-9.025907661191578768e+01
4.687581914062500346e+02,-8.869934412521070044e+01
4.687584843750000232e+02,-8.716539155765474334e+01
4.687587773437500118e+02,-8.807255699232098323e+01
4.687590703125000005e+02,-8.401444813775111697e+01
4.687593632812499891e+02,-8.895209656726976277e+01
4.687596562500000346e+02,-9.196832260247128943e+01
4.687599492187500232e+02,-8.616370933905903939e+01
4.687602421875000118e+02,-8.593475733549753670e+01
4.687605351562500005e+02,-9.095062607678332256e+01
4.687608281249999891e+02,-1.007086271441397400e+02
4.687611210937500346e+02,-9.353753530079194434e+01
4.687614140625000232e+02,-8.720826311329787472e+01
4.687617070312500118e+02,-9.517344291778074705e+01
