Frequency_MHz,Power_dBHz
4.663620000000000232e+02,-9.097266614285513242e+01
4.663622929687500118e+02,-9.251580374789239158e+01
4.663625859375000005e+02,-8.824870035098165033e+01
4.663628789062499891e+02,-8.738825831925171883e+01
4.663631718750000346e+02,-8.665475074898290586e+01
4.663634648437500232e+02,-8.932555126892384578e+01
4.663637578125000118e+02,-9.957201752832374098e+01
4.663640507812500005e+02,-8.778947426152589628e+01
4.663643437499999891e+02,-9.109886082656430517e+01
4.663646367187500346e+02,-8.863199016546552400e+01
4.663649296875000232e+02,-8.955921805527266599e+01
4.663652226562500118e+02,-9.948592131230327595e+01
4.663655156250000005e+02,-9.902225998394023065e+01
4.663658085937499891e+02,-8.807889626000104499e+01
4.663661015625000346e+02,-8.611337266998469886e+01
4.663663945312500232e+02,-9.101177964642761253e+01
4.663666875000000118e+02,-9.341603044941918199e+01
4.663669804687500005e+02,-9.654678600572012215e+01
4.663672734374999891e+02,-9.001423692938564614e+01
4.663675664062500346e+02,-9.971947223089560453e+01
4.663678593750000232e+02,-9.892399632933054932e+01
4.663681523437500118e+02,-9.303130632165745340e+01
4.663684453125000005e+02,-1.082033716780018437e+02
4.663687382812499891e+02,-8.971876703098963901e+01
4.663690312500000346e+02,-8.757473447988184034e+01
4.663693242187500232e+02,-8.387448365428171826e+01
4.663696171875000118e+02,-8.683905180053227468e+01
4.663699101562500005e+02,-9.250757052597271013e+01
4.663702031249999891e+02,-9.577051601390009239e+01
4.663704960937500346e+02,-9.786698191176904515e+01
4.663707890625000232e+02,-9.166895954358338372e+01
4.663710820312500118e+02,-9.286057392413704292e+01
4.663713750000000005e+02,-9.316916346862042531e+01
4.663716679687499891e+02,-8.777515183467458826e+01
4.663719609375000346e+02,-8.448915015860136180e+01
4.663722539062500232e+02,-8.486352797649759339e+01
4.663725468750000118e+02,-8.621559011825121388e+01
4.663728398437500005e+02,-8.829858958612422271e+01
4.663731328124999891e+02,-9.996569996844014838e+01
4.663734257812500346e+02,-1.067633801872123342e+02
4.663737187500000232e+02,-9.947644897365272243e+01
4.663740117187500118e+02,-9.842377184596685424e+01
4.663743046875000005e+02,-9.991462375919408601e+01
4.663745976562499891e+02,-1.012535678655127356e+02
4.663748906250000346e+02,-8.952925304039300158e+01
4.663751835937500232e+02,-8.855389649125891083e+01
4.663754765625000118e+02,-8.918559162618981873e+01
4.663757695312500005e+02,-8.635079990225389679e+01
4.663760624999999891e+02,-9.125789236817132632e+01
4.663763554687500346e+02,-9.711956427444293638e+01
4.663766484375000232e+02,-8.812827970537608735e+01
4.663769414062500118e+02,-9.891087298548818296e+01
4.663772343750000005e+02,-9.570510926240656602e+01
4.663775273437499891e+02,-9.110928412450563485e+01
4.663778203125000346e+02,-9.260999682910275510e+01
4.663781132812500232e+02,-9.044750771546917179e+01
4.663784062500000118e+02,-8.460248570052368677e+01
4.663786992187500005e+02,-8.274112495906675235e+01
4.663789921874999891e+02,-8.256192310499173459e+01
4.663792851562500346e+02,-8.347576115458579693e+01
4.663795781250000232e+02,-8.805433850907071758e+01
4.663798710937500118e+02,-9.302238833740216251e+01
4.663801640625000005e+02,-1.024418530964140928e+02
4.663804570312499891e+02,-9.597671974367023040e+01
4.663807500000000346e+02,-9.590321367056971269e+01
4.663810429687500232e+02,-9.369424824423137466e+01
4.663813359375000118e+02,-9.349271406060498180e+01
4.663816289062500005e+02,-1.024051913903415141e+02
4.663819218749999891e+02,-9.123797565782223273e+01
4.663822148437500346e+02,-8.564051758529116398e+01
4.663825078125000232e+02,-8.696111012134056750e+01
4.663828007812500118e+02,-9.372651456842376660e+01
4.663830937500000005e+02,-9.180424636531228089e+01
4.663833867187499891e+02,-8.958971583733352873e+01
4.663836796875000346e+02,-9.300381053246394458e+01
4.663839726562500232e+02,-9.445477406157803557e+01
4.663842656250000118e+02,-1.007829596633048510e+02
4.663845585937500005e+02,-9.278381236321166625e+01
4.663848515624999891e+02,-8.522433803870002578e+01
4.663851445312500346e+02,-9.075472482629550086e+01
4.663854375000000232e+02,-8.749735430663287161e+01
4.663857304687500118e+02,-8.274155574827460669e+01
4.663860234375000005e+02,-8.164543617332432746e+01
4.663863164062499891e+02,-8.643464754605696498e+01
4.663866093750000346e+02,-9.450538900614191107e+01
4.663869023437500232e+02,-8.894749302730821228e+01
4.663871953125000118e+02,-8.667584494815795892e+01
4.663874882812500005e+02,-8.863893054953044270e+01
4.663877812499999891e+02,-9.811094043944800092e+01
4.663880742187500346e+02,-9.032193902326936552e+01
4.663883671875000232e+02,-1.162934289452423116e+02
4.663886601562500118e+02,-8.972041094943853068e+01
4.663889531250000005e+02,-9.363612740790438238e+01
4.663892460937499891e+02,-9.647566592636950134e+01
4.663895390625000346e+02,-9.289224200770516404e+01
4.663898320312500232e+02,-9.559845306705163637e+01
4.663901250000000118e+02,-8.806539552481694955e+01
4.663904179687500005e+02,-8.991112033756664346e+01
4.663907109374999891e+02,-1.098576049061285431e+02
4.663910039062500346e+02,-9.616587744545965677e+01
4.663912968750000232e+02,-9.069267513172975725e+01
4.663915898437500118e+02,-8.751713034597108276e+01
4.663918828125000005e+02,-8.516757115239686016e+01
4.663921757812499891e+02,-8.678600602258495655e+01
4.663924687500000346e+02,-8.759585160485725908e+01
4.663927617187500232e+02,-8.471390451130696420e+01
4.663930546875000118e+02,-9.029129717607830230e+01
4.663933476562500005e+02,-1.072703570625477880e+02
4.663936406249999891e+02,-8.973268319125095616e+01
4.663939335937500346e+02,-8.862539612224631469e+01
4.663942265625000232e+02,-9.769077306414699535e+01
4.663945195312500118e+02,-8.795671252354834735e+01
4.663948125000000005e+02,-8.808672985818486723e+01
4.663951054687499891e+02,-1.060536866358971366e+02
4.663953984375000346e+02,-9.041847454557350261e+01
4.663956914062500232e+02,-8.488553022112681390e+01
4.663959843750000118e+02,-8.702837736585053108e+01
4.663962773437500005e+02,-9.604226637653100340e+01
4.663965703124999891e+02,-9.281951976999121712e+01
4.663968632812500346e+02,-8.874689302255782763e+01
4.663971562500000232e+02,-9.466043235960393076e+01
4.663974492187500118e+02,-9.832542074365863982e+01
4.663977421875000005e+02,-9.127755785798984789e+01
4.663980351562499891e+02,-9.271992823814942142e+01
4.663983281250000346e+02,-8.802579798919047960e+01
4.663986210937500232e+02,-8.607717103187418672e+01
4.663989140625000118e+02,-8.830195338576699271e+01
4.663992070312500005e+02,-9.236889311145505133e+01
4.663994999999999891e+02,-8.549741167966607236e+01
4.663997929687500346e+02,-8.873503408119168512e+01
4.664000859375000232e+02,-8.778589534887862555e+01
4.664003789062500118e+02,-8.623593912075477874e+01
4.664006718750000005e+02,-8.419995633899368670e+01
4.664009648437499891e+02,-8.713815140174540375e+01
4.664012578125000346e+02,-9.819416640398777929e+01
4.664015507812500232e+02,-9.654651782300564378e+01
4.664018437500000118e+02,-9.640793254147109792e+01
4.664021367187500005e+02,-8.856769817511894871e+01
4.664024296874999891e+02,-8.766698005493157098e+01
4.664027226562500346e+02,-9.457950071805116465e+01
4.664030156250000232e+02,-9.133754898576049186e+01
4.664033085937500118e+02,-8.706305477986410324e+01
4.664036015625000005e+02,-8.346842563922125180e+01
4.664038945312499891e+02,-8.566806146632460184e+01
4.664041875000000346e+02,-9.111848950998387409e+01
4.664044804687500232e+02,-9.487101106124789851e+01
4.664047734375000118e+02,-8.995069700603535523e+01
4.664050664062500005e+02,-8.606610382509185797e+01
4.664053593749999891e+02,-9.514965107287645196e+01
4.664056523437500346e+02,-8.879977486501887540e+01
4.664059453125000232e+02,-8.690863501129658175e+01
4.664062382812500118e+02,-8.697328475928763680e+01
4.664065312500000005e+02,-8.924115292066022675e+01
4.664068242187499891e+02,-9.106505297105559293e+01
4.664071171875000346e+02,-8.684277429194914077e+01
4.664074101562500232e+02,-8.751476794048161878e+01
4.664077031250000118e+02,-9.549400751771449336e+01
4.664079960937500005e+02,-8.919806767713353679e+01
4.664082890624999891e+02,-8.443726538847883489e+01
4.664085820312500346e+02,-8.681863247563974539e+01
4.664088750000000232e+02,-8.584955911392898997e+01
4.664091679687500118e+02,-8.462354214756736326e+01
4.664094609375000005e+02,-9.678809866173762089e+01
4.664097539062499891e+02,-8.745670282272848794e+01
4.664100468750000346e+02,-9.034641108559799250e+01
4.664103398437500232e+02,-9.052630136604790323e+01
4.664106328125000118e+02,-9.077524529477693704e+01
4.664109257812500005e+02,-9.946612445461857988e+01
4.664112187499999891e+02,-8.968802611141782677e+01
4.664115117187500346e+02,-9.372171219418758881e+01
4.664118046875000232e+02,-9.506650578422548392e+01
4.664120976562500118e+02,-1.008032386789710131e+02
4.664123906250000005e+02,-1.033629939624547802e+02
4.664126835937499891e+02,-9.482897246254989909e+01
4.664129765625000346e+02,-9.530816139957835276e+01
4.664132695312500232e+02,-9.186707754226004852e+01
4.664135625000000118e+02,-8.806856016943194732e+01
4.664138554687500005e+02,-9.047465266295822062e+01
4.664141484374999891e+02,-9.085684820634227776e+01
4.664144414062500346e+02,-9.133234483779483526e+01
4.664147343750000232e+02,-8.827993685417675351e+01
4.664150273437500118e+02,-8.454185934738052310e+01
4.664153203125000005e+02,-8.645790096635111865e+01
4.664156132812499891e+02,-8.466260513130997367e+01
4.664159062500000346e+02,-9.055008358366002597e+01
4.664161992187500232e+02,-9.184726883873327097e+01
4.664164921875000118e+02,-9.753877174728086175e+01
4.664167851562500005e+02,-9.102942962733780519e+01
4.664170781249999891e+02,-9.508910353203961563e+01
4.664173710937500346e+02,-8.773271796855213722e+01
4.664176640625000232e+02,-8.888625530870287150e+01
4.664179570312500118e+02,-9.505296312884156862e+01
4.664182500000000005e+02,-9.065546010056178261e+01
4.664185429687499891e+02,-8.513616673346022878e+01
4.664188359375000346e+02,-8.994607989800840642e+01
4.664191289062500232e+02,-9.024928781081965212e+01
4.664194218750000118e+02,-1.043042472207887101e+02
4.664197148437500005e+02,-8.663030480312065151e+01
4.664200078124999891e+02,-8.633915469087368422e+01
4.664203007812500346e+02,-8.638823335522545221e+01
4.664205937500000232e+02,-8.582595830061286790e+01
4.664208867187500118e+02,-8.700931345673328110e+01
4.664211796875000005e+02,-8.790844267254254873e+01
4.664214726562499891e+02,-8.479681122889894596e+01
4.664217656250000346e+02,-8.362533673211470386e+01
4.664220585937500232e+02,-8.377694003953011759e+01
4.664223515625000118e+02,-8.869379425046817289e+01
4.664226445312500005e+02,-8.616535897883267126e+01
4.664229374999999891e+02,-9.015116649345256405e+01
4.664232304687500346e+02,-9.514595170601630514e+01
4.664235234375000232e+02,-8.996632903657486224e+01
4.664238164062500118e+02,-8.754680432595819184e+01
4.664241093750000005e+02,-9.141242793846460302e+01
4.664244023437499891e+02,-9.946630079808593905e+01
4.664246953125000346e+02,-9.159439447708008686e+01
4.664249882812500232e+02,-9.109548401282835073e+01
4.664252812500000118e+02,-9.322732558288323901e+01
4.664255742187500005e+02,-8.925674075761916981e+01
4.664258671874999891e+02,-9.399923287824529439e+01
4.664261601562500346e+02,-8.666259077325565841e+01
4.664264531250000232e+02,-9.428345546344404227e+01
4.664267460937500118e+02,-8.549376924440926473e+01
4.664270390625000005e+02,-8.540130062471402539e+01
4.664273320312499891e+02,-8.749993980004093430e+01
4.664276250000000346e+02,-8.960297598287223764e+01
4.664279179687500232e+02,-8.547053667975060876e+01
4.664282109375000118e+02,-8.117632913243761550e+01
4.664285039062500005e+02,-8.281612872470023490e+01
4.664287968749999891e+02,-8.888320858691895410e+01
4.664290898437500346e+02,-8.955839118548978206e+01
4.664293828125000232e+02,-8.867143831442297142e+01
4.664296757812500118e+02,-8.885937846371254523e+01
4.664299687500000005e+02,-8.553268868243790735e+01
4.664302617187499891e+02,-8.382236639025074965e+01
4.664305546875000346e+02,-9.083073086668508722e+01
4.664308476562500232e+02,-9.526358752441481670e+01
4.664311406250000118e+02,-8.865922727320725016e+01
4.664314335937500005e+02,-9.687726247415727698e+01
4.664317265624999891e+02,-9.642960884468013205e+01
4.664320195312500346e+02,-9.344182688981517515e+01
4.664323125000000232e+02,-9.453444750396185725e+01
4.664326054687500118e+02,-1.007857515775906876e+02
4.664328984375000005e+02,-9.192653711051663379e+01
4.664331914062499891e+02,-9.112222556247715488e+01
4.664334843750000346e+02,-9.163579513703825796e+01
4.664337773437500232e+02,-1.090941579574683686e+02
4.664340703125000118e+02,-9.696452261778955517e+01
4.664343632812500005e+02,-8.923796924848306844e+01
4.664346562499999891e+02,-8.632041654859550306e+01
4.664349492187500346e+02,-8.982031957530146826e+01
4.664352421875000232e+02,-8.812759344694723040e+01
4.664355351562500118e+02,-8.794537941511936197e+01
4.664358281250000005e+02,-8.964272171785418664e+01
4.664361210937499891e+02,-9.116305164029240871e+01
4.664364140625000346e+02,-9.011036763593502030e+01
4.664367070312500232e+02,-8.695525511686722098e+01
4.664370000000000118e+02,-8.532672263148170089e+01
4.664372929687500005e+02,-8.833961521753195711e+01
4.664375859374999891e+02,-8.440034258222304686e+01
4.664378789062500346e+02,-8.448406026080860443e+01
4.664381718750000232e+02,-9.543196069730308295e+01
4.664384648437500118e+02,-9.132939678342813750e+01
4.664387578125000005e+02,-9.550679681181799197e+01
4.664390507812499891e+02,-8.905705144279414753e+01
4.664393437500000346e+02,-8.796379134044953219e+01
4.664396367187500232e+02,-9.036939444981604197e+01
4.664399296875000118e+02,-8.735128288241854477e+01
4.664402226562500005e+02,-8.723467329462700093e+01
4.664405156249999891e+02,-9.156765486399336851e+01
4.664408085937500346e+02,-1.057979647276766713e+02
4.664411015625000232e+02,-1.029359805557474914e+02
4.664413945312500118e+02,-9.053893922750111756e+01
4.664416875000000005e+02,-9.767370208092643225e+01
4.664419804687499891e+02,-8.299606154110593081e+01
4.664422734375000346e+02,-8.395719047021786707e+01
4.664425664062500232e+02,-8.506083651547186264e+01
4.664428593750000118e+02,-8.250880872166678159e+01
4.664431523437500005e+02,-8.587482400106469527e+01
4.664434453124999891e+02,-8.594095335495666177e+01
4.664437382812500346e+02,-8.493310167418607648e+01
4.664440312500000232e+02,-9.393104750250194002e+01
4.664443242187500118e+02,-9.079396378619458119e+01
4.664446171875000005e+02,-8.632576552751915244e+01
4.664449101562499891e+02,-9.085057621322607702e+01
4.664452031250000346e+02,-8.802520746403934027e+01
4.664454960937500232e+02,-8.829571328960622623e+01
4.664457890625000118e+02,-8.754438907381391743e+01
4.664460820312500005e+02,-8.418425825092752746e+01
4.664463749999999891e+02,-8.046823621060454457e+01
4.664466679687500346e+02,-8.237413338410654262e+01
4.664469609375000232e+02,-8.982988480219226801e+01
4.664472539062500118e+02,-9.019075108635331617e+01
4.664475468750000005e+02,-8.740741451722202271e+01
4.664478398437499891e+02,-9.007073559972185706e+01
4.664481328125000346e+02,-8.578805941012673486e+01
4.664484257812500232e+02,-8.434251331077346947e+01
4.664487187500000118e+02,-8.978114093358766468e+01
4.664490117187500005e+02,-9.059757360459981612e+01
4.664493046874999891e+02,-8.422263656306589041e+01
4.664495976562500346e+02,-8.286561720785087459e+01
4.664498906250000232e+02,-8.845263380265078013e+01
4.664501835937500118e+02,-9.310476030206167763e+01
4.664504765625000005e+02,-8.561073522471383512e+01
4.664507695312499891e+02,-8.795770056416367311e+01
4.664510625000000346e+02,-8.493890056737315319e+01
4.664513554687500232e+02,-8.688418635582168292e+01
4.664516484375000118e+02,-8.905181896896694127e+01
4.664519414062500005e+02,-9.079184031950212841e+01
4.664522343749999891e+02,-9.672499649365715868e+01
4.664525273437500346e+02,-9.382528070017482946e+01
4.664528203125000232e+02,-8.767488583309534533e+01
4.664531132812500118e+02,-8.992976367572342156e+01
4.664534062500000005e+02,-8.909782573251398219e+01
4.664536992187499891e+02,-8.406955647483263760e+01
4.664539921875000346e+02,-8.947082415248956977e+01
4.664542851562500232e+02,-9.003339946684712913e+01
4.664545781250000118e+02,-9.635197645106431708e+01
4.664548710937500005e+02,-9.546665530055442161e+01
4.664551640624999891e+02,-9.140056217984297859e+01
4.664554570312500346e+02,-1.014660988375349575e+02
4.664557500000000232e+02,-8.929527177163464557e+01
4.664560429687500118e+02,-9.091226734908715912e+01
4.664563359375000005e+02,-1.122177755542537909e+02
4.664566289062499891e+02,-9.099160460378762139e+01
4.664569218750000346e+02,-8.389905894251810992e+01
4.664572148437500232e+02,-9.137243727463504683e+01
4.664575078125000118e+02,-9.249582930967379468e+01
4.664578007812500005e+02,-8.545546011729655334e+01
4.664580937499999891e+02,-8.615702669886459830e+01
4.664583867187500346e+02,-9.681835991767653127e+01
4.664586796875000232e+02,-8.965387600743788710e+01
4.664589726562500118e+02,-9.011064202047532490e+01
4.664592656250000005e+02,-9.326404374174315137e+01
4.664595585937499891e+02,-8.970850197474517529e+01
4.664598515625000346e+02,-8.896409268764108447e+01
4.664601445312500232e+02,-8.803959896722675182e+01
4.664604375000000118e+02,-9.008282280758095339e+01
4.664607304687500005e+02,-1.010024693062861587e+02
4.664610234374999891e+02,-9.406625777112735420e+01
4.664613164062500346e+02,-9.057770588543357348e+01
4.664616093750000232e+02,-8.332417284595211981e+01
4.664619023437500118e+02,-8.826662959945369380e+01
4.664621953125000005e+02,-8.990984781386191571e+01
4.664624882812499891e+02,-8.465219493618208446e+01
4.664627812500000346e+02,-8.504763210275392282e+01
4.664630742187500232e+02,-9.798195103154769470e+01
4.664633671875000118e+02,-8.863240218872311971e+01
4.664636601562500005e+02,-9.417151322490467180e+01
4.664639531249999891e+02,-9.130674333006015786e+01
4.664642460937500346e+02,-8.533596578186289605e+01
4.664645390625000232e+02,-8.625083290645888212e+01
4.664648320312500118e+02,-9.045121325597867212e+01
4.664651250000000005e+02,-1.058022054108033956e+02
4.664654179687499891e+02,-8.736744560380148528e+01
4.664657109375000346e+02,-8.455753096707465488e+01
4.664660039062500232e+02,-8.838620660195564938e+01
4.664662968750000118e+02,-9.202303470919800077e+01
4.664665898437500005e+02,-9.108382367279538983e+01
4.664668828124999891e+02,-9.272621153718003484e+01
4.664671757812500346e+02,-9.740639628333779854e+01
4.664674687500000232e+02,-9.653572736265188325e+01
4.664677617187500118e+02,-9.327968970290525874e+01
4.664680546875000005e+02,-9.093501910938510946e+01
4.664683476562499891e+02,-9.325401433981494392e+01
4.664686406250000346e+02,-9.295082904082536857e+01
4.664689335937500232e+02,-8.849670985470174855e+01
4.664692265625000118e+02,-8.678909740663422667e+01
4.664695195312500005e+02,-8.897124132921653938e+01
4.664698124999999891e+02,-1.065263535628022993e+02
4.664701054687500346e+02,-9.003558311694382610e+01
4.664703984375000232e+02,-8.407949804160935514e+01
4.664706914062500118e+02,-8.331721367497775077e+01
4.664709843750000005e+02,-8.215068244597796365e+01
4.664712773437499891e+02,-8.656694958932195050e+01
4.664715703125000346e+02,-8.762248257079490088e+01
4.664718632812500232e+02,-9.562053181726770390e+01
4.664721562500000118e+02,-8.847541791854268922e+01
4.664724492187500005e+02,-8.289077932135936067e+01
4.664727421874999891e+02,-8.526612518902271631e+01
4.664730351562500346e+02,-9.107214442892345119e+01
4.664733281250000232e+02,-8.379214193260294508e+01
4.664736210937500118e+02,-8.462168885050616041e+01
4.664739140625000005e+02,-9.174163283052672568e+01
4.664742070312499891e+02,-8.697660626233061976e+01
4.664745000000000346e+02,-8.155878329553728179e+01
4.664747929687500232e+02,-8.731103426447069182e+01
4.664750859375000118e+02,-8.985812723671384106e+01
4.664753789062500005e+02,-9.102890562564607535e+01
4.664756718749999891e+02,-8.849925340542746710e+01
4.664759648437500346e+02,-9.104890987077040165e+01
4.664762578125000232e+02,-9.537989523086012866e+01
4.664765507812500118e+02,-8.933059495126799732e+01
4.664768437500000005e+02,-8.454478150396218439e+01
4.664771367187499891e+02,-8.370971195015991384e+01
4.664774296875000346e+02,-8.794824873348802896e+01
4.664777226562500232e+02,-1.090393251012962423e+02
4.664780156250000118e+02,-9.532025869474219348e+01
4.664783085937500005e+02,-9.324198402250735285e+01
4.664786015624999891e+02,-9.823907736090815490e+01
4.664788945312500346e+02,-9.566835520855299535e+01
4.664791875000000232e+02,-9.263743275904487007e+01
4.664794804687500118e+02,-9.355850871144460257e+01
4.664797734375000005e+02,-9.168078480962357446e+01
4.664800664062499891e+02,-8.714032859973659129e+01
4.664803593750000346e+02,-8.818584678953067169e+01
4.664806523437500232e+02,-8.836770885379168305e+01
4.664809453125000118e+02,-8.328211934894164870e+01
4.664812382812500005e+02,-8.316742381413733654e+01
4.664815312499999891e+02,-8.685193722429460195e+01
4.664818242187500346e+02,-9.739903715792168271e+01
4.664821171875000232e+02,-9.326453376126488592e+01
4.664824101562500118e+02,-8.776075824573186424e+01
4.664827031250000005e+02,-9.170786337967372503e+01
4.664829960937499891e+02,-9.483651689188661749e+01
4.664832890625000346e+02,-8.667191021688786634e+01
4.664835820312500232e+02,-8.863390561063832251e+01
4.664838750000000118e+02,-8.674297270668691340e+01
4.664841679687500005e+02,-9.254883414783678575e+01
4.664844609374999891e+02,-8.970133548593308603e+01
4.664847539062500346e+02,-9.037542102626630935e+01
4.664850468750000232e+02,-8.894115108453631535e+01
4.664853398437500118e+02,-8.369695318583077892e+01
4.664856328125000005e+02,-8.522403599806921193e+01
4.664859257812499891e+02,-8.922008955172685774e+01
4.664862187500000346e+02,-8.535513626468286930e+01
4.664865117187500232e+02,-8.811190328055026555e+01
4.664868046875000118e+02,-9.100759327445746294e+01
4.664870976562500005e+02,-8.636435957077137004e+01
4.664873906249999891e+02,-8.808226397102929184e+01
4.664876835937500346e+02,-8.799341427836743890e+01
4.664879765625000232e+02,-8.567246004698708362e+01
4.664882695312500118e+02,-9.047880630485666131e+01
4.664885625000000005e+02,-9.574942668696822068e+01
4.664888554687499891e+02,-8.868358375070965849e+01
4.664891484375000346e+02,-8.816182749904467641e+01
4.664894414062500232e+02,-9.438723527969393956e+01
4.664897343750000118e+02,-8.989891627533440044e+01
4.664900273437500005e+02,-8.731337511146917052e+01
4.664903203124999891e+02,-8.381821791650213527e+01
4.664906132812500346e+02,-8.324368640196254887e+01
4.664909062500000232e+02,-9.038150943397324966e+01
4.664911992187500118e+02,-9.144427076300581803e+01
4.664914921875000005e+02,-8.776827117573705550e+01
4.664917851562499891e+02,-8.291797816676636046e+01
4.664920781250000346e+02,-8.222107969630516777e+01
4.664923710937500232e+02,-8.677333193751606188e+01
4.664926640625000118e+02,-9.019827700388759695e+01
4.664929570312500005e+02,-8.684117857114884487e+01
4.664932499999999891e+02,-8.745922447350793050e+01
4.664935429687500346e+02,-8.597326284475018099e+01
4.664938359375000232e+02,-8.453654159553799730e+01
4.664941289062500118e+02,-8.643628935226077203e+01
4.664944218750000005e+02,-9.312115789372808194e+01
4.664947148437499891e+02,-1.001415142341141120e+02
4.664950078125000346e+02,-8.521151223222312865e+01
4.664953007812500232e+02,-8.351693810202009161e+01
4.664955937500000118e+02,-8.698558657952693807e+01
4.664958867187500005e+02,-8.395497075489954852e+01
4.664961796874999891e+02,-8.284416012619801961e+01
4.664964726562500346e+02,-8.660841179828901204e+01
4.664967656250000232e+02,-1.001565517740485518e+02
4.664970585937500118e+02,-1.068145986642146283e+02
4.664973515625000005e+02,-8.999258042477296726e+01
4.664976445312499891e+02,-8.505220457618597152e+01
4.664979375000000346e+02,-9.078081491816908510e+01
4.664982304687500232e+02,-9.260089877355837018e+01
4.664985234375000118e+02,-8.746340225065060281e+01
4.664988164062500005e+02,-8.956080687923433459e+01
4.664991093749999891e+02,-1.056362929519592484e+02
4.664994023437500346e+02,-9.608432085455004312e+01
4.664996953125000232e+02,-8.831490087173462200e+01
4.664999882812500118e+02,-8.688534941791780852e+01
4.665002812500000005e+02,-8.931841114331091092e+01
4.665005742187499891e+02,-8.937043337635702756e+01
4.665008671875000346e+02,-9.493981055640860234e+01
4.665011601562500232e+02,-8.960499546959863437e+01
4.665014531250000118e+02,-1.034120590404174322e+02
4.665017460937500005e+02,-8.719230546380904912e+01
4.665020390624999891e+02,-8.647873699059353214e+01
4.665023320312500346e+02,-9.438632263978504966e+01
4.665026250000000232e+02,-8.823054957799229214e+01
4.665029179687500118e+02,-8.872300520245075006e+01
4.665032109375000005e+02,-9.176358087986407952e+01
4.665035039062499891e+02,-8.991338794385313804e+01
4.665037968750000346e+02,-8.645575446360490446e+01
4.665040898437500232e+02,-9.466267273508181290e+01
4.665043828125000118e+02,-9.564626256704897855e+01
4.665046757812500005e+02,-9.185815752167934534e+01
4.665049687499999891e+02,-9.329088019270749044e+01
4.665052617187500346e+02,-9.097257457937379854e+01
4.665055546875000232e+02,-8.876638661842392253e+01
4.665058476562500118e+02,-1.014486045165811277e+02
4.665061406250000005e+02,-9.364746852191208859e+01
4.665064335937499891e+02,-8.575059843642861779e+01
4.665067265625000346e+02,-8.491739043186447589e+01
4.665070195312500232e+02,-8.852867049080626316e+01
4.665073125000000118e+02,-9.166028702803301087e+01
4.665076054687500005e+02,-9.978430907395954819e+01
4.665078984374999891e+02,-9.221462247007838187e+01
4.665081914062500346e+02,-9.310693208175479185e+01
4.665084843750000232e+02,-9.809510141673941064e+01
4.665087773437500118e+02,-9.804715544154106510e+01
4.665090703125000005e+02,-9.492775435598147737e+01
4.665093632812499891e+02,-8.861545464994520671e+01
4.665096562500000346e+02,-9.067473768659851885e+01
4.665099492187500232e+02,-8.591275855929535510e+01
4.665102421875000118e+02,-8.488034665868205764e+01
4.665105351562500005e+02,-9.764275949225847739e+01
4.665108281249999891e+02,-8.716413051762259556e+01
4.665111210937500346e+02,-8.647022391664707186e+01
4.665114140625000232e+02,-1.028212799797942267e+02
4.665117070312500118e+02,-9.303776988360550604e+01
4.665120000000000005e+02,-8.931843331596054725e+01
4.665122929687499891e+02,-9.016944453384323310e+01
4.665125859375000346e+02,-9.343403444708179961e+01
4.665128789062500232e+02,-8.467264733852832137e+01
4.665131718750000118e+02,-8.210247188908722649e+01
4.665134648437500005e+02,-8.393674925256696895e+01
4.665137578124999891e+02,-8.429064582964443275e+01
4.665140507812500346e+02,-8.706880688900915288e+01
4.665143437500000232e+02,-8.949687386164454495e+01
4.665146367187500118e+02,-9.627448569363416198e+01
4.665149296875000005e+02,-8.443506146184361683e+01
4.665152226562499891e+02,-9.053722318913415279e+01
4.665155156250000346e+02,-9.512743732657220619e+01
4.665158085937500232e+02,-9.769306007571201178e+01
4.665161015625000118e+02,-9.575685839305972991e+01
4.665163945312500005e+02,-8.630804039681807183e+01
4.665166874999999891e+02,-8.375087219424244722e+01
4.665169804687500346e+02,-8.419473258016873274e+01
4.665172734375000232e+02,-8.346510564396299969e+01
4.665175664062500118e+02,-9.850886286656668744e+01
4.665178593750000005e+02,-9.183567820895746081e+01
4.665181523437499891e+02,-9.258307691701020303e+01
4.665184453125000346e+02,-9.433933133852127639e+01
4.665187382812500232e+02,-9.279538378087266892e+01
4.665190312500000118e+02,-8.910238655713256151e+01
4.665193242187500005e+02,-8.873335239638743133e+01
4.665196171874999891e+02,-8.787636291913631226e+01
4.665199101562500346e+02,-8.456606626216048994e+01
4.665202031250000232e+02,-8.638809209379296306e+01
4.665204960937500118e+02,-9.072407943713265865e+01
4.665207890625000005e+02,-8.721914392108230629e+01
4.665210820312499891e+02,-9.085308876979878789e+01
4.665213750000000346e+02,-8.827460636143212014e+01
4.665216679687500232e+02,-8.369419069143332024e+01
4.665219609375000118e+02,-8.767603261282117444e+01
4.665222539062500005e+02,-9.779087663387024065e+01
4.665225468749999891e+02,-9.457570418373408927e+01
4.665228398437500346e+02,-8.749277093193791188e+01
4.665231328125000232e+02,-8.453891439193827750e+01
4.665234257812500118e+02,-8.465062247775665583e+01
4.665237187500000005e+02,-8.970727902248926000e+01
4.665240117187499891e+02,-1.005292464438944791e+02
4.665243046875000346e+02,-8.686309063221214899e+01
4.665245976562500232e+02,-8.490705137017933168e+01
4.665248906250000118e+02,-8.531377627078690296e+01
4.665251835937500005e+02,-8.554458484971749499e+01
4.665254765624999891e+02,-8.414440581033581168e+01
4.665257695312500346e+02,-8.368485510250897619e+01
4.665260625000000232e+02,-8.808565285808799672e+01
4.665263554687500118e+02,-9.643717739837720160e+01
4.665266484375000005e+02,-9.128785129406753640e+01
4.665269414062499891e+02,-9.506319836247698163e+01
4.665272343750000346e+02,-8.805142367885696331e+01
4.665275273437500232e+02,-8.966891625448081982e+01
4.665278203125000118e+02,-8.983549827116357278e+01
4.665281132812500005e+02,-9.136512601603251937e+01
4.665284062499999891e+02,-9.397465424836347836e+01
4.665286992187500346e+02,-8.486949496467792642e+01
4.665289921875000232e+02,-8.848984845442750213e+01
4.665292851562500118e+02,-8.647910004929124739e+01
4.665295781250000005e+02,-8.596699708080272728e+01
4.665298710937499891e+02,-9.401723753685243423e+01
4.665301640625000346e+02,-8.574485126102433696e+01
4.665304570312500232e+02,-8.823057016296831989e+01
4.665307500000000118e+02,-9.027766329606166096e+01
4.665310429687500005e+02,-8.625703673771256774e+01
4.665313359374999891e+02,-8.911812458565432848e+01
4.665316289062500346e+02,-8.565170950723612009e+01
4.665319218750000232e+02,-8.274425683762748918e+01
4.665322148437500118e+02,-8.704576520898015701e+01
4.665325078125000005e+02,-9.144803238260941214e+01
4.665328007812499891e+02,-9.126953157381089454e+01
4.665330937500000346e+02,-9.707743001250429415e+01
4.665333867187500232e+02,-9.937484350108317699e+01
4.665336796875000118e+02,-1.060518352830219868e+02
4.665339726562500005e+02,-9.122490692541092017e+01
4.665342656249999891e+02,-8.682344846327100640e+01
4.665345585937500346e+02,-8.727373976034171221e+01
4.665348515625000232e+02,-8.796924575554655235e+01
4.665351445312500118e+02,-8.436779218102012123e+01
4.665354375000000005e+02,-8.537975653676926413e+01
4.665357304687499891e+02,-9.471721886912276034e+01
4.665360234375000346e+02,-8.494268907175992922e+01
4.665363164062500232e+02,-8.245920312475692526e+01
4.665366093750000118e+02,-8.733527453187264200e+01
4.665369023437500005e+02,-8.908296183457866846e+01
4.665371953124999891e+02,-1.109752644616667112e+02
4.665374882812500346e+02,-8.667388463954614508e+01
4.665377812500000232e+02,-8.282401474453216395e+01
4.665380742187500118e+02,-8.342232863345657279e+01
4.665383671875000005e+02,-1.030069228339129808e+02
4.665386601562499891e+02,-8.796938311446162118e+01
4.665389531250000346e+02,-9.527432325849508743e+01
4.665392460937500232e+02,-8.814823487097808652e+01
4.665395390625000118e+02,-9.610719123514940065e+01
4.665398320312500005e+02,-9.008459919713587283e+01
4.665401249999999891e+02,-9.025377312777705185e+01
4.665404179687500346e+02,-8.892275041664137802e+01
4.665407109375000232e+02,-9.384168336514582620e+01
4.665410039062500118e+02,-8.730513268305020347e+01
4.665412968750000005e+02,-8.435400372499211130e+01
4.665415898437499891e+02,-8.479467428981719479e+01
4.665418828125000346e+02,-8.985683320507378369e+01
4.665421757812500232e+02,-9.243545957292849380e+01
4.665424687500000118e+02,-8.880785805435306202e+01
4.665427617187500005e+02,-8.888517509787760673e+01
4.665430546874999891e+02,-8.495548265342301875e+01
4.665433476562500346e+02,-9.232891707223035382e+01
4.665436406250000232e+02,-9.666036927385189870e+01
4.665439335937500118e+02,-8.570447690088501247e+01
4.665442265625000005e+02,-8.416350016061517181e+01
4.665445195312499891e+02,-8.498065423654828976e+01
4.665448125000000346e+02,-8.938733149915434240e+01
4.665451054687500232e+02,-9.444397015311581356e+01
4.665453984375000118e+02,-9.846366170140258589e+01
4.665456914062500005e+02,-9.829006652343940686e+01
4.665459843749999891e+02,-1.043028760979768776e+02
4.665462773437500346e+02,-9.585754211521464185e+01
4.665465703125000232e+02,-9.388231483079566431e+01
4.665468632812500118e+02,-9.288733175101440054e+01
4.665471562500000005e+02,-8.570835358938370518e+01
4.665474492187499891e+02,-8.896404688626671486e+01
4.665477421875000346e+02,-8.622991920145108224e+01
4.665480351562500232e+02,-8.526554581887836548e+01
4.665483281250000118e+02,-8.770831216429400001e+01
4.665486210937500005e+02,-8.595328182303242670e+01
4.665489140624999891e+02,-9.089224380627912581e+01
4.665492070312500346e+02,-9.182573502078628280e+01
4.665495000000000232e+02,-9.224962661188939705e+01
4.665497929687500118e+02,-9.122009202160072050e+01
4.665500859375000005e+02,-9.508338604806574779e+01
4.665503789062499891e+02,-9.199761759678051476e+01
4.665506718750000346e+02,-8.434482741681179618e+01
4.665509648437500232e+02,-8.756175174018949292e+01
4.665512578125000118e+02,-9.938264177664456156e+01
4.665515507812500005e+02,-9.618707456109564191e+01
4.665518437499999891e+02,-9.266359498834829367e+01
4.665521367187500346e+02,-9.429014144484982296e+01
4.665524296875000232e+02,-8.804654043581406597e+01
4.665527226562500118e+02,-8.279089334216226348e+01
4.665530156250000005e+02,-8.596848465555524399e+01
4.665533085937499891e+02,-9.931343834514920843e+01
4.665536015625000346e+02,-8.962882011800424209e+01
4.665538945312500232e+02,-9.029379059464872626e+01
4.665541875000000118e+02,-1.108053444461773296e+02
4.665544804687500005e+02,-9.368215153146059038e+01
4.665547734374999891e+02,-9.428953992018712427e+01
4.665550664062500346e+02,-1.017562995049020600e+02
4.665553593750000232e+02,-8.951790074954432441e+01
4.665556523437500118e+02,-8.766192350928086796e+01
4.665559453125000005e+02,-8.641557832519013971e+01
4.665562382812499891e+02,-8.426247553445449512e+01
4.665565312500000346e+02,-8.636566559424989009e+01
4.665568242187500232e+02,-9.948478990967933555e+01
4.665571171875000118e+02,-9.301777110749205235e+01
4.665574101562500005e+02,-9.431526497514369112e+01
4.665577031249999891e+02,-9.249779367694458188e+01
4.665579960937500346e+02,-9.659129429978162307e+01
4.665582890625000232e+02,-8.445495050514672641e+01
4.665585820312500118e+02,-9.482095751405340422e+01
4.665588750000000005e+02,-8.410992756989182340e+01
4.665591679687499891e+02,-8.265496680645941296e+01
4.665594609375000346e+02,-9.165660943897091784e+01
4.665597539062500232e+02,-1.020482025158314485e+02
4.665600468750000118e+02,-8.854228943968116994e+01
4.665603398437500005e+02,-9.125335536696127292e+01
4.665606328124999891e+02,-9.559569610608139101e+01
4.665609257812500346e+02,-8.504681666912804872e+01
4.665612187500000232e+02,-8.416004464126640983e+01
4.665615117187500118e+02,-8.856975956064216859e+01
4.665618046875000005e+02,-9.458961910151940344e+01
4.665620976562499891e+02,-9.316502080621596349e+01
4.665623906250000346e+02,-8.974864024246429040e+01
4.665626835937500232e+02,-8.790625783119344305e+01
4.665629765625000118e+02,-9.265014365283654740e+01
4.665632695312500005e+02,-9.434511235474806767e+01
4.665635624999999891e+02,-9.822510764644617609e+01
4.665638554687500346e+02,-1.048191684817450522e+02
4.665641484375000232e+02,-8.755861893870564927e+01
4.665644414062500118e+02,-8.631802560993105544e+01
4.665647343750000005e+02,-8.954452512322225743e+01
4.665650273437499891e+02,-8.904841700557176409e+01
4.665653203125000346e+02,-9.496773547946217775e+01
4.665656132812500232e+02,-8.614887576521576307e+01
4.665659062500000118e+02,-8.923876416503732401e+01
4.665661992187500005e+02,-9.218709856917226375e+01
4.665664921874999891e+02,-9.080217552947688375e+01
4.665667851562500346e+02,-8.857629998393204573e+01
4.665670781250000232e+02,-8.256935496930304907e+01
4.665673710937500118e+02,-8.043123468794199482e+01
4.665676640625000005e+02,-8.169043674985866232e+01
4.665679570312499891e+02,-9.197496356149861185e+01
4.665682500000000346e+02,-9.754565411879326575e+01
4.665685429687500232e+02,-1.018113595097166524e+02
4.665688359375000118e+02,-9.349549913794577094e+01
4.665691289062500005e+02,-8.926053324806689204e+01
4.665694218749999891e+02,-8.497279163102308530e+01
4.665697148437500346e+02,-8.011031316393031432e+01
4.665700078125000232e+02,-8.148370485334999103e+01
4.665703007812500118e+02,-9.400266676722756642e+01
4.665705937500000005e+02,-1.013437602843192167e+02
4.665708867187499891e+02,-9.246305381723074390e+01
4.665711796875000346e+02,-8.724490388740542812e+01
4.665714726562500232e+02,-8.901029211567123411e+01
4.665717656250000118e+02,-9.046581720082157574e+01
4.665720585937500005e+02,-8.553099808896385525e+01
4.665723515624999891e+02,-9.020700055287376529e+01
4.665726445312500346e+02,-9.065826152303097274e+01
4.665729375000000232e+02,-8.672640740402478343e+01
4.665732304687500118e+02,-9.200614946176031594e+01
4.665735234375000005e+02,-8.981334132646053092e+01
4.665738164062499891e+02,-8.987211930487787015e+01
4.665741093750000346e+02,-8.590761038997221988e+01
4.665744023437500232e+02,-8.953020311546447374e+01
4.665746953125000118e+02,-1.003961816123022430e+02
4.665749882812500005e+02,-8.452602188599902888e+01
4.665752812499999891e+02,-8.445594250274459114e+01
4.665755742187500346e+02,-8.923841418071955900e+01
4.665758671875000232e+02,-8.613288385472978348e+01
4.665761601562500118e+02,-8.689851968697503537e+01
4.665764531250000005e+02,-8.845812114242679058e+01
4.665767460937499891e+02,-1.084012741655175063e+02
4.665770390625000346e+02,-8.847940164643354422e+01
4.665773320312500232e+02,-8.466576177432251882e+01
4.665776250000000118e+02,-8.517482560408814152e+01
4.665779179687500005e+02,-9.563652115000202514e+01
4.665782109374999891e+02,-8.409342043132724598e+01
4.665785039062500346e+02,-8.141260000807371000e+01
4.665787968750000232e+02,-8.286803536035458251e+01
4.665790898437500118e+02,-8.322773382947914911e+01
4.665793828125000005e+02,-8.588374938329150154e+01
4.665796757812499891e+02,-9.038312052018916631e+01
4.665799687500000346e+02,-9.998475298626060237e+01
4.665802617187500232e+02,-9.815527829345268174e+01
4.665805546875000118e+02,-9.486100406177919808e+01
4.665808476562500005e+02,-8.906466733857145357e+01
4.665811406249999891e+02,-8.936709874492376571e+01
4.665814335937500346e+02,-8.519679546495659395e+01
4.665817265625000232e+02,-8.690434236546519742e+01
4.665820195312500118e+02,-8.877741266557377742e+01
4.665823125000000005e+02,-8.441833802371041884e+01
4.665826054687499891e+02,-8.258183020210451275e+01
4.665828984375000346e+02,-8.310877333159601221e+01
4.665831914062500232e+02,-8.114562182006835656e+01
4.665834843750000118e+02,-8.239317295284733689e+01
4.665837773437500005e+02,-8.507325614282314064e+01
4.665840703124999891e+02,-8.895606015300346314e+01
4.665843632812500346e+02,-8.964037434621943135e+01
4.665846562500000232e+02,-8.961230214773445368e+01
4.665849492187500118e+02,-8.311700945747736569e+01
4.665852421875000005e+02,-8.874862867435382441e+01
4.665855351562499891e+02,-9.213557251425682182e+01
4.665858281250000346e+02,-8.576993593072089084e+01
4.665861210937500232e+02,-8.573175786684714694e+01
4.665864140625000118e+02,-9.979963649812523840e+01
4.665867070312500005e+02,-8.801387862892461555e+01
4.665869999999999891e+02,-8.324377997214917002e+01
4.665872929687500346e+02,-8.649841478170796449e+01
4.665875859375000232e+02,-8.818485977734630410e+01
4.665878789062500118e+02,-9.373734528042010083e+01
4.665881718750000005e+02,-8.909329062357882378e+01
4.665884648437499891e+02,-9.419335112543947730e+01
4.665887578125000346e+02,-9.507763204315816097e+01
4.665890507812500232e+02,-8.480799332136278679e+01
4.665893437500000118e+02,-8.721300503531203674e+01
4.665896367187500005e+02,-1.020293749506830494e+02
4.665899296874999891e+02,-8.844115943154693582e+01
4.665902226562500346e+02,-8.272108315550457291e+01
4.665905156250000232e+02,-8.588680394496884674e+01
4.665908085937500118e+02,-9.783196913343257961e+01
4.665911015625000005e+02,-8.401299078262569253e+01
4.665913945312499891e+02,-9.206417966577896550e+01
4.665916875000000346e+02,-9.923648254697346260e+01
4.665919804687500232e+02,-8.520541809089193919e+01
4.665922734375000118e+02,-8.361216301634703996e+01
4.665925664062500005e+02,-9.605835947117471108e+01
4.665928593749999891e+02,-9.522640875665992155e+01
4.665931523437500346e+02,-9.446407197845111625e+01
4.665934453125000232e+02,-8.225589779302259785e+01
4.665937382812500118e+02,-8.430556324658019207e+01
4.665940312500000005e+02,-8.871890311148013097e+01
4.665943242187499891e+02,-9.463651414573487841e+01
4.665946171875000346e+02,-9.175692648429409815e+01
4.665949101562500232e+02,-9.001411925482473464e+01
4.665952031250000118e+02,-8.421978914751636580e+01
4.665954960937500005e+02,-8.250230670252631171e+01
4.665957890624999891e+02,-8.422524990828097202e+01
4.665960820312500346e+02,-9.200698653858269438e+01
4.665963750000000232e+02,-1.028364471102539994e+02
4.665966679687500118e+02,-9.227059776336648156e+01
4.665969609375000005e+02,-8.704161124872186406e+01
4.665972539062499891e+02,-8.683568899564669152e+01
4.665975468750000346e+02,-8.302546610233528668e+01
4.665978398437500232e+02,-8.391720192135645107e+01
4.665981328125000118e+02,-9.643397742640543413e+01
4.665984257812500005e+02,-8.409618088447922446e+01
4.665987187499999891e+02,-8.135635165562290183e+01
4.665990117187500346e+02,-8.650223655731687700e+01
4.665993046875000232e+02,-9.063575788646892306e+01
4.665995976562500118e+02,-8.980648081019910478e+01
4.665998906250000005e+02,-9.078610879646757326e+01
4.666001835937499891e+02,-8.977865996893478950e+01
4.666004765625000346e+02,-8.777101865622444166e+01
4.666007695312500232e+02,-8.748736491262732784e+01
4.666010625000000118e+02,-1.006577084877522736e+02
4.666013554687500005e+02,-8.617565732660652600e+01
4.666016484374999891e+02,-8.149887339719677470e+01
4.666019414062500346e+02,-8.601122425053898723e+01
4.666022343750000232e+02,-8.668890374196465132e+01
4.666025273437500118e+02,-8.227928624575801564e+01
4.666028203125000005e+02,-1.043819100009259841e+02
4.666031132812499891e+02,-8.750081282836383423e+01
4.666034062500000346e+02,-8.525529467676072670e+01
4.666036992187500232e+02,-8.930270484352243443e+01
4.666039921875000118e+02,-9.749435036462193693e+01
4.666042851562500005e+02,-1.023205357259208625e+02
4.666045781249999891e+02,-9.782776386151253689e+01
4.666048710937500346e+02,-8.990351891965296716e+01
4.666051640625000232e+02,-8.617968352220574957e+01
4.666054570312500118e+02,-8.503679868770626626e+01
4.666057500000000005e+02,-8.585818529967711754e+01
4.666060429687499891e+02,-9.578257174457563394e+01
4.666063359375000346e+02,-9.416442837776527597e+01
4.666066289062500232e+02,-9.251503815807140541e+01
4.666069218750000118e+02,-8.980638702254624661e+01
4.666072148437500005e+02,-1.024571163177396897e+02
4.666075078124999891e+02,-9.029936290127032805e+01
4.666078007812500346e+02,-8.578772549644709500e+01
4.666080937500000232e+02,-8.044790098947390788e+01
4.666083867187500118e+02,-8.102545640967831275e+01
4.666086796875000005e+02,-8.563557754926640087e+01
4.666089726562499891e+02,-8.954119516478479568e+01
4.666092656250000346e+02,-9.940411760988789069e+01
4.666095585937500232e+02,-9.285432883318073038e+01
4.666098515625000118e+02,-8.382025965486121777e+01
4.666101445312500005e+02,-8.643624315949625725e+01
4.666104374999999891e+02,-9.050277594411925008e+01
4.666107304687500346e+02,-8.893215367816421235e+01
4.666110234375000232e+02,-8.543948197980498094e+01
4.666113164062500118e+02,-9.556743003917425483e+01
4.666116093750000005e+02,-9.267817330812290777e+01
4.666119023437499891e+02,-8.580384658161193556e+01
4.666121953125000346e+02,-8.394484094771488003e+01
4.666124882812500232e+02,-8.644517269516320823e+01
4.666127812500000118e+02,-9.468732286996335290e+01
4.666130742187500005e+02,-8.225321378994387089e+01
4.666133671874999891e+02,-8.343568503676523562e+01
4.666136601562500346e+02,-8.843977205543001219e+01
4.666139531250000232e+02,-8.951389494356364196e+01
4.666142460937500118e+02,-8.126274491524563359e+01
4.666145390625000005e+02,-8.286575366824737898e+01
4.666148320312499891e+02,-8.829889563699848054e+01
4.666151250000000346e+02,-8.841439328330493197e+01
4.666154179687500232e+02,-9.359447140369744034e+01
4.666157109375000118e+02,-9.571344337097131927e+01
4.666160039062500005e+02,-9.915759327693783121e+01
4.666162968749999891e+02,-8.914594014745981099e+01
4.666165898437500346e+02,-9.715027260282228383e+01
4.666168828125000232e+02,-9.852645165404611305e+01
4.666171757812500118e+02,-9.050084602088702468e+01
4.666174687500000005e+02,-8.933819016689896841e+01
4.666177617187499891e+02,-8.914253686680228839e+01
4.666180546875000346e+02,-8.635431886596457218e+01
4.666183476562500232e+02,-8.556537946231298974e+01
4.666186406250000118e+02,-8.675554075116686192e+01
4.666189335937500005e+02,-9.583718060824983809e+01
4.666192265624999891e+02,-9.208449440225209059e+01
4.666195195312500346e+02,-9.829113620878887048e+01
4.666198125000000232e+02,-8.786140399530376044e+01
4.666201054687500118e+02,-9.032144080880713943e+01
4.666203984375000005e+02,-9.329271396888167089e+01
4.666206914062499891e+02,-8.292219262300221772e+01
4.666209843750000346e+02,-7.873876098895395614e+01
4.666212773437500232e+02,-8.107408493143586270e+01
4.666215703125000118e+02,-8.688282885817127976e+01
4.666218632812500005e+02,-8.648644927479938360e+01
4.666221562499999891e+02,-9.375301627770581092e+01
4.666224492187500346e+02,-9.229753281099804951e+01
4.666227421875000232e+02,-8.535087776084409938e+01
4.666230351562500118e+02,-8.856117065400738397e+01
4.666233281250000005e+02,-1.045736152207814200e+02
4.666236210937499891e+02,-9.106584093820947601e+01
4.666239140625000346e+02,-1.000125229271255023e+02
4.666242070312500232e+02,-9.701762121815612261e+01
4.666245000000000118e+02,-8.626774400494855399e+01
4.666247929687500005e+02,-8.472167179099331236e+01
4.666250859374999891e+02,-9.293073090872006503e+01
4.666253789062500346e+02,-8.318192250095394513e+01
4.666256718750000232e+02,-8.082144289658457126e+01
4.666259648437500118e+02,-8.580199668656470635e+01
4.666262578125000005e+02,-1.001163560858892652e+02
4.666265507812499891e+02,-8.595077907673028506e+01
4.666268437500000346e+02,-8.622785409973178616e+01
4.666271367187500232e+02,-9.439982377934916258e+01
4.666274296875000118e+02,-1.037961734123684607e+02
4.666277226562500005e+02,-8.712150001558084966e+01
4.666280156249999891e+02,-8.315167265557147402e+01
4.666283085937500346e+02,-8.530757325566582949e+01
4.666286015625000232e+02,-8.966861581436263862e+01
4.666288945312500118e+02,-9.506523505714523026e+01
4.666291875000000005e+02,-9.051554803472149047e+01
4.666294804687499891e+02,-8.587963086482099584e+01
4.666297734375000346e+02,-8.596666974490995017e+01
4.666300664062500232e+02,-9.866696939021502999e+01
4.666303593750000118e+02,-9.090124108502268996e+01
4.666306523437500005e+02,-8.903547087125315329e+01
4.666309453124999891e+02,-1.019962128505768248e+02
4.666312382812500346e+02,-8.990600676132095259e+01
4.666315312500000232e+02,-8.989359770767376290e+01
4.666318242187500118e+02,-9.321354856504348163e+01
4.666321171875000005e+02,-8.686539584851149698e+01
4.666324101562499891e+02,-8.996022285008798747e+01
4.666327031250000346e+02,-8.504742177751793974e+01
4.666329960937500232e+02,-8.593296774163398766e+01
4.666332890625000118e+02,-9.380714310500202657e+01
4.666335820312500005e+02,-8.568647764208505180e+01
4.666338749999999891e+02,-8.940825580432603203e+01
4.666341679687500346e+02,-8.758916943184527781e+01
4.666344609375000232e+02,-8.375640339937802992e+01
4.666347539062500118e+02,-8.493894054487986978e+01
4.666350468750000005e+02,-9.034974120645047435e+01
4.666353398437499891e+02,-9.114192561351930522e+01
4.666356328125000346e+02,-9.207746577317877268e+01
4.666359257812500232e+02,-8.582447582396414987e+01
4.666362187500000118e+02,-8.346978374387964550e+01
4.666365117187500005e+02,-8.473662718903622704e+01
4.666368046874999891e+02,-8.679552887952900164e+01
4.666370976562500346e+02,-9.100642624105367418e+01
4.666373906250000232e+02,-9.084296101552730818e+01
4.666376835937500118e+02,-8.557938098326050635e+01
4.666379765625000005e+02,-8.905239477352203892e+01
4.666382695312499891e+02,-8.517506155743464547e+01
4.666385625000000346e+02,-8.552180672984037813e+01
4.666388554687500232e+02,-9.829294848098339799e+01
4.666391484375000118e+02,-8.258515122433553302e+01
4.666394414062500005e+02,-8.300740101502904622e+01
4.666397343749999891e+02,-8.937915430052483146e+01
4.666400273437500346e+02,-1.003394260935615421e+02
4.666403203125000232e+02,-9.391572040812823730e+01
4.666406132812500118e+02,-8.751477811101098325e+01
4.666409062500000005e+02,-8.553097055689646311e+01
4.666411992187499891e+02,-8.953445942324415796e+01
4.666414921875000346e+02,-9.360189415545906400e+01
4.666417851562500232e+02,-8.505404550887406856e+01
4.666420781250000118e+02,-8.345573594194269162e+01
4.666423710937500005e+02,-9.182947370158487388e+01
4.666426640624999891e+02,-9.122831581061413431e+01
4.666429570312500346e+02,-8.533726207105092953e+01
4.666432500000000232e+02,-9.474278148748402373e+01
4.666435429687500118e+02,-1.153747207363807377e+02
4.666438359375000005e+02,-8.542411998094576120e+01
4.666441289062499891e+02,-8.036259205169631059e+01
4.666444218750000346e+02,-8.586517320913446838e+01
4.666447148437500232e+02,-8.770646505170196860e+01
4.666450078125000118e+02,-8.545323399204521309e+01
4.666453007812500005e+02,-9.613937990629111141e+01
4.666455937499999891e+02,-8.447109436068228661e+01
4.666458867187500346e+02,-8.145884086392956647e+01
4.666461796875000232e+02,-8.493105985232983812e+01
4.666464726562500118e+02,-8.562017486771674157e+01
4.666467656250000005e+02,-8.341664149732415012e+01
4.666470585937499891e+02,-9.222652897273573558e+01
4.666473515625000346e+02,-9.034483147923060642e+01
4.666476445312500232e+02,-8.552853185915680001e+01
4.666479375000000118e+02,-8.956397178306812634e+01
4.666482304687500005e+02,-8.704816389037199542e+01
4.666485234374999891e+02,-8.474204183346132879e+01
4.666488164062500346e+02,-8.958592060848954475e+01
4.666491093750000232e+02,-8.862054049692105195e+01
4.666494023437500118e+02,-8.532636939284577693e+01
4.666496953125000005e+02,-9.199944934658232398e+01
4.666499882812499891e+02,-9.209289566671267835e+01
4.666502812500000346e+02,-8.494841034240482713e+01
4.666505742187500232e+02,-8.177597813968330343e+01
4.666508671875000118e+02,-8.496714022147551759e+01
4.666511601562500005e+02,-8.680896234637977216e+01
4.666514531249999891e+02,-9.134755547276998300e+01
4.666517460937500346e+02,-9.434917609633401980e+01
4.666520390625000232e+02,-8.633840494687001410e+01
4.666523320312500118e+02,-8.279116131040720461e+01
4.666526250000000005e+02,-9.294261403206482441e+01
4.666529179687499891e+02,-8.932791707793668934e+01
4.666532109375000346e+02,-8.797186784407432469e+01
4.666535039062500232e+02,-1.073133887299266576e+02
4.666537968750000118e+02,-1.044912238577188788e+02
4.666540898437500005e+02,-9.051256980594547485e+01
4.666543828124999891e+02,-8.588945590675264441e+01
4.666546757812500346e+02,-8.885964614556549179e+01
4.666549687500000232e+02,-1.091862828136627428e+02
4.666552617187500118e+02,-9.296687675714396448e+01
4.666555546875000005e+02,-8.341433652328811377e+01
4.666558476562499891e+02,-8.038368130476874285e+01
4.666561406250000346e+02,-8.587413506403427732e+01
4.666564335937500232e+02,-9.102918825945224057e+01
4.666567265625000118e+02,-8.876038957804597374e+01
4.666570195312500005e+02,-9.740596732068812003e+01
4.666573124999999891e+02,-8.715242468907536022e+01
4.666576054687500346e+02,-8.603770996185235731e+01
4.666578984375000232e+02,-8.925614735607382499e+01
4.666581914062500118e+02,-8.701155488466582710e+01
4.666584843750000005e+02,-8.259591041251594845e+01
4.666587773437499891e+02,-8.197333275825488386e+01
4.666590703125000346e+02,-8.499169722495486212e+01
4.666593632812500232e+02,-8.597254828208332356e+01
4.666596562500000118e+02,-1.004834929160132333e+02
4.666599492187500005e+02,-9.833367457739123552e+01
4.666602421874999891e+02,-9.352680248875435609e+01
4.666605351562500346e+02,-8.464029355750534478e+01
4.666608281250000232e+02,-8.382470844497218820e+01
4.666611210937500118e+02,-1.032560533662999802e+02
4.666614140625000005e+02,-8.619375649710008247e+01
4.666617070312499891e+02,-8.880224245933410998e+01
4.666620000000000346e+02,-9.218693420025263663e+01
4.666622929687500232e+02,-8.194080206221298113e+01
4.666625859375000118e+02,-8.194517393278594852e+01
4.666628789062500005e+02,-8.303096524103671072e+01
4.666631718749999891e+02,-8.609721932004880784e+01
4.666634648437500346e+02,-8.177353814148133893e+01
4.666637578125000232e+02,-8.318924394971634229e+01
4.666640507812500118e+02,-8.373485084918166876e+01
4.666643437500000005e+02,-8.904067165735675360e+01
4.666646367187499891e+02,-8.315117412388617879e+01
4.666649296875000346e+02,-7.934903518737442596e+01
4.666652226562500232e+02,-8.433769541419388815e+01
4.666655156250000118e+02,-9.152483934980654112e+01
4.666658085937500005e+02,-8.440078476149921016e+01
4.666661015624999891e+02,-8.224268541154002321e+01
4.666663945312500346e+02,-9.030009856063801976e+01
4.666666875000000232e+02,-9.418178023968920343e+01
4.666669804687500118e+02,-9.662092646390863138e+01
4.666672734375000005e+02,-1.121511107949151409e+02
4.666675664062499891e+02,-9.392844619109324356e+01
4.666678593750000346e+02,-9.006053047803462164e+01
4.666681523437500232e+02,-8.788919122978855114e+01
4.666684453125000118e+02,-8.604639197430361719e+01
4.666687382812500005e+02,-8.594804055576751978e+01
4.666690312499999891e+02,-9.594553932493198545e+01
4.666693242187500346e+02,-8.864419813843855422e+01
4.666696171875000232e+02,-8.742232908902919064e+01
4.666699101562500118e+02,-8.631518997730128717e+01
4.666702031250000005e+02,-8.523938841302511094e+01
4.666704960937499891e+02,-9.559437603114788828e+01
4.666707890625000346e+02,-1.019170677536327929e+02
4.666710820312500232e+02,-8.895897878000076275e+01
4.666713750000000118e+02,-8.261515682089886070e+01
4.666716679687500005e+02,-8.543537700486334074e+01
4.666719609374999891e+02,-8.402815311929180098e+01
4.666722539062500346e+02,-8.378544541458255424e+01
4.666725468750000232e+02,-9.071593425749489370e+01
4.666728398437500118e+02,-9.620726513197217855e+01
4.666731328125000005e+02,-9.358029813322013979e+01
4.666734257812499891e+02,-9.579529224814874055e+01
4.666737187500000346e+02,-9.818132264198156633e+01
4.666740117187500232e+02,-1.003977573574179729e+02
4.666743046875000118e+02,-9.306004139353261451e+01
4.666745976562500005e+02,-8.493457567701184985e+01
4.666748906249999891e+02,-8.432358443373907164e+01
4.666751835937500346e+02,-8.547489248514804672e+01
4.666754765625000232e+02,-9.249035362719016007e+01
4.666757695312500118e+02,-8.484411582813918073e+01
4.666760625000000005e+02,-8.084391507365890561e+01
4.666763554687499891e+02,-8.720418121358706287e+01
4.666766484375000346e+02,-1.066948030486978780e+02
4.666769414062500232e+02,-8.511531021918312945e+01
4.666772343750000118e+02,-8.360257329375953361e+01
4.666775273437500005e+02,-9.386592371499327214e+01
4.666778203124999891e+02,-8.847702454446209686e+01
4.666781132812500346e+02,-9.310382029905125023e+01
4.666784062500000232e+02,-8.316983558659400444e+01
4.666786992187500118e+02,-7.974115297005904779e+01
4.666789921875000005e+02,-8.190152629487657521e+01
4.666792851562499891e+02,-8.839818496282350679e+01
4.666795781250000346e+02,-9.151545599613874060e+01
4.666798710937500232e+02,-9.279081958918681039e+01
4.666801640625000118e+02,-8.470322344642865176e+01
4.666804570312500005e+02,-8.083123092474411919e+01
4.666807499999999891e+02,-8.147061776983184700e+01
4.666810429687500346e+02,-8.358212664047701423e+01
4.666813359375000232e+02,-8.652404614061197208e+01
4.666816289062500118e+02,-8.623341583784846875e+01
4.666819218750000005e+02,-8.641189994511120176e+01
4.666822148437499891e+02,-9.016289566756951501e+01
4.666825078125000346e+02,-8.644035319041209675e+01
4.666828007812500232e+02,-8.706839030537798862e+01
4.666830937500000118e+02,-8.535551350975447349e+01
4.666833867187500005e+02,-8.604941436016859768e+01
4.666836796874999891e+02,-9.443476930438018258e+01
4.666839726562500346e+02,-8.895295849912631070e+01
4.666842656250000232e+02,-9.338440313684004934e+01
4.666845585937500118e+02,-9.404802661490850824e+01
4.666848515625000005e+02,-8.675762968486372984e+01
4.666851445312499891e+02,-8.719037271189202443e+01
4.666854375000000346e+02,-8.475210536185174703e+01
4.666857304687500232e+02,-8.834055490779759623e+01
4.666860234375000118e+02,-9.892855922689692250e+01
4.666863164062500005e+02,-9.396776450118153434e+01
4.666866093749999891e+02,-9.978194531477967644e+01
4.666869023437500346e+02,-8.195616501572033030e+01
4.666871953125000232e+02,-8.172679160929972397e+01
4.666874882812500118e+02,-8.765947373775097162e+01
4.666877812500000005e+02,-8.719789815884399786e+01
4.666880742187499891e+02,-8.655379481317723389e+01
4.666883671875000346e+02,-8.316164998458549462e+01
4.666886601562500232e+02,-9.079656687515543467e+01
4.666889531250000118e+02,-8.715376310996886389e+01
4.666892460937500005e+02,-8.378717123262994448e+01
4.666895390624999891e+02,-9.460349889447628868e+01
4.666898320312500346e+02,-9.757539826028134655e+01
4.666901250000000232e+02,-8.892639214377675216e+01
4.666904179687500118e+02,-8.811187036912838266e+01
4.666907109375000005e+02,-9.508115880336055170e+01
4.666910039062499891e+02,-9.437963658234585296e+01
4.666912968750000346e+02,-8.733172536364649829e+01
4.666915898437500232e+02,-8.657691532834638792e+01
4.666918828125000118e+02,-8.522233232860743612e+01
4.666921757812500005e+02,-9.174423248232747596e+01
4.666924687499999891e+02,-9.282578128132691120e+01
4.666927617187500346e+02,-9.209309115086435327e+01
4.666930546875000232e+02,-8.715330134610540824e+01
4.666933476562500118e+02,-8.377593768672711860e+01
4.666936406250000005e+02,-8.930151436401382625e+01
4.666939335937499891e+02,-8.416808583467215499e+01
4.666942265625000346e+02,-8.401723901522905180e+01
4.666945195312500232e+02,-8.730044905569312164e+01
4.666948125000000118e+02,-8.714894106742143265e+01
4.666951054687500005e+02,-8.850726567342363182e+01
4.666953984374999891e+02,-1.048677557525764001e+02
4.666956914062500346e+02,-8.845812170856288503e+01
4.666959843750000232e+02,-9.849350969361779562e+01
4.666962773437500118e+02,-8.418371719535070952e+01
4.666965703125000005e+02,-8.941117285534190273e+01
4.666968632812499891e+02,-9.887389030282612623e+01
4.666971562500000346e+02,-8.956491127170791344e+01
4.666974492187500232e+02,-8.854339359132580967e+01
4.666977421875000118e+02,-8.586141053485248165e+01
4.666980351562500005e+02,-8.640037441416129127e+01
4.666983281249999891e+02,-8.886349858130910206e+01
4.666986210937500346e+02,-8.572876303151572586e+01
4.666989140625000232e+02,-9.379285453170042786e+01
4.666992070312500118e+02,-8.742469727321493167e+01
4.666995000000000005e+02,-1.099664761307005563e+02
4.666997929687499891e+02,-8.961029224634759771e+01
4.667000859375000346e+02,-8.775744746230890314e+01
4.667003789062500232e+02,-8.889348765588907497e+01
4.667006718750000118e+02,-8.419057999246695090e+01
4.667009648437500005e+02,-8.406958568777157836e+01
4.667012578124999891e+02,-8.175127523263034846e+01
4.667015507812500346e+02,-8.326300809392617452e+01
4.667018437500000232e+02,-8.735571396128732147e+01
4.667021367187500118e+02,-8.721432174184866426e+01
4.667024296875000005e+02,-8.880836745774524843e+01
4.667027226562499891e+02,-8.413260166315568256e+01
4.667030156250000346e+02,-8.483358089693867043e+01
4.667033085937500232e+02,-8.170952712574482746e+01
4.667036015625000118e+02,-8.114710957900911126e+01
4.667038945312500005e+02,-8.922477691087482299e+01
4.667041874999999891e+02,-8.890013969103185332e+01
4.667044804687500346e+02,-8.882362661600473075e+01
4.667047734375000232e+02,-9.063885590247988944e+01
4.667050664062500118e+02,-8.505809183496886305e+01
4.667053593750000005e+02,-9.262699239705776222e+01
4.667056523437499891e+02,-9.334009101224785354e+01
4.667059453125000346e+02,-8.747035978395977907e+01
4.667062382812500232e+02,-8.255689147786462456e+01
4.667065312500000118e+02,-8.562817091323759655e+01
4.667068242187500005e+02,-9.948081507151387370e+01
4.667071171874999891e+02,-9.041547383496711632e+01
4.667074101562500346e+02,-8.294060328502247614e+01
4.667077031250000232e+02,-8.466200247045017591e+01
4.667079960937500118e+02,-8.207263837569719556e+01
4.667082890625000005e+02,-7.996889827462456424e+01
4.667085820312499891e+02,-8.427713129140867920e+01
4.667088750000000346e+02,-9.413143737055010263e+01
4.667091679687500232e+02,-8.527850199698451661e+01
4.667094609375000118e+02,-9.009365809070476416e+01
4.667097539062500005e+02,-8.624429122421599914e+01
4.667100468749999891e+02,-8.212994271278851954e+01
4.667103398437500346e+02,-7.987685498989426947e+01
4.667106328125000232e+02,-8.201724282881544070e+01
4.667109257812500118e+02,-8.404236566303833911e+01
4.667112187500000005e+02,-8.364714496618263695e+01
4.667115117187499891e+02,-9.272545740266755843e+01
4.667118046875000346e+02,-1.048898486578605400e+02
4.667120976562500232e+02,-9.177543773757351175e+01
4.667123906250000118e+02,-8.403621806970271280e+01
4.667126835937500005e+02,-8.229703074289345466e+01
4.667129765624999891e+02,-8.472020440961125587e+01
4.667132695312500346e+02,-9.151293734561150472e+01
4.667135625000000232e+02,-9.184819377752033631e+01
4.667138554687500118e+02,-8.521955089687281770e+01
4.667141484375000005e+02,-8.832715834442461755e+01
4.667144414062499891e+02,-8.261150756917537308e+01
4.667147343750000346e+02,-7.703321524611189375e+01
4.667150273437500232e+02,-8.130805394865265612e+01
4.667153203125000118e+02,-9.076502718204696407e+01
4.667156132812500005e+02,-8.222519850614604309e+01
4.667159062499999891e+02,-8.305803303707554619e+01
4.667161992187500346e+02,-8.674125586382290010e+01
4.667164921875000232e+02,-8.179872237349863440e+01
4.667167851562500118e+02,-8.506188690186775148e+01
4.667170781250000005e+02,-9.212543628533939000e+01
4.667173710937499891e+02,-8.834747481733742802e+01
4.667176640625000346e+02,-9.747029138317664376e+01
4.667179570312500232e+02,-8.744168645494340808e+01
4.667182500000000118e+02,-8.507771441254806177e+01
4.667185429687500005e+02,-8.245421170783053810e+01
4.667188359374999891e+02,-8.152431566526541928e+01
4.667191289062500346e+02,-8.214294717832623860e+01
4.667194218750000232e+02,-8.236567901248450596e+01
4.667197148437500118e+02,-8.298183900829050685e+01
4.667200078125000005e+02,-8.482497812449963703e+01
4.667203007812499891e+02,-8.158784003575519250e+01
4.667205937500000346e+02,-8.184726585050179892e+01
4.667208867187500232e+02,-8.654848201203465408e+01
4.667211796875000118e+02,-8.768003438115398751e+01
4.667214726562500005e+02,-8.462409647411146807e+01
4.667217656249999891e+02,-8.381135843918768558e+01
4.667220585937500346e+02,-8.070154623645416336e+01
4.667223515625000232e+02,-8.031814700464775569e+01
4.667226445312500118e+02,-8.195243430933368245e+01
4.667229375000000005e+02,-8.144112625379403880e+01
4.667232304687499891e+02,-8.294555732768355938e+01
4.667235234375000346e+02,-8.404459138501478321e+01
4.667238164062500232e+02,-8.179082402869661905e+01
4.667241093750000118e+02,-8.885560704713850555e+01
4.667244023437500005e+02,-8.807700076205931339e+01
4.667246953124999891e+02,-9.667466996818946257e+01
4.667249882812500346e+02,-8.488209663984005715e+01
4.667252812500000232e+02,-8.489265378726649658e+01
4.667255742187500118e+02,-8.285952315728306417e+01
4.667258671875000005e+02,-8.363848320941160353e+01
4.667261601562499891e+02,-8.592622795813380776e+01
4.667264531250000346e+02,-9.141541147044162585e+01
4.667267460937500232e+02,-8.831271139779101986e+01
4.667270390625000118e+02,-8.333596363598074674e+01
4.667273320312500005e+02,-8.324823156861191364e+01
4.667276249999999891e+02,-8.659379962021999688e+01
4.667279179687500346e+02,-9.220899664009803587e+01
4.667282109375000232e+02,-8.273352331618499989e+01
4.667285039062500118e+02,-8.357578397302296480e+01
4.667287968750000005e+02,-9.656720537561312767e+01
4.667290898437499891e+02,-8.806126067058531248e+01
4.667293828125000346e+02,-8.752199772280141588e+01
4.667296757812500232e+02,-8.987684997947866350e+01
4.667299687500000118e+02,-8.856402531684508972e+01
4.667302617187500005e+02,-8.005055869379961564e+01
4.667305546874999891e+02,-8.229549276855976814e+01
4.667308476562500346e+02,-8.374792406515375376e+01
4.667311406250000232e+02,-8.948977903520551536e+01
4.667314335937500118e+02,-8.411975794557841368e+01
4.667317265625000005e+02,-8.408224613118838420e+01
4.667320195312499891e+02,-8.951002494424847100e+01
4.667323125000000346e+02,-9.258676546565740750e+01
4.667326054687500232e+02,-8.336378696289096979e+01
4.667328984375000118e+02,-7.863288878993759567e+01
4.667331914062500005e+02,-8.124743278221025378e+01
4.667334843749999891e+02,-9.345667132078810369e+01
4.667337773437500346e+02,-9.192993707258429481e+01
4.667340703125000232e+02,-9.314701320014091834e+01
4.667343632812500118e+02,-8.839684786244822590e+01
4.667346562500000005e+02,-8.539793687103122011e+01
4.667349492187499891e+02,-9.382768928247584483e+01
4.667352421875000346e+02,-8.273874986041205659e+01
4.667355351562500232e+02,-8.325583601331949524e+01
4.667358281250000118e+02,-8.506893154305522842e+01
4.667361210937500005e+02,-8.382964731694713123e+01
4.667364140624999891e+02,-7.996736436875775667e+01
4.667367070312500346e+02,-8.225725870230455428e+01
4.667370000000000232e+02,-8.379280720088121370e+01
4.667372929687500118e+02,-8.397791192027412421e+01
4.667375859375000005e+02,-8.666826186582997593e+01
4.667378789062499891e+02,-8.724601737681479108e+01
4.667381718750000346e+02,-8.596865798738535602e+01
4.667384648437500232e+02,-8.885911299327590029e+01
4.667387578125000118e+02,-8.724441429352046384e+01
4.667390507812500005e+02,-8.938123935401173981e+01
4.667393437499999891e+02,-8.877073243416340631e+01
4.667396367187500346e+02,-8.298533931764541194e+01
4.667399296875000232e+02,-9.079228081895951163e+01
4.667402226562500118e+02,-9.445392837494182459e+01
4.667405156250000005e+02,-8.874221965841294946e+01
4.667408085937499891e+02,-8.302132018495603916e+01
4.667411015625000346e+02,-8.509187011445700932e+01
4.667413945312500232e+02,-8.904688926364744361e+01
4.667416875000000118e+02,-9.181033701151575599e+01
4.667419804687500005e+02,-8.640961482966659446e+01
4.667422734374999891e+02,-8.267200907546474298e+01
4.667425664062500346e+02,-8.508982277323539734e+01
4.667428593750000232e+02,-9.196974401235422647e+01
4.667431523437500118e+02,-8.184954479021115503e+01
4.667434453125000005e+02,-8.311685289360200102e+01
4.667437382812499891e+02,-8.470215469254235074e+01
4.667440312500000346e+02,-8.276851793655083611e+01
4.667443242187500232e+02,-8.795285565171836595e+01
4.667446171875000118e+02,-1.093921352123831667e+02
4.667449101562500005e+02,-9.931743695381067027e+01
4.667452031249999891e+02,-8.841061035113196453e+01
4.667454960937500346e+02,-8.437902975679554629e+01
4.667457890625000232e+02,-7.894154447807805752e+01
4.667460820312500118e+02,-8.196076450336930463e+01
4.667463750000000005e+02,-9.574036882653864211e+01
4.667466679687499891e+02,-8.554683620880507533e+01
4.667469609375000346e+02,-8.354332979736668108e+01
4.667472539062500232e+02,-8.516644115673972237e+01
4.667475468750000118e+02,-8.489593956793538609e+01
4.667478398437500005e+02,-8.175240711745902900e+01
4.667481328124999891e+02,-8.350836799494067009e+01
4.667484257812500346e+02,-8.567593059095514718e+01
4.667487187500000232e+02,-9.179331064016147934e+01
4.667490117187500118e+02,-8.667035469745790977e+01
4.667493046875000005e+02,-1.140396698372074837e+02
4.667495976562499891e+02,-8.532842260574017246e+01
4.667498906250000346e+02,-8.323955940540669474e+01
4.667501835937500232e+02,-8.657911409057895469e+01
4.667504765625000118e+02,-8.790698969070595581e+01
4.667507695312500005e+02,-8.260155482316982045e+01
4.667510624999999891e+02,-8.371269113842669185e+01
4.667513554687500346e+02,-8.996461488953563901e+01
4.667516484375000232e+02,-8.866716192180759037e+01
4.667519414062500118e+02,-1.006344491964745202e+02
4.667522343750000005e+02,-8.114674772037670891e+01
4.667525273437499891e+02,-8.006806047382924874e+01
4.667528203125000346e+02,-8.333055397337629699e+01
4.667531132812500232e+02,-8.587292784813638491e+01
4.667534062500000118e+02,-1.022679993811260317e+02
4.667536992187500005e+02,-8.777103765949561875e+01
4.667539921874999891e+02,-8.784470512736800174e+01
4.667542851562500346e+02,-8.803145417854483412e+01
4.667545781250000232e+02,-9.517778311746668862e+01
4.667548710937500118e+02,-8.988829620700644796e+01
4.667551640625000005e+02,-8.077160566520194607e+01
4.667554570312499891e+02,-8.663702739744969961e+01
4.667557500000000346e+02,-9.773456244023205386e+01
4.667560429687500232e+02,-9.756200811926689198e+01
4.667563359375000118e+02,-9.721345839829791657e+01
4.667566289062500005e+02,-8.861455817587277295e+01
4.667569218749999891e+02,-9.124664273044251672e+01
4.667572148437500346e+02,-8.360518526198171685e+01
4.667575078125000232e+02,-8.303782543033335628e+01
4.667578007812500118e+02,-9.425105579596392147e+01
4.667580937500000005e+02,-8.856183442785427928e+01
4.667583867187499891e+02,-9.237038925239723142e+01
4.667586796875000346e+02,-8.065216231649046108e+01
4.667589726562500232e+02,-8.041190739526463460e+01
4.667592656250000118e+02,-8.020450614616737539e+01
4.667595585937500005e+02,-8.305284783921642600e+01
4.667598515624999891e+02,-8.498552735860582175e+01
4.667601445312500346e+02,-8.410503228240739304e+01
4.667604375000000232e+02,-8.236539033410274158e+01
4.667607304687500118e+02,-8.272942503521380786e+01
4.667610234375000005e+02,-9.629858880591476122e+01
4.667613164062499891e+02,-8.619414710106825339e+01
4.667616093750000346e+02,-8.593665377804263983e+01
4.667619023437500232e+02,-8.990702777180143812e+01
4.667621953125000118e+02,-9.173164143885398403e+01
4.667624882812500005e+02,-8.976968128407193603e+01
4.667627812499999891e+02,-9.078493663345562936e+01
4.667630742187500346e+02,-9.744053384104036297e+01
4.667633671875000232e+02,-9.901943955105431883e+01
4.667636601562500118e+02,-9.386291434658977550e+01
4.667639531250000005e+02,-8.955076822030886774e+01
4.667642460937499891e+02,-8.204648494411145521e+01
4.667645390625000346e+02,-8.219481843380367536e+01
4.667648320312500232e+02,-8.774896914655479918e+01
4.667651250000000118e+02,-8.454504997930274612e+01
4.667654179687500005e+02,-8.172232875600117552e+01
4.667657109374999891e+02,-9.042540202297385576e+01
4.667660039062500346e+02,-9.343073664327889105e+01
4.667662968750000232e+02,-8.394894791680705737e+01
4.667665898437500118e+02,-8.126752361092226806e+01
4.667668828125000005e+02,-8.011084157310241949e+01
4.667671757812499891e+02,-7.721618557979039110e+01
4.667674687500000346e+02,-8.031761719619025541e+01
4.667677617187500232e+02,-9.705794691643745864e+01
4.667680546875000118e+02,-9.088480414786855022e+01
4.667683476562500005e+02,-9.452544190938014879e+01
4.667686406249999891e+02,-8.832793923915139089e+01
4.667689335937500346e+02,-8.739356133835102014e+01
4.667692265625000232e+02,-8.483451040204190008e+01
4.667695195312500118e+02,-9.618329835985096565e+01
4.667698125000000005e+02,-9.801945385389177545e+01
4.667701054687499891e+02,-9.407312624098341303e+01
4.667703984375000346e+02,-8.856178372485220507e+01
4.667706914062500232e+02,-8.236473718401626343e+01
4.667709843750000118e+02,-8.191274092778185434e+01
4.667712773437500005e+02,-8.367323648430883054e+01
4.667715703124999891e+02,-8.316762637125405888e+01
4.667718632812500346e+02,-8.606065691766659143e+01
4.667721562500000232e+02,-9.332921128095509289e+01
4.667724492187500118e+02,-8.908853390528952332e+01
4.667727421875000005e+02,-9.227659084663137889e+01
4.667730351562499891e+02,-9.117644880418281161e+01
4.667733281250000346e+02,-8.112045428939944713e+01
4.667736210937500232e+02,-7.827141789004372185e+01
4.667739140625000118e+02,-7.957254539347546540e+01
4.667742070312500005e+02,-8.018883903484407938e+01
4.667744999999999891e+02,-8.454011781430071437e+01
4.667747929687500346e+02,-9.937507991811554575e+01
4.667750859375000232e+02,-1.055307384744738215e+02
4.667753789062500118e+02,-8.961342202220234299e+01
4.667756718750000005e+02,-8.623326649150379808e+01
4.667759648437499891e+02,-9.385365071435442985e+01
4.667762578125000346e+02,-8.515299413536604334e+01
4.667765507812500232e+02,-8.673920410148335236e+01
4.667768437500000118e+02,-8.919821014430526418e+01
4.667771367187500005e+02,-9.788931581359697986e+01
4.667774296874999891e+02,-9.594557227496693486e+01
4.667777226562500346e+02,-8.460803405252144671e+01
4.667780156250000232e+02,-8.565101803577991291e+01
4.667783085937500118e+02,-8.399204545859785753e+01
4.667786015625000005e+02,-8.515334256419244241e+01
4.667788945312499891e+02,-7.919068683676194098e+01
4.667791875000000346e+02,-8.207789022189982120e+01
4.667794804687500232e+02,-8.499566267960634036e+01
4.667797734375000118e+02,-8.425829859331413729e+01
4.667800664062500005e+02,-8.768830443001166941e+01
4.667803593749999891e+02,-8.373220450901081335e+01
4.667806523437500346e+02,-8.140958434136011590e+01
4.667809453125000232e+02,-8.612151557886861042e+01
4.667812382812500118e+02,-8.734176200356273512e+01
4.667815312500000005e+02,-9.071269235412792398e+01
4.667818242187499891e+02,-9.241605383296050036e+01
4.667821171875000346e+02,-8.635060492715135183e+01
4.667824101562500232e+02,-8.252298771970367852e+01
4.667827031250000118e+02,-8.298159585971960439e+01
4.667829960937500005e+02,-8.627394370712778482e+01
4.667832890624999891e+02,-9.164428777452263830e+01
4.667835820312500346e+02,-8.248643137265017344e+01
4.667838750000000232e+02,-8.242020294696132510e+01
4.667841679687500118e+02,-8.618498950317102469e+01
4.667844609375000005e+02,-8.704622410128661159e+01
4.667847539062499891e+02,-8.143956812502887033e+01
4.667850468750000346e+02,-1.010473680036826352e+02
4.667853398437500232e+02,-8.414284901434244546e+01
4.667856328125000118e+02,-8.247422667905574656e+01
4.667859257812500005e+02,-8.337987161793057567e+01
4.667862187499999891e+02,-8.437388752052667940e+01
4.667865117187500346e+02,-8.237205320863957070e+01
4.667868046875000232e+02,-8.369273346184337470e+01
4.667870976562500118e+02,-8.225427061825952535e+01
4.667873906250000005e+02,-8.681765043130138793e+01
4.667876835937499891e+02,-8.528215882190245622e+01
4.667879765625000346e+02,-8.049248513892456458e+01
4.667882695312500232e+02,-8.480390614153974127e+01
4.667885625000000118e+02,-8.781375377600434717e+01
4.667888554687500005e+02,-9.026272527076473295e+01
4.667891484374999891e+02,-8.461475255458948652e+01
4.667894414062500346e+02,-8.100305724749728142e+01
4.667897343750000232e+02,-7.985761068167535370e+01
4.667900273437500118e+02,-8.004503613255323557e+01
4.667903203125000005e+02,-8.257778319179551829e+01
4.667906132812499891e+02,-8.382280059124603611e+01
4.667909062500000346e+02,-1.001445534232829573e+02
4.667911992187500232e+02,-9.487338354826091802e+01
4.667914921875000118e+02,-8.600755409298494669e+01
4.667917851562500005e+02,-8.512496237439377467e+01
4.667920781249999891e+02,-8.981336710532693246e+01
4.667923710937500346e+02,-9.281337482025769248e+01
4.667926640625000232e+02,-9.918839269663342861e+01
4.667929570312500118e+02,-8.393007055314612330e+01
4.667932500000000005e+02,-8.050175113580564812e+01
4.667935429687499891e+02,-8.028035611154416529e+01
4.667938359375000346e+02,-8.485034073964123991e+01
4.667941289062500232e+02,-8.508213841015169976e+01
4.667944218750000118e+02,-9.069549589055966976e+01
4.667947148437500005e+02,-8.599519934638011875e+01
4.667950078124999891e+02,-8.413606474677956726e+01
4.667953007812500346e+02,-8.528832504356813615e+01
4.667955937500000232e+02,-8.618724485346550068e+01
4.667958867187500118e+02,-8.143719355083891287e+01
4.667961796875000005e+02,-8.125648415038087080e+01
4.667964726562499891e+02,-7.951726064212421363e+01
4.667967656250000346e+02,-7.964474684779781910e+01
4.667970585937500232e+02,-8.357377246976193419e+01
4.667973515625000118e+02,-9.120619878050732154e+01
4.667976445312500005e+02,-8.598760466133903435e+01
4.667979374999999891e+02,-8.715110110014252598e+01
4.667982304687500346e+02,-9.776103987402569828e+01
4.667985234375000232e+02,-1.007518290023842269e+02
4.667988164062500118e+02,-8.949393911874616947e+01
4.667991093750000005e+02,-9.126960083912186406e+01
4.667994023437499891e+02,-8.724291539356131864e+01
4.667996953125000346e+02,-8.131510356530553452e+01
4.667999882812500232e+02,-8.362080166895331956e+01
4.668002812500000118e+02,-8.903813123634436977e+01
4.668005742187500005e+02,-8.869334207356823185e+01
4.668008671874999891e+02,-1.001407532461143433e+02
4.668011601562500346e+02,-9.837455700241704903e+01
4.668014531250000232e+02,-8.296634412077658283e+01
4.668017460937500118e+02,-8.482955434136187023e+01
4.668020390625000005e+02,-9.205416297545801285e+01
4.668023320312499891e+02,-9.228455455293294563e+01
4.668026250000000346e+02,-8.612216258316377093e+01
4.668029179687500232e+02,-8.735662413421371753e+01
4.668032109375000118e+02,-8.510167467087030957e+01
4.668035039062500005e+02,-8.151019598327877702e+01
4.668037968749999891e+02,-8.354812854849070902e+01
4.668040898437500346e+02,-8.257848545372830529e+01
4.668043828125000232e+02,-8.414464271128758810e+01
4.668046757812500118e+02,-8.662798992348528770e+01
4.668049687500000005e+02,-9.511031034247707794e+01
4.668052617187499891e+02,-1.001208300398255915e+02
4.668055546875000346e+02,-1.050251422395768799e+02
4.668058476562500232e+02,-9.493188635096018402e+01
4.668061406250000118e+02,-8.901894227126240366e+01
4.668064335937500005e+02,-8.686495652774554799e+01
4.668067265624999891e+02,-8.571755423745062785e+01
4.668070195312500346e+02,-1.000378253206874035e+02
4.668073125000000232e+02,-8.922827267008749175e+01
4.668076054687500118e+02,-8.431727757478387275e+01
4.668078984375000005e+02,-8.037525711921117022e+01
4.668081914062499891e+02,-8.367582217513000842e+01
4.668084843750000346e+02,-9.091316949084429666e+01
4.668087773437500232e+02,-9.086511838868494806e+01
4.668090703125000118e+02,-9.207112240767636990e+01
4.668093632812500005e+02,-8.154113234893357287e+01
4.668096562499999891e+02,-8.090485139458786534e+01
4.668099492187500346e+02,-1.113974713766157265e+02
4.668102421875000232e+02,-8.559646902977874561e+01
4.668105351562500118e+02,-8.642245172652776830e+01
4.668108281250000005e+02,-8.855664692971367913e+01
4.668111210937499891e+02,-9.101210822014442670e+01
4.668114140625000346e+02,-8.467729366681621173e+01
4.668117070312500232e+02,-8.492027903434917846e+01
4.668120000000000118e+02,-8.586365237360357128e+01
4.668122929687500005e+02,-9.147384619437946185e+01
4.668125859374999891e+02,-8.938793290732726859e+01
4.668128789062500346e+02,-9.309148892372711259e+01
4.668131718750000232e+02,-9.103716381975745264e+01
4.668134648437500118e+02,-8.947348080902725087e+01
4.668137578125000005e+02,-8.369815542900489902e+01
4.668140507812499891e+02,-8.305671382511887657e+01
4.668143437500000346e+02,-8.449611447698110567e+01
4.668146367187500232e+02,-8.140196708171626483e+01
4.668149296875000118e+02,-8.777058047741705593e+01
4.668152226562500005e+02,-8.665370363963626232e+01
4.668155156249999891e+02,-8.569894426603319459e+01
4.668158085937500346e+02,-9.352344113641323986e+01
4.668161015625000232e+02,-8.128902926843511523e+01
4.668163945312500118e+02,-8.840136873209752366e+01
4.668166875000000005e+02,-8.260858065127273164e+01
4.668169804687499891e+02,-8.102446505013560341e+01
4.668172734375000346e+02,-8.284102527702707164e+01
4.668175664062500232e+02,-9.074822260393813167e+01
4.668178593750000118e+02,-8.676900368990669676e+01
4.668181523437500005e+02,-8.964973158104200479e+01
4.668184453124999891e+02,-8.632187148964058565e+01
4.668187382812500346e+02,-9.170592647861523972e+01
4.668190312500000232e+02,-9.015764895387918898e+01
4.668193242187500118e+02,-8.730784764321923319e+01
4.668196171875000005e+02,-9.142203101046648328e+01
4.668199101562499891e+02,-8.746972566553588990e+01
4.668202031250000346e+02,-8.819834244761932496e+01
4.668204960937500232e+02,-8.870108131335007329e+01
4.668207890625000118e+02,-8.693444291643049837e+01
4.668210820312500005e+02,-8.429200287075390463e+01
4.668213749999999891e+02,-9.006291775734558769e+01
4.668216679687500346e+02,-9.608722095950705011e+01
4.668219609375000232e+02,-8.674726355623803897e+01
4.668222539062500118e+02,-8.561309034048929334e+01
4.668225468750000005e+02,-9.427095097010912639e+01
4.668228398437499891e+02,-9.593376028849478132e+01
4.668231328125000346e+02,-8.333536657883415444e+01
4.668234257812500232e+02,-8.991441832565368486e+01
4.668237187500000118e+02,-8.368400184256145735e+01
4.668240117187500005e+02,-8.086882236805335822e+01
4.668243046874999891e+02,-8.217015773602386730e+01
4.668245976562500346e+02,-8.649672180334400196e+01
4.668248906250000232e+02,-8.578403615648494451e+01
4.668251835937500118e+02,-9.050135278689147356e+01
4.668254765625000005e+02,-9.589964155992716144e+01
4.668257695312499891e+02,-9.669205634683459039e+01
4.668260625000000346e+02,-1.083203416891380897e+02
4.668263554687500232e+02,-8.436716177849041287e+01
4.668266484375000118e+02,-8.806473386082437571e+01
4.668269414062500005e+02,-9.213418535355216932e+01
4.668272343749999891e+02,-8.210592486350675756e+01
4.668275273437500346e+02,-8.085648566421413364e+01
4.668278203125000232e+02,-8.761167938888388562e+01
4.668281132812500118e+02,-7.943630690123320903e+01
4.668284062500000005e+02,-8.667516825303634675e+01
4.668286992187499891e+02,-8.361666760601059423e+01
4.668289921875000346e+02,-8.722120754799198039e+01
4.668292851562500232e+02,-8.791687900245915444e+01
4.668295781250000118e+02,-8.464794658530855997e+01
4.668298710937500005e+02,-9.171572189001466313e+01
4.668301640624999891e+02,-8.628863277220533234e+01
4.668304570312500346e+02,-7.938448945642660703e+01
4.668307500000000232e+02,-7.752207484126888914e+01
4.668310429687500118e+02,-8.681455056339032694e+01
4.668313359375000005e+02,-9.049744983918905916e+01
4.668316289062499891e+02,-9.522666024592901124e+01
4.668319218750000346e+02,-8.729218402649949837e+01
4.668322148437500232e+02,-8.603570279533838061e+01
4.668325078125000118e+02,-8.202163983669208847e+01
4.668328007812500005e+02,-7.808835684083835815e+01
4.668330937499999891e+02,-8.246692920927962689e+01
4.668333867187500346e+02,-9.388252556164771079e+01
4.668336796875000232e+02,-9.276563540691525134e+01
4.668339726562500118e+02,-1.009368201963484211e+02
4.668342656250000005e+02,-8.807753242184719511e+01
4.668345585937499891e+02,-9.389336283035427755e+01
4.668348515625000346e+02,-8.576321933343291448e+01
4.668351445312500232e+02,-8.710785193181064301e+01
4.668354375000000118e+02,-9.018640955653295066e+01
4.668357304687500005e+02,-8.883168273181603070e+01
4.668360234374999891e+02,-8.432275789306926583e+01
4.668363164062500346e+02,-8.432592136378835335e+01
4.668366093750000232e+02,-9.086191787051168944e+01
4.668369023437500118e+02,-8.634432947339654163e+01
4.668371953125000005e+02,-7.947928252149445427e+01
4.668374882812499891e+02,-8.212308387109780483e+01
4.668377812500000346e+02,-1.105668109198515197e+02
4.668380742187500232e+02,-9.070694878318650467e+01
4.668383671875000118e+02,-8.671011421597884805e+01
4.668386601562500005e+02,-8.463417195527466674e+01
4.668389531249999891e+02,-8.163850733936128279e+01
4.668392460937500346e+02,-7.852054846510985442e+01
4.668395390625000232e+02,-8.128759654785709188e+01
4.668398320312500118e+02,-1.116450500464313933e+02
4.668401250000000005e+02,-8.235840774484151439e+01
4.668404179687499891e+02,-8.535066310917684973e+01
4.668407109375000346e+02,-8.509525205141034121e+01
4.668410039062500232e+02,-8.440341475185178410e+01
4.668412968750000118e+02,-8.671077380299898607e+01
4.668415898437500005e+02,-8.422067050807648059e+01
4.668418828124999891e+02,-8.366661019449756509e+01
4.668421757812500346e+02,-8.442226426601692424e+01
4.668424687500000232e+02,-9.464045417588141618e+01
4.668427617187500118e+02,-8.500092672518454151e+01
4.668430546875000005e+02,-7.939095921277682066e+01
4.668433476562499891e+02,-7.976527663768622745e+01
4.668436406250000346e+02,-8.080901639453578866e+01
4.668439335937500232e+02,-8.185186848170587837e+01
4.668442265625000118e+02,-8.915488098665647954e+01
4.668445195312500005e+02,-8.003614550232079239e+01
4.668448124999999891e+02,-7.915949599556945770e+01
4.668451054687500346e+02,-8.458795432541157311e+01
4.668453984375000232e+02,-8.930954864040836583e+01
4.668456914062500118e+02,-9.260717215037045946e+01
4.668459843750000005e+02,-1.015703304900393675e+02
4.668462773437499891e+02,-8.621663334438866855e+01
4.668465703125000346e+02,-8.030249719786567653e+01
4.668468632812500232e+02,-8.177439665827151316e+01
4.668471562500000118e+02,-8.976366883341087544e+01
4.668474492187500005e+02,-8.353908324366079796e+01
4.668477421874999891e+02,-8.149576478110871847e+01
4.668480351562500346e+02,-8.030564396049710751e+01
4.668483281250000232e+02,-8.017366489308110999e+01
4.668486210937500118e+02,-8.123781129764256548e+01
4.668489140625000005e+02,-8.358660401319630751e+01
4.668492070312499891e+02,-8.461380256139452172e+01
4.668495000000000346e+02,-8.192954596034394399e+01
4.668497929687500232e+02,-8.009425771176933040e+01
4.668500859375000118e+02,-8.306190561599072453e+01
4.668503789062500005e+02,-8.547571592811013375e+01
4.668506718749999891e+02,-8.799316438834588894e+01
4.668509648437500346e+02,-8.370689349819393499e+01
4.668512578125000232e+02,-8.215447519638894391e+01
4.668515507812500118e+02,-8.874439260902832416e+01
4.668518437500000005e+02,-9.735335087023156575e+01
4.668521367187499891e+02,-9.717992630400408416e+01
4.668524296875000346e+02,-9.280154549104670991e+01
4.668527226562500232e+02,-8.317748085483765408e+01
4.668530156250000118e+02,-8.482120717858651915e+01
4.668533085937500005e+02,-8.590753813990438914e+01
4.668536015624999891e+02,-8.259581155940260544e+01
4.668538945312500346e+02,-8.577340741237770771e+01
4.668541875000000232e+02,-8.284184943546024726e+01
4.668544804687500118e+02,-7.938401762657855443e+01
4.668547734375000005e+02,-8.544456575284259259e+01
4.668550664062499891e+02,-8.462604377442769987e+01
4.668553593750000346e+02,-9.017588421123244302e+01
4.668556523437500232e+02,-8.184934756905119002e+01
4.668559453125000118e+02,-8.332417134078163201e+01
4.668562382812500005e+02,-8.466750035657338458e+01
4.668565312499999891e+02,-8.491248840083899552e+01
4.668568242187500346e+02,-8.531420476455394919e+01
4.668571171875000232e+02,-9.789480188939897687e+01
4.668574101562500118e+02,-8.493226695812319349e+01
4.668577031250000005e+02,-8.552934585706067594e+01
4.668579960937499891e+02,-8.112063028241527718e+01
4.668582890625000346e+02,-8.889880196027378645e+01
4.668585820312500232e+02,-7.868431017132598981e+01
4.668588750000000118e+02,-8.075697020508638957e+01
4.668591679687500005e+02,-9.301570969985539250e+01
4.668594609374999891e+02,-8.593944977655797857e+01
4.668597539062500346e+02,-8.295139833095922199e+01
4.668600468750000232e+02,-7.809930269155680094e+01
4.668603398437500118e+02,-7.918107370496397834e+01
4.668606328125000005e+02,-8.558761795953869012e+01
4.668609257812499891e+02,-8.255926194583301481e+01
4.668612187500000346e+02,-8.764659886928454569e+01
4.668615117187500232e+02,-9.031587219246699760e+01
4.668618046875000118e+02,-8.253771041826635724e+01
4.668620976562500005e+02,-8.576732087489963874e+01
4.668623906249999891e+02,-8.197424597288490133e+01
4.668626835937500346e+02,-7.964649289818326849e+01
4.668629765625000232e+02,-1.029745205939634189e+02
4.668632695312500118e+02,-8.995088044797236648e+01
4.668635625000000005e+02,-8.654988833766991263e+01
4.668638554687499891e+02,-8.740746296968484330e+01
4.668641484375000346e+02,-8.623652800404413199e+01
4.668644414062500232e+02,-8.133472633560636211e+01
4.668647343750000118e+02,-8.697674927864292727e+01
4.668650273437500005e+02,-9.244727690948337795e+01
4.668653203124999891e+02,-9.011694593377087870e+01
4.668656132812500346e+02,-9.351430053802688747e+01
4.668659062500000232e+02,-8.735363275164922925e+01
4.668661992187500118e+02,-1.006718072392669683e+02
4.668664921875000005e+02,-8.969396234461225959e+01
4.668667851562499891e+02,-8.301844297974808740e+01
4.668670781250000346e+02,-8.289052327574978563e+01
4.668673710937500232e+02,-9.186462509940254506e+01
4.668676640625000118e+02,-8.467994919319704650e+01
4.668679570312500005e+02,-8.456814529001141523e+01
4.668682499999999891e+02,-8.534843832919690954e+01
4.668685429687500346e+02,-8.292874631864115997e+01
4.668688359375000232e+02,-8.549611617325237489e+01
4.668691289062500118e+02,-9.343769987495798546e+01
4.668694218750000005e+02,-8.681975736025424339e+01
4.668697148437499891e+02,-8.231109360874101810e+01
4.668700078125000346e+02,-8.433898520048367686e+01
4.668703007812500232e+02,-8.401687349522620707e+01
4.668705937500000118e+02,-8.520666304810896463e+01
4.668708867187500005e+02,-8.256386573271382190e+01
4.668711796874999891e+02,-8.480314764228421609e+01
4.668714726562500346e+02,-8.960713219658492790e+01
4.668717656250000232e+02,-8.879938500116637101e+01
4.668720585937500118e+02,-8.680864781023323928e+01
4.668723515625000005e+02,-9.099012824991410753e+01
4.668726445312499891e+02,-8.769689539922038080e+01
4.668729375000000346e+02,-8.107617286955969860e+01
4.668732304687500232e+02,-8.216599458444071047e+01
4.668735234375000118e+02,-8.608442883256077494e+01
4.668738164062500005e+02,-8.751265298559935957e+01
4.668741093749999891e+02,-8.828696839787512829e+01
4.668744023437500346e+02,-9.369405308193073267e+01
4.668746953125000232e+02,-8.476253924401743234e+01
4.668749882812500118e+02,-8.099941672097568812e+01
4.668752812500000005e+02,-8.241399569984477580e+01
4.668755742187499891e+02,-8.160983373568258514e+01
4.668758671875000346e+02,-8.203732908342600183e+01
4.668761601562500232e+02,-8.445175517829488854e+01
4.668764531250000118e+02,-8.660011618096028485e+01
4.668767460937500005e+02,-9.275944938566097164e+01
4.668770390624999891e+02,-9.822945855165551166e+01
4.668773320312500346e+02,-1.066147843790050729e+02
4.668776250000000232e+02,-8.452154782508343089e+01
4.668779179687500118e+02,-8.036049071550350220e+01
4.668782109375000005e+02,-7.823191570841187570e+01
4.668785039062499891e+02,-7.823495397868225609e+01
4.668787968750000346e+02,-8.161304307105902467e+01
4.668790898437500232e+02,-8.217782247172246457e+01
4.668793828125000118e+02,-8.096361543889804580e+01
4.668796757812500005e+02,-8.130744629052910000e+01
4.668799687499999891e+02,-8.233975208347675334e+01
4.668802617187500346e+02,-7.870743527778672899e+01
4.668805546875000232e+02,-7.820851762216742031e+01
4.668808476562500118e+02,-7.977799865308894312e+01
4.668811406250000005e+02,-7.951328331014472894e+01
4.668814335937499891e+02,-7.799124141563881096e+01
4.668817265625000346e+02,-7.792822871315051714e+01
4.668820195312500232e+02,-8.486169562673697442e+01
4.668823125000000118e+02,-8.750164230611289895e+01
4.668826054687500005e+02,-8.252467187233308721e+01
4.668828984374999891e+02,-8.939753726957624735e+01
4.668831914062500346e+02,-1.015136719842252830e+02
4.668834843750000232e+02,-9.833735106737223930e+01
4.668837773437500118e+02,-8.913344049636413047e+01
4.668840703125000005e+02,-9.831926364584759881e+01
4.668843632812499891e+02,-8.769383893594610413e+01
4.668846562500000346e+02,-8.788317949147514696e+01
4.668849492187500232e+02,-7.913273187516087148e+01
4.668852421875000118e+02,-7.844373544400860965e+01
4.668855351562500005e+02,-8.108859310950921895e+01
4.668858281249999891e+02,-8.551427239520650403e+01
4.668861210937500346e+02,-9.925859090614753200e+01
4.668864140625000232e+02,-8.640512666729804891e+01
4.668867070312500118e+02,-8.179827161451966333e+01
4.668870000000000005e+02,-8.253776212283466407e+01
4.668872929687499891e+02,-8.487067034665521703e+01
4.668875859375000346e+02,-8.805415361474011604e+01
4.668878789062500232e+02,-8.204929642029979675e+01
4.668881718750000118e+02,-8.088418622184596529e+01
4.668884648437500005e+02,-9.133304024082625006e+01
4.668887578124999891e+02,-8.671960788032079392e+01
4.668890507812500346e+02,-8.483201598891898243e+01
4.668893437500000232e+02,-8.480419473783771878e+01
4.668896367187500118e+02,-8.554618298648031782e+01
4.668899296875000005e+02,-8.273281664453649853e+01
4.668902226562499891e+02,-8.405751606276220400e+01
4.668905156250000346e+02,-8.661582719891245574e+01
4.668908085937500232e+02,-8.194406419139163233e+01
4.668911015625000118e+02,-8.025393164526774115e+01
4.668913945312500005e+02,-8.993256294038219778e+01
4.668916874999999891e+02,-8.853222363774921178e+01
4.668919804687500346e+02,-8.532646401307920314e+01
4.668922734375000232e+02,-8.452030641985953707e+01
4.668925664062500118e+02,-9.191537407078470778e+01
4.668928593750000005e+02,-8.514589849419736822e+01
4.668931523437499891e+02,-8.197920694009883391e+01
4.668934453125000346e+02,-9.070362787175660912e+01
4.668937382812500232e+02,-9.417048984516213750e+01
4.668940312500000118e+02,-8.571730150634377310e+01
4.668943242187500005e+02,-7.856159920104610705e+01
4.668946171874999891e+02,-7.875434923441433455e+01
4.668949101562500346e+02,-8.382152097773592914e+01
4.668952031250000232e+02,-9.357690113187473457e+01
4.668954960937500118e+02,-8.851783049175487861e+01
4.668957890625000005e+02,-9.723367532387995027e+01
4.668960820312499891e+02,-8.769994661793661805e+01
4.668963750000000346e+02,-8.376325487050672791e+01
4.668966679687500232e+02,-8.475793559801954302e+01
4.668969609375000118e+02,-8.640702203766677769e+01
4.668972539062500005e+02,-8.750855676433765495e+01
4.668975468749999891e+02,-9.953078637234922610e+01
4.668978398437500346e+02,-9.365950966104810504e+01
4.668981328125000232e+02,-8.266133767985752456e+01
4.668984257812500118e+02,-8.227746207385911248e+01
4.668987187500000005e+02,-8.748789788665195033e+01
4.668990117187499891e+02,-8.503234508251964030e+01
4.668993046875000346e+02,-8.427329984661598417e+01
4.668995976562500232e+02,-9.372278026657076566e+01
4.668998906250000118e+02,-8.307171873065712475e+01
4.669001835937500005e+02,-8.237313781594492923e+01
4.669004765624999891e+02,-8.406708195578144682e+01
4.669007695312500346e+02,-8.171264483171552229e+01
4.669010625000000232e+02,-7.850777568576008036e+01
4.669013554687500118e+02,-8.019511900715484387e+01
4.669016484375000005e+02,-8.361721684257804554e+01
4.669019414062499891e+02,-1.009886006900198794e+02
4.669022343750000346e+02,-8.627559878026815454e+01
4.669025273437500232e+02,-8.014521922908156171e+01
4.669028203125000118e+02,-8.174645991353168029e+01
4.669031132812500005e+02,-9.398831568247850043e+01
4.669034062499999891e+02,-9.001589380298385379e+01
4.669036992187500346e+02,-8.471407001932638536e+01
4.669039921875000232e+02,-9.085454610253245278e+01
4.669042851562500118e+02,-7.902741560035966017e+01
4.669045781250000005e+02,-7.745544744481395583e+01
4.669048710937499891e+02,-7.982056614908177039e+01
4.669051640625000346e+02,-8.909242413431368846e+01
4.669054570312500232e+02,-9.192367477906117301e+01
4.669057500000000118e+02,-8.994625523194164884e+01
4.669060429687500005e+02,-9.567906421935867911e+01
4.669063359374999891e+02,-9.119373237930282983e+01
4.669066289062500346e+02,-8.741290901685110271e+01
4.669069218750000232e+02,-9.988546863628195638e+01
4.669072148437500118e+02,-9.018337215110157956e+01
4.669075078125000005e+02,-8.365161439975224766e+01
4.669078007812499891e+02,-8.193009339472069996e+01
4.669080937500000346e+02,-9.017344743007279817e+01
4.669083867187500232e+02,-8.521412068814868235e+01
4.669086796875000118e+02,-8.824266146809789291e+01
4.669089726562500005e+02,-8.350842987861362587e+01
4.669092656249999891e+02,-9.049644848258488139e+01
4.669095585937500346e+02,-1.049681409782779724e+02
4.669098515625000232e+02,-9.236738487882071524e+01
4.669101445312500118e+02,-8.884738555996769094e+01
4.669104375000000005e+02,-8.041973188103159487e+01
4.669107304687499891e+02,-7.911092660120297637e+01
4.669110234375000346e+02,-8.121804677138658235e+01
4.669113164062500232e+02,-8.505963029090365524e+01
4.669116093750000118e+02,-8.469355414332135013e+01
4.669119023437500005e+02,-8.386217572566094702e+01
4.669121953124999891e+02,-9.199828275928611276e+01
4.669124882812500346e+02,-9.165672837303689846e+01
4.669127812500000232e+02,-8.711582091818158347e+01
4.669130742187500118e+02,-8.595022557917432948e+01
4.669133671875000005e+02,-8.940820539107730269e+01
4.669136601562499891e+02,-9.464706681695199109e+01
4.669139531250000346e+02,-8.937830488198440548e+01
4.669142460937500232e+02,-8.805597734761241213e+01
4.669145390625000118e+02,-8.390016668848286940e+01
4.669148320312500005e+02,-8.803633026608292766e+01
4.669151249999999891e+02,-9.027580696359736123e+01
4.669154179687500346e+02,-9.078618079068697000e+01
4.669157109375000232e+02,-8.430538474616295730e+01
4.669160039062500118e+02,-8.536298271581210884e+01
4.669162968750000005e+02,-9.424995164082278620e+01
4.669165898437499891e+02,-8.751972624045833982e+01
4.669168828125000346e+02,-8.604187380772657434e+01
4.669171757812500232e+02,-8.777373833892737309e+01
4.669174687500000118e+02,-8.541563461477051078e+01
4.669177617187500005e+02,-8.651785114846730096e+01
4.669180546874999891e+02,-8.598815258052285060e+01
4.669183476562500346e+02,-8.011158734393330860e+01
4.669186406250000232e+02,-7.976259418656175626e+01
4.669189335937500118e+02,-8.673533253572438184e+01
4.669192265625000005e+02,-8.885395251472500888e+01
4.669195195312499891e+02,-8.655344893723903965e+01
4.669198125000000346e+02,-8.519945116262556439e+01
4.669201054687500232e+02,-7.840231502101602246e+01
4.669203984375000118e+02,-7.870851623186345591e+01
4.669206914062500005e+02,-8.547897039767732963e+01
4.669209843749999891e+02,-9.085757291349572995e+01
4.669212773437500346e+02,-8.324333387026980802e+01
4.669215703125000232e+02,-8.594868228844427449e+01
4.669218632812500118e+02,-9.404901959347904494e+01
4.669221562500000005e+02,-8.910054359245160072e+01
4.669224492187499891e+02,-8.178890202027844225e+01
4.669227421875000346e+02,-8.704266164809376960e+01
4.669230351562500232e+02,-9.043802185642617530e+01
4.669233281250000118e+02,-8.125744372611222843e+01
4.669236210937500005e+02,-7.950345842501617710e+01
4.669239140624999891e+02,-7.982090121599827626e+01
4.669242070312500346e+02,-8.176909472704886639e+01
4.669245000000000232e+02,-8.086772508247972269e+01
4.669247929687500118e+02,-8.068107021536113166e+01
4.669250859375000005e+02,-8.303436137676396811e+01
4.669253789062499891e+02,-8.841259488716886494e+01
4.669256718750000346e+02,-8.533016214800309740e+01
4.669259648437500232e+02,-8.275617419228269966e+01
4.669262578125000118e+02,-8.756912228522560326e+01
4.669265507812500005e+02,-8.180477439860757727e+01
4.669268437499999891e+02,-7.751312159682231595e+01
4.669271367187500346e+02,-7.951887297838436552e+01
4.669274296875000232e+02,-8.606181286492477511e+01
4.669277226562500118e+02,-9.526436605709864125e+01
4.669280156250000005e+02,-8.525700396670232806e+01
4.669283085937499891e+02,-8.444799860609741415e+01
4.669286015625000346e+02,-8.922939709696717614e+01
4.669288945312500232e+02,-8.674319223802925194e+01
4.669291875000000118e+02,-9.389241934621254870e+01
4.669294804687500005e+02,-8.581830573552335295e+01
4.669297734374999891e+02,-8.754687129174331517e+01
4.669300664062500346e+02,-9.835808304636003641e+01
4.669303593750000232e+02,-8.854596343301670913e+01
4.669306523437500118e+02,-8.461276478208395702e+01
4.669309453125000005e+02,-8.605451228960598087e+01
4.669312382812499891e+02,-8.425011308808353760e+01
4.669315312500000346e+02,-8.497544541409317276e+01
4.669318242187500232e+02,-8.986542181062212364e+01
4.669321171875000118e+02,-8.760908129434524483e+01
4.669324101562500005e+02,-8.273044534252863969e+01
4.669327031249999891e+02,-8.194236933091661967e+01
4.669329960937500346e+02,-8.789821276663511185e+01
4.669332890625000232e+02,-8.790322177717727925e+01
4.669335820312500118e+02,-9.292829733101235945e+01
4.669338750000000005e+02,-8.612169252870754121e+01
4.669341679687499891e+02,-8.356464286148833764e+01
4.669344609375000346e+02,-7.988182633654770370e+01
4.669347539062500232e+02,-8.246932097290215324e+01
4.669350468750000118e+02,-8.581709674488131157e+01
4.669353398437500005e+02,-8.462335362624673962e+01
4.669356328124999891e+02,-9.128155312524141607e+01
4.669359257812500346e+02,-8.599116750885249871e+01
4.669362187500000232e+02,-7.820334998531470205e+01
4.669365117187500118e+02,-8.033144656013605811e+01
4.669368046875000005e+02,-8.092656232522338655e+01
4.669370976562499891e+02,-8.399467568616252322e+01
4.669373906250000346e+02,-8.962558450421055056e+01
4.669376835937500232e+02,-8.648684249980696848e+01
4.669379765625000118e+02,-8.751643446733189080e+01
4.669382695312500005e+02,-9.276407035088274711e+01
4.669385624999999891e+02,-8.403819331713964402e+01
4.669388554687500346e+02,-8.994696706573287770e+01
4.669391484375000232e+02,-8.305183448827497728e+01
4.669394414062500118e+02,-8.162205768092617575e+01
4.669397343750000005e+02,-9.289370880373012085e+01
4.669400273437499891e+02,-8.750492396484119695e+01
4.669403203125000346e+02,-8.896884806782281885e+01
4.669406132812500232e+02,-8.407473704067199094e+01
4.669409062500000118e+02,-8.627579808335754308e+01
4.669411992187500005e+02,-9.318229136371306254e+01
4.669414921874999891e+02,-8.819782520025850658e+01
4.669417851562500346e+02,-8.862717068805089582e+01
4.669420781250000232e+02,-8.423635076444860204e+01
4.669423710937500118e+02,-8.639228473961208010e+01
4.669426640625000005e+02,-8.524775986822136531e+01
4.669429570312499891e+02,-9.059966201999634450e+01
4.669432500000000346e+02,-8.454941513533641739e+01
4.669435429687500232e+02,-7.857875209737625255e+01
4.669438359375000118e+02,-8.263422175105439749e+01
4.669441289062500005e+02,-7.959891624988495096e+01
4.669444218749999891e+02,-8.174416717926541764e+01
4.669447148437500346e+02,-9.076524885490299255e+01
4.669450078125000232e+02,-8.591026668378439979e+01
4.669453007812500118e+02,-8.829137169385688821e+01
4.669455937500000005e+02,-9.538130287515488703e+01
4.669458867187499891e+02,-9.206762738000895752e+01
4.669461796875000346e+02,-8.613695277001917816e+01
4.669464726562500232e+02,-8.844394333324675017e+01
4.669467656250000118e+02,-7.936923103233853283e+01
4.669470585937500005e+02,-7.971368053746277837e+01
4.669473515624999891e+02,-8.322796207181580996e+01
4.669476445312500346e+02,-8.171361652229934691e+01
4.669479375000000232e+02,-9.973262143560192783e+01
4.669482304687500118e+02,-8.163306965708650864e+01
4.669485234375000005e+02,-8.557481504949593898e+01
4.669488164062499891e+02,-9.288802551549323994e+01
4.669491093750000346e+02,-8.687456439851855805e+01
4.669494023437500232e+02,-1.030509951229162056e+02
4.669496953125000118e+02,-8.145804924340026787e+01
4.669499882812500005e+02,-7.898106335831390368e+01
4.669502812499999891e+02,-8.789397987487492969e+01
4.669505742187500346e+02,-8.515525298389320596e+01
4.669508671875000232e+02,-7.917643823441321160e+01
4.669511601562500118e+02,-8.147989800298525154e+01
4.669514531250000005e+02,-8.193214529680544445e+01
4.669517460937499891e+02,-8.290189737222070221e+01
4.669520390625000346e+02,-8.600058769950646820e+01
4.669523320312500232e+02,-8.369637617067218116e+01
4.669526250000000118e+02,-8.773358861197282010e+01
4.669529179687500005e+02,-8.909301686021291289e+01
4.669532109374999891e+02,-8.017408916941023733e+01
4.669535039062500346e+02,-8.334620435507652303e+01
4.669537968750000232e+02,-8.428565436396380051e+01
4.669540898437500118e+02,-9.241812330026803579e+01
4.669543828125000005e+02,-8.384095050278192218e+01
4.669546757812499891e+02,-8.590893469881508793e+01
4.669549687500000346e+02,-8.531744921130895420e+01
4.669552617187500232e+02,-8.292874026337186422e+01
4.669555546875000118e+02,-8.177406969170063178e+01
4.669558476562500005e+02,-8.604808033180121640e+01
4.669561406249999891e+02,-9.039634370463821256e+01
4.669564335937500346e+02,-1.012683398262110614e+02
4.669567265625000232e+02,-8.646601548213949684e+01
4.669570195312500118e+02,-8.272427360062889079e+01
4.669573125000000005e+02,-8.258378126814166365e+01
4.669576054687499891e+02,-8.471168341528246515e+01
4.669578984375000346e+02,-8.423950281958150299e+01
4.669581914062500232e+02,-8.556034343012726140e+01
4.669584843750000118e+02,-8.364741857860431651e+01
4.669587773437500005e+02,-9.139241794676600250e+01
4.669590703124999891e+02,-9.022943137745235731e+01
4.669593632812500346e+02,-8.664070306317015024e+01
4.669596562500000232e+02,-8.849270122512132275e+01
4.669599492187500118e+02,-8.208176531149899802e+01
4.669602421875000005e+02,-8.651511923042251340e+01
4.669605351562499891e+02,-8.419622326048626348e+01
4.669608281250000346e+02,-7.513190934678875976e+01
4.669611210937500232e+02,-8.070098004512274770e+01
4.669614140625000118e+02,-8.338246472426347111e+01
4.669617070312500005e+02,-8.127000689480176732e+01
4.669619999999999891e+02,-8.830128035001845888e+01
4.669622929687500346e+02,-8.720402207147543550e+01
4.669625859375000232e+02,-9.188062011354575986e+01
4.669628789062500118e+02,-8.880365157045068258e+01
4.669631718750000005e+02,-9.479330500929704328e+01
4.669634648437499891e+02,-8.164073430853136415e+01
4.669637578125000346e+02,-8.230764688314351929e+01
4.669640507812500232e+02,-8.601276697723660902e+01
4.669643437500000118e+02,-9.202926290249425278e+01
4.669646367187500005e+02,-8.778251063433620516e+01
4.669649296874999891e+02,-8.582238642199433798e+01
4.669652226562500346e+02,-9.531286172531716261e+01
4.669655156250000232e+02,-8.611539193247004675e+01
4.669658085937500118e+02,-8.720105750852223991e+01
4.669661015625000005e+02,-9.313676235042863993e+01
4.669663945312499891e+02,-9.356193789356407819e+01
4.669666875000000346e+02,-8.938378430228186744e+01
4.669669804687500232e+02,-8.438761524004368653e+01
4.669672734375000118e+02,-8.146546249528196881e+01
4.669675664062500005e+02,-8.551144681031451000e+01
4.669678593749999891e+02,-8.738324249354792528e+01
4.669681523437500346e+02,-8.308783685638216809e+01
4.669684453125000232e+02,-8.500720379798141835e+01
4.669687382812500118e+02,-9.137320268721302341e+01
4.669690312500000005e+02,-9.102704425766620489e+01
4.669693242187499891e+02,-1.046396266613744075e+02
4.669696171875000346e+02,-8.946419338351761041e+01
4.669699101562500232e+02,-8.928639712170641474e+01
4.669702031250000118e+02,-8.911286184690361267e+01
4.669704960937500005e+02,-9.504244341841256016e+01
4.669707890624999891e+02,-8.671201232757950095e+01
4.669710820312500346e+02,-9.595687418547662162e+01
4.669713750000000232e+02,-9.363293854314746056e+01
4.669716679687500118e+02,-8.227869402393190512e+01
4.669719609375000005e+02,-8.253341188720781929e+01
4.669722539062499891e+02,-8.542678165887829778e+01
4.669725468750000346e+02,-9.426562335948491977e+01
4.669728398437500232e+02,-8.726536144135852169e+01
4.669731328125000118e+02,-8.182363456600036500e+01
4.669734257812500005e+02,-8.079563470323421370e+01
4.669737187499999891e+02,-8.472126166278422943e+01
4.669740117187500346e+02,-8.300996112384686398e+01
4.669743046875000232e+02,-9.496030097823893357e+01
4.669745976562500118e+02,-8.778975679589443359e+01
4.669748906250000005e+02,-8.973664236116668746e+01
4.669751835937499891e+02,-8.700069082548478150e+01
4.669754765625000346e+02,-8.248241896781252080e+01
4.669757695312500232e+02,-8.317613642938363228e+01
4.669760625000000118e+02,-8.392398737500221273e+01
4.669763554687500005e+02,-8.368515055785715617e+01
4.669766484374999891e+02,-8.299699195695467324e+01
4.669769414062500346e+02,-8.154476730680642049e+01
4.669772343750000232e+02,-9.346043552037127711e+01
4.669775273437500118e+02,-8.991734059131118784e+01
4.669778203125000005e+02,-8.750332192823883304e+01
4.669781132812499891e+02,-8.536989589000420153e+01
4.669784062500000346e+02,-8.428287438984671098e+01
4.669786992187500232e+02,-8.402482263882612301e+01
4.669789921875000118e+02,-8.662589061294656290e+01
4.669792851562500005e+02,-8.940675391544047557e+01
4.669795781249999891e+02,-9.242846350727369042e+01
4.669798710937500346e+02,-8.780029636145819438e+01
4.669801640625000232e+02,-1.019981855809053286e+02
4.669804570312500118e+02,-8.356076167083217854e+01
4.669807500000000005e+02,-8.400621455918050628e+01
4.669810429687499891e+02,-8.977774809235214093e+01
4.669813359375000346e+02,-8.159868333338818047e+01
4.669816289062500232e+02,-8.392926838586859617e+01
4.669819218750000118e+02,-1.002360533166198309e+02
4.669822148437500005e+02,-9.231762856343769386e+01
4.669825078124999891e+02,-7.816952627366551098e+01
4.669828007812500346e+02,-7.988145005738073223e+01
4.669830937500000232e+02,-9.609230276628170486e+01
4.669833867187500118e+02,-8.470545465102789251e+01
4.669836796875000005e+02,-8.071611696910885314e+01
4.669839726562499891e+02,-8.699556934644520823e+01
4.669842656250000346e+02,-9.709055884061633890e+01
4.669845585937500232e+02,-9.643388577358260250e+01
4.669848515625000118e+02,-9.392824064280928553e+01
4.669851445312500005e+02,-8.837339543042979528e+01
4.669854374999999891e+02,-7.945493382584891151e+01
4.669857304687500346e+02,-8.275443300891468823e+01
4.669860234375000232e+02,-9.297785029683994651e+01
4.669863164062500118e+02,-9.441660283662275788e+01
4.669866093750000005e+02,-8.639285497707454908e+01
4.669869023437499891e+02,-8.104077091572509062e+01
4.669871953125000346e+02,-8.212442858134886592e+01
4.669874882812500232e+02,-8.001283586239310353e+01
4.669877812500000118e+02,-8.182075782006333498e+01
4.669880742187500005e+02,-9.195620235368352269e+01
4.669883671874999891e+02,-8.553487820532512842e+01
4.669886601562500346e+02,-7.821799406852585435e+01
4.669889531250000232e+02,-8.977110595146189098e+01
4.669892460937500118e+02,-8.038287524537435047e+01
4.669895390625000005e+02,-8.553278369094250877e+01
4.669898320312499891e+02,-9.235394563097491982e+01
4.669901250000000346e+02,-8.363158721833387688e+01
4.669904179687500232e+02,-8.372639878125603730e+01
4.669907109375000118e+02,-8.419694684353684977e+01
4.669910039062500005e+02,-8.015171363999573373e+01
4.669912968749999891e+02,-8.395109573145467152e+01
4.669915898437500346e+02,-8.634437294476458646e+01
4.669918828125000232e+02,-8.378038402045464750e+01
4.669921757812500118e+02,-8.301677560202350037e+01
4.669924687500000005e+02,-8.498752464405856699e+01
4.669927617187499891e+02,-8.443247301757425305e+01
4.669930546875000346e+02,-9.098139851723631466e+01
4.669933476562500232e+02,-8.348859291759865187e+01
4.669936406250000118e+02,-8.409702699532637382e+01
4.669939335937500005e+02,-8.310538328913933981e+01
4.669942265624999891e+02,-8.192374257337932875e+01
4.669945195312500346e+02,-8.800597129790780571e+01
4.669948125000000232e+02,-7.954360698095067050e+01
4.669951054687500118e+02,-8.237853966403969252e+01
4.669953984375000005e+02,-9.328055905803189773e+01
4.669956914062499891e+02,-7.880979633346598234e+01
4.669959843750000346e+02,-7.858162352397863515e+01
4.669962773437500232e+02,-8.502302986449856803e+01
4.669965703125000118e+02,-8.822543682739451754e+01
4.669968632812500005e+02,-8.167575519446589283e+01
4.669971562499999891e+02,-7.750561678287253642e+01
4.669974492187500346e+02,-8.117731628670441069e+01
4.669977421875000232e+02,-8.281845582976578157e+01
4.669980351562500118e+02,-8.459291815937304193e+01
4.669983281250000005e+02,-1.026400602667151674e+02
4.669986210937499891e+02,-8.980556529574116098e+01
4.669989140625000346e+02,-8.586406878061565351e+01
4.669992070312500232e+02,-8.416889298667322805e+01
4.669995000000000118e+02,-9.084822343112483622e+01
4.669997929687500005e+02,-8.643049332370222260e+01
4.670000859374999891e+02,-8.446907921822727872e+01
4.670003789062500346e+02,-8.120918110216818775e+01
4.670006718750000232e+02,-7.755730834046831035e+01
4.670009648437500118e+02,-7.747632298738486156e+01
4.670012578125000005e+02,-8.823458242205772706e+01
4.670015507812499891e+02,-8.599674731313766074e+01
4.670018437500000346e+02,-8.383211639923665359e+01
4.670021367187500232e+02,-9.528347707543802869e+01
4.670024296875000118e+02,-8.551241084154604266e+01
4.670027226562500005e+02,-8.812181757514639457e+01
4.670030156249999891e+02,-8.521925406835764250e+01
4.670033085937500346e+02,-7.881597692361184215e+01
4.670036015625000232e+02,-7.724678662116430417e+01
4.670038945312500118e+02,-8.117246479354807320e+01
4.670041875000000005e+02,-8.300215681805568124e+01
4.670044804687499891e+02,-8.360054241263318886e+01
4.670047734375000346e+02,-9.134419234521303110e+01
4.670050664062500232e+02,-8.478666854132397646e+01
4.670053593750000118e+02,-8.250345082922186180e+01
4.670056523437500005e+02,-9.219151878243869191e+01
4.670059453124999891e+02,-8.614704790486956654e+01
4.670062382812500346e+02,-7.826140394007691725e+01
4.670065312500000232e+02,-7.734264839602718666e+01
4.670068242187500118e+02,-8.087622891456464913e+01
4.670071171875000005e+02,-8.568421970461750448e+01
4.670074101562499891e+02,-8.610143157165771299e+01
4.670077031250000346e+02,-8.506067199211440766e+01
4.670079960937500232e+02,-9.791745530605318493e+01
4.670082890625000118e+02,-8.269350694520744582e+01
4.670085820312500005e+02,-8.957798664702545466e+01
4.670088749999999891e+02,-8.886914371127048184e+01
4.670091679687500346e+02,-7.937653903266800626e+01
4.670094609375000232e+02,-7.833331207794611828e+01
4.670097539062500118e+02,-8.236020159034814014e+01
4.670100468750000005e+02,-8.062740521527342707e+01
4.670103398437499891e+02,-8.255759896873388470e+01
4.670106328125000346e+02,-8.424454547049774078e+01
4.670109257812500232e+02,-8.053165836612447492e+01
4.670112187500000118e+02,-8.609819748521954352e+01
4.670115117187500005e+02,-1.003514865018916993e+02
4.670118046874999891e+02,-9.055111343044538330e+01
4.670120976562500346e+02,-8.947337636096699498e+01
4.670123906250000232e+02,-8.636368317806640960e+01
4.670126835937500118e+02,-9.081408555803335503e+01
4.670129765625000005e+02,-8.124885112066074555e+01
4.670132695312499891e+02,-7.940702415959492555e+01
4.670135625000000346e+02,-8.751593714090330423e+01
4.670138554687500232e+02,-8.553935289621853144e+01
4.670141484375000118e+02,-7.776872539056259370e+01
4.670144414062500005e+02,-7.923155865427395383e+01
4.670147343749999891e+02,-8.937309360259314417e+01
4.670150273437500346e+02,-8.219275987978704734e+01
4.670153203125000232e+02,-7.695834043999360574e+01
4.670156132812500118e+02,-7.606584852051173584e+01
4.670159062500000005e+02,-8.226674365393091648e+01
4.670161992187499891e+02,-9.575874238474770550e+01
4.670164921875000346e+02,-8.520552311566667925e+01
4.670167851562500232e+02,-8.488483678109167840e+01
4.670170781250000118e+02,-7.958296360998753016e+01
4.670173710937500005e+02,-8.041898966475143595e+01
4.670176640624999891e+02,-7.969513850356268847e+01
4.670179570312500346e+02,-8.093775884081668437e+01
4.670182500000000232e+02,-8.486634564878394826e+01
4.670185429687500118e+02,-8.530747417339173921e+01
4.670188359375000005e+02,-8.157716491272609005e+01
4.670191289062499891e+02,-8.407893769744690360e+01
4.670194218750000346e+02,-9.127743287565508012e+01
4.670197148437500232e+02,-9.105032374648645543e+01
4.670200078125000118e+02,-8.336230324634108513e+01
4.670203007812500005e+02,-8.087981580766987122e+01
4.670205937499999891e+02,-8.061038946161021101e+01
4.670208867187500346e+02,-8.231295238482893240e+01
4.670211796875000232e+02,-7.925232626720745088e+01
4.670214726562500118e+02,-8.762470594794120871e+01
4.670217656250000005e+02,-8.906471274617427980e+01
4.670220585937499891e+02,-9.565118112470557321e+01
4.670223515625000346e+02,-8.701401967182435726e+01
4.670226445312500232e+02,-8.686875069093406410e+01
4.670229375000000118e+02,-8.554281643967212290e+01
4.670232304687500005e+02,-9.230596651343932990e+01
4.670235234374999891e+02,-8.980878119753427313e+01
4.670238164062500346e+02,-9.148637810393665859e+01
4.670241093750000232e+02,-8.528001400305582536e+01
4.670244023437500118e+02,-9.101122002891573004e+01
4.670246953125000005e+02,-8.018214199335274373e+01
4.670249882812499891e+02,-8.346455783096864423e+01
4.670252812500000346e+02,-8.159418098709964795e+01
4.670255742187500232e+02,-8.517375691175011809e+01
4.670258671875000118e+02,-7.958898169519540033e+01
4.670261601562500005e+02,-8.130532227277586799e+01
4.670264531249999891e+02,-9.952632945093542105e+01
4.670267460937500346e+02,-8.535438940398515228e+01
4.670270390625000232e+02,-8.266589695001459859e+01
4.670273320312500118e+02,-8.199382245574277306e+01
4.670276250000000005e+02,-8.246864381569784541e+01
4.670279179687499891e+02,-9.641564987420331079e+01
4.670282109375000346e+02,-9.132669089216824432e+01
4.670285039062500232e+02,-8.796765834902882375e+01
4.670287968750000118e+02,-8.490635565039879395e+01
4.670290898437500005e+02,-8.158106623093097198e+01
4.670293828124999891e+02,-9.065570998306301931e+01
4.670296757812500346e+02,-9.155685357142878900e+01
4.670299687500000232e+02,-8.544993412814939404e+01
4.670302617187500118e+02,-8.197365083679656550e+01
4.670305546875000005e+02,-9.411888565239982540e+01
4.670308476562499891e+02,-8.594256990839591026e+01
4.670311406250000346e+02,-8.380332266547588915e+01
4.670314335937500232e+02,-8.468669096924527651e+01
4.670317265625000118e+02,-8.590055912320423204e+01
4.670320195312500005e+02,-8.180356429361845017e+01
4.670323124999999891e+02,-8.737620845252374124e+01
4.670326054687500346e+02,-8.915625359081718670e+01
4.670328984375000232e+02,-9.357354230286851760e+01
4.670331914062500118e+02,-9.767647984116022997e+01
4.670334843750000005e+02,-9.115597697813917932e+01
4.670337773437499891e+02,-7.969861236963798490e+01
4.670340703125000346e+02,-8.006426025762021936e+01
4.670343632812500232e+02,-8.250281825071564867e+01
4.670346562500000118e+02,-7.591063309153460636e+01
4.670349492187500005e+02,-8.732217814750070772e+01
4.670352421874999891e+02,-8.239439348101012683e+01
4.670355351562500346e+02,-7.979464688687137652e+01
4.670358281250000232e+02,-8.969813073793410751e+01
4.670361210937500118e+02,-8.741210815957300895e+01
4.670364140625000005e+02,-9.112635638117696146e+01
4.670367070312499891e+02,-8.650721534624501885e+01
4.670370000000000346e+02,-8.775948960695485823e+01
4.670372929687500232e+02,-8.261370798061888365e+01
4.670375859375000118e+02,-7.887401465821187685e+01
4.670378789062500005e+02,-8.545110844376786474e+01
4.670381718749999891e+02,-8.964910409313878858e+01
4.670384648437500346e+02,-8.333671199987931288e+01
4.670387578125000232e+02,-8.673420184069243533e+01
4.670390507812500118e+02,-8.412954381050604979e+01
4.670393437500000005e+02,-8.452085429042321607e+01
4.670396367187499891e+02,-9.009957020689063256e+01
4.670399296875000346e+02,-8.775839420713498384e+01
4.670402226562500232e+02,-9.788544736947736169e+01
4.670405156250000118e+02,-8.313773751576385962e+01
4.670408085937500005e+02,-8.104387042619777048e+01
4.670411015624999891e+02,-8.776482817484657062e+01
4.670413945312500346e+02,-8.930360811842378155e+01
4.670416875000000232e+02,-9.209883907030382488e+01
4.670419804687500118e+02,-1.032915370940217912e+02
4.670422734375000005e+02,-8.637514558868225834e+01
4.670425664062499891e+02,-8.005361027094878068e+01
4.670428593750000346e+02,-8.964738611591752715e+01
4.670431523437500232e+02,-1.025229858779176197e+02
4.670434453125000118e+02,-9.565312089220300606e+01
4.670437382812500005e+02,-1.103463624425639864e+02
4.670440312499999891e+02,-8.636451580529862326e+01
4.670443242187500346e+02,-8.950074903238655111e+01
4.670446171875000232e+02,-8.900727625682249311e+01
4.670449101562500118e+02,-8.962937731314455903e+01
4.670452031250000005e+02,-8.095884348690995580e+01
4.670454960937499891e+02,-8.010182680387501364e+01
4.670457890625000346e+02,-8.020903924746147595e+01
4.670460820312500232e+02,-8.378798241350474996e+01
4.670463750000000118e+02,-8.675025190737848391e+01
4.670466679687500005e+02,-8.157388448179301577e+01
4.670469609374999891e+02,-7.991656242971789936e+01
4.670472539062500346e+02,-8.020690762379658167e+01
4.670475468750000232e+02,-8.103542796231883472e+01
4.670478398437500118e+02,-7.997995717640777968e+01
4.670481328125000005e+02,-8.099861295294424224e+01
4.670484257812499891e+02,-8.423131078794519055e+01
4.670487187500000346e+02,-8.154522543612939955e+01
4.670490117187500232e+02,-7.976973138092488114e+01
4.670493046875000118e+02,-8.227619191941839460e+01
4.670495976562500005e+02,-9.633523163969881864e+01
4.670498906249999891e+02,-8.481408741115428995e+01
4.670501835937500346e+02,-8.730272647111871720e+01
4.670504765625000232e+02,-8.156318204969267072e+01
4.670507695312500118e+02,-8.907162026816445177e+01
4.670510625000000005e+02,-8.354624183430168216e+01
4.670513554687499891e+02,-8.193727448101634536e+01
4.670516484375000346e+02,-8.869015510993219209e+01
4.670519414062500232e+02,-8.631808744299384273e+01
4.670522343750000118e+02,-1.074875706875252490e+02
4.670525273437500005e+02,-8.624387250225025525e+01
4.670528203124999891e+02,-8.044119883796338399e+01
4.670531132812500346e+02,-7.965227721509725711e+01
4.670534062500000232e+02,-8.191806145898505065e+01
4.670536992187500118e+02,-8.875118342615358813e+01
4.670539921875000005e+02,-9.111223912109387868e+01
4.670542851562499891e+02,-9.199952020581172007e+01
4.670545781250000346e+02,-9.309149791263723728e+01
4.670548710937500232e+02,-9.101182055779690927e+01
4.670551640625000118e+02,-8.875842545856900756e+01
4.670554570312500005e+02,-8.623708053993668443e+01
4.670557499999999891e+02,-8.099548547937232001e+01
4.670560429687500346e+02,-7.791371847830434660e+01
4.670563359375000232e+02,-8.387654479618493042e+01
4.670566289062500118e+02,-7.947009886499000686e+01
4.670569218750000005e+02,-8.500401984876715744e+01
4.670572148437499891e+02,-8.648433623019690231e+01
4.670575078125000346e+02,-9.008940499600879548e+01
4.670578007812500232e+02,-8.406307289400685079e+01
4.670580937500000118e+02,-8.431894104321096961e+01
4.670583867187500005e+02,-8.820203757171884718e+01
4.670586796874999891e+02,-9.321080585485461256e+01
4.670589726562500346e+02,-8.670856150701000331e+01
4.670592656250000232e+02,-7.693008851688588834e+01
4.670595585937500118e+02,-7.669276536442981751e+01
4.670598515625000005e+02,-7.851091680790393923e+01
4.670601445312499891e+02,-8.278228053471107728e+01
4.670604375000000346e+02,-8.563328585357554346e+01
4.670607304687500232e+02,-8.119361529328520533e+01
4.670610234375000118e+02,-9.422144606097918995e+01
4.670613164062500005e+02,-8.691004340885768897e+01
4.670616093749999891e+02,-8.413315181574837709e+01
4.670619023437500346e+02,-9.158699102473823928e+01
4.670621953125000232e+02,-8.924006844249652204e+01
4.670624882812500118e+02,-8.526065453377169945e+01
4.670627812500000005e+02,-9.157859926876199097e+01
4.670630742187499891e+02,-8.054646174927925983e+01
4.670633671875000346e+02,-8.071624217301661020e+01
4.670636601562500232e+02,-9.903001707129917008e+01
4.670639531250000118e+02,-8.836851226023979677e+01
4.670642460937500005e+02,-9.201585463698974365e+01
4.670645390624999891e+02,-9.688253582634357031e+01
4.670648320312500346e+02,-9.282634662781747181e+01
4.670651250000000232e+02,-9.194456644425612524e+01
4.670654179687500118e+02,-9.400868058826972629e+01
4.670657109375000005e+02,-8.984715695608267083e+01
4.670660039062499891e+02,-8.222358856829271190e+01
4.670662968750000346e+02,-7.561754455251092111e+01
4.670665898437500232e+02,-7.603657331605143099e+01
4.670668828125000118e+02,-8.915101946803885369e+01
4.670671757812500005e+02,-8.193777155967687520e+01
4.670674687499999891e+02,-8.781876460494831349e+01
4.670677617187500346e+02,-8.667252627544445431e+01
4.670680546875000232e+02,-8.236393840621121853e+01
4.670683476562500118e+02,-8.092123500082007581e+01
4.670686406250000005e+02,-8.208563984525861201e+01
4.670689335937499891e+02,-8.531078951454853154e+01
4.670692265625000346e+02,-7.812098941067213786e+01
4.670695195312500232e+02,-7.703410807715971487e+01
4.670698125000000118e+02,-7.769247857010084601e+01
4.670701054687500005e+02,-7.961231415143674894e+01
4.670703984374999891e+02,-8.379817969428438573e+01
4.670706914062500346e+02,-9.312329397477851956e+01
4.670709843750000232e+02,-8.334841243038184189e+01
4.670712773437500118e+02,-9.179794008803609984e+01
4.670715703125000005e+02,-9.875466704906187942e+01
4.670718632812499891e+02,-8.731940457576189374e+01
4.670721562500000346e+02,-8.158235753878726371e+01
4.670724492187500232e+02,-8.408114357097309721e+01
4.670727421875000118e+02,-9.120230973594389923e+01
4.670730351562500005e+02,-8.883072547830528265e+01
4.670733281249999891e+02,-9.332361699695765367e+01
4.670736210937500346e+02,-8.345860313578845080e+01
4.670739140625000232e+02,-7.904874913885011267e+01
4.670742070312500118e+02,-8.181425279050580457e+01
4.670745000000000005e+02,-9.126176491320109108e+01
4.670747929687499891e+02,-8.282203616237353572e+01
4.670750859375000346e+02,-8.032210372986311597e+01
4.670753789062500232e+02,-9.522643243961022108e+01
4.670756718750000118e+02,-8.349599280293107029e+01
4.670759648437500005e+02,-8.458435324561476421e+01
4.670762578124999891e+02,-8.271897636425981659e+01
4.670765507812500346e+02,-7.997405870265758665e+01
4.670768437500000232e+02,-7.814866997299867535e+01
4.670771367187500118e+02,-7.727695327988178065e+01
4.670774296875000005e+02,-8.738806032210104036e+01
4.670777226562499891e+02,-8.061972300923186197e+01
4.670780156250000346e+02,-7.938368125796384334e+01
4.670783085937500232e+02,-8.368744229175342753e+01
4.670786015625000118e+02,-8.563029427488926615e+01
4.670788945312500005e+02,-8.050027307835753732e+01
4.670791874999999891e+02,-7.991241539688165574e+01
4.670794804687500346e+02,-8.279302920248997566e+01
4.670797734375000232e+02,-8.651522149514906346e+01
4.670800664062500118e+02,-9.872721040042365814e+01
4.670803593750000005e+02,-9.167891145210900561e+01
4.670806523437499891e+02,-8.678511117025595922e+01
4.670809453125000346e+02,-7.800573304540944264e+01
4.670812382812500232e+02,-8.146610027130391529e+01
4.670815312500000118e+02,-8.400374293795781000e+01
4.670818242187500005e+02,-7.997862602336782345e+01
4.670821171874999891e+02,-8.238835661438413638e+01
4.670824101562500346e+02,-8.291893068462213989e+01
4.670827031250000232e+02,-8.121697895733603900e+01
4.670829960937500118e+02,-8.285978609342006962e+01
4.670832890625000005e+02,-9.166711600645075464e+01
4.670835820312499891e+02,-9.482641568251938224e+01
4.670838750000000346e+02,-9.182695962924023547e+01
4.670841679687500232e+02,-9.001257485697581728e+01
4.670844609375000118e+02,-8.177116327498082171e+01
4.670847539062500005e+02,-7.935854457039705778e+01
4.670850468749999891e+02,-8.354423753000254749e+01
4.670853398437500346e+02,-9.660327558771086842e+01
4.670856328125000232e+02,-9.079749612692013727e+01
4.670859257812500118e+02,-8.460903119601164235e+01
4.670862187500000005e+02,-7.990881371297943758e+01
4.670865117187499891e+02,-8.786212699117918135e+01
4.670868046875000346e+02,-9.545183658465141718e+01
4.670870976562500232e+02,-8.432845185822955614e+01
4.670873906250000118e+02,-8.409069310826799892e+01
4.670876835937500005e+02,-8.931236850341099398e+01
4.670879765624999891e+02,-8.324187717654369578e+01
4.670882695312500346e+02,-8.155686283822497273e+01
4.670885625000000232e+02,-8.217106499508984996e+01
4.670888554687500118e+02,-8.295986125829557523e+01
4.670891484375000005e+02,-8.184376515909001171e+01
4.670894414062499891e+02,-7.482947250432029307e+01
4.670897343750000346e+02,-7.716995212709259988e+01
4.670900273437500232e+02,-8.638283387167689398e+01
4.670903203125000118e+02,-8.021989131097541303e+01
4.670906132812500005e+02,-8.828116975107957387e+01
4.670909062499999891e+02,-8.511717970935178812e+01
4.670911992187500346e+02,-7.732570478454262286e+01
4.670914921875000232e+02,-8.113384409738999636e+01
4.670917851562500118e+02,-8.491728379368653634e+01
4.670920781250000005e+02,-9.213083452117777483e+01
4.670923710937499891e+02,-8.329642178284933607e+01
4.670926640625000346e+02,-8.249256159394485621e+01
4.670929570312500232e+02,-8.596249090071530929e+01
4.670932500000000118e+02,-8.063396476374322219e+01
4.670935429687500005e+02,-7.994926897163090018e+01
4.670938359374999891e+02,-8.174785808108123319e+01
4.670941289062500346e+02,-1.028772658995319205e+02
4.670944218750000232e+02,-8.635369543035947970e+01
4.670947148437500118e+02,-7.684621314464622799e+01
4.670950078125000005e+02,-7.780720175987285359e+01
4.670953007812499891e+02,-9.225587698470631892e+01
4.670955937500000346e+02,-8.003797262043632088e+01
4.670958867187500232e+02,-8.011758480417711326e+01
4.670961796875000118e+02,-8.532389889612184675e+01
4.670964726562500005e+02,-7.970565761404499483e+01
4.670967656249999891e+02,-8.685686365107233087e+01
4.670970585937500346e+02,-8.826307034790107764e+01
4.670973515625000232e+02,-8.870366834274727807e+01
4.670976445312500118e+02,-8.961816662732451277e+01
4.670979375000000005e+02,-8.904554359730441604e+01
4.670982304687499891e+02,-9.482173226084441353e+01
4.670985234375000346e+02,-8.427426279201361581e+01
4.670988164062500232e+02,-8.935195566569062464e+01
4.670991093750000118e+02,-8.297798739779729260e+01
4.670994023437500005e+02,-8.483195313368119628e+01
4.670996953124999891e+02,-8.415190951327629421e+01
4.670999882812500346e+02,-8.672681481938323600e+01
4.671002812500000232e+02,-8.766694248144935386e+01
4.671005742187500118e+02,-7.832694020269038049e+01
4.671008671875000005e+02,-7.746674747164598784e+01
4.671011601562499891e+02,-7.959824290716545647e+01
4.671014531250000346e+02,-8.378867525551720519e+01
4.671017460937500232e+02,-9.037478253620901114e+01
4.671020390625000118e+02,-8.112842537225888861e+01
4.671023320312500005e+02,-8.069670561571400924e+01
4.671026249999999891e+02,-8.417013972721366599e+01
4.671029179687500346e+02,-9.045349738924416272e+01
4.671032109375000232e+02,-8.328933496922050495e+01
4.671035039062500118e+02,-7.809044018368089723e+01
4.671037968750000005e+02,-8.327875204243652263e+01
4.671040898437499891e+02,-8.623121792636467831e+01
4.671043828125000346e+02,-8.865488684515413809e+01
4.671046757812500232e+02,-8.176619139933755775e+01
4.671049687500000118e+02,-8.856473779948730396e+01
4.671052617187500005e+02,-8.265608459324900537e+01
4.671055546874999891e+02,-9.278684024696602251e+01
4.671058476562500346e+02,-8.092684615774400925e+01
4.671061406250000232e+02,-8.304707181453657938e+01
4.671064335937500118e+02,-8.820428712068581945e+01
4.671067265625000005e+02,-8.097279252365380842e+01
4.671070195312499891e+02,-8.137417042070930506e+01
4.671073125000000346e+02,-8.613146070161607781e+01
4.671076054687500232e+02,-7.871181690824293753e+01
4.671078984375000118e+02,-9.579826607996938037e+01
4.671081914062500005e+02,-8.528258414232843165e+01
4.671084843749999891e+02,-8.962392519788822653e+01
4.671087773437500346e+02,-7.789798942012046723e+01
4.671090703125000232e+02,-7.526437101620938108e+01
4.671093632812500118e+02,-8.075724309755037211e+01
4.671096562500000005e+02,-8.983817656642578697e+01
4.671099492187499891e+02,-8.604006798329082528e+01
4.671102421875000346e+02,-8.645102518122557456e+01
4.671105351562500232e+02,-8.560553650024360195e+01
4.671108281250000118e+02,-8.134851490682508768e+01
4.671111210937500005e+02,-8.434442349546708328e+01
4.671114140624999891e+02,-8.544835578401585963e+01
4.671117070312500346e+02,-7.963979236469609191e+01
4.671120000000000232e+02,-8.137214546901587653e+01
4.671122929687500118e+02,-8.916839845994239511e+01
4.671125859375000005e+02,-8.308782462964076387e+01
4.671128789062499891e+02,-7.809085079359873305e+01
4.671131718750000346e+02,-8.171103243530096449e+01
4.671134648437500232e+02,-7.891465467914686371e+01
4.671137578125000118e+02,-8.146178791910521966e+01
4.671140507812500005e+02,-8.055799099045415801e+01
4.671143437499999891e+02,-8.412262893098827021e+01
4.671146367187500346e+02,-9.017100353125289303e+01
4.671149296875000232e+02,-8.299048100879801382e+01
4.671152226562500118e+02,-7.807663647989029698e+01
4.671155156250000005e+02,-8.205917137411475437e+01
4.671158085937499891e+02,-8.389461697629917580e+01
4.671161015625000346e+02,-8.391578635660722796e+01
4.671163945312500232e+02,-9.147691464233588476e+01
4.671166875000000118e+02,-9.273269061486433884e+01
4.671169804687500005e+02,-8.619591277471036506e+01
4.671172734374999891e+02,-8.624687242825098110e+01
4.671175664062500346e+02,-8.207350124282166348e+01
4.671178593750000232e+02,-8.346432680857250830e+01
4.671181523437500118e+02,-8.434543875688845560e+01
4.671184453125000005e+02,-9.444921978691012043e+01
4.671187382812499891e+02,-8.250706271688117965e+01
4.671190312500000346e+02,-7.698472956438558867e+01
4.671193242187500232e+02,-7.413170063541647892e+01
4.671196171875000118e+02,-7.853102048889286380e+01
4.671199101562500005e+02,-8.251163046825018910e+01
4.671202031249999891e+02,-8.462119218160859191e+01
4.671204960937500346e+02,-8.082219645969570365e+01
4.671207890625000232e+02,-8.004524515625209347e+01
4.671210820312500118e+02,-8.234725057181370289e+01
4.671213750000000005e+02,-7.885489884981521413e+01
4.671216679687499891e+02,-8.424664545049623143e+01
4.671219609375000346e+02,-8.044366782359715273e+01
4.671222539062500232e+02,-8.193407569709313520e+01
4.671225468750000118e+02,-9.034158434237254198e+01
4.671228398437500005e+02,-9.629292157785016570e+01
4.671231328124999891e+02,-8.468962663366210109e+01
4.671234257812500346e+02,-8.005721901328155354e+01
4.671237187500000232e+02,-7.831743476612646759e+01
4.671240117187500118e+02,-8.069233249382622830e+01
4.671243046875000005e+02,-8.982376662748924900e+01
4.671245976562499891e+02,-8.752324217630896896e+01
4.671248906250000346e+02,-8.651430917956319888e+01
4.671251835937500232e+02,-9.750138198620390995e+01
4.671254765625000118e+02,-8.770008947864596394e+01
4.671257695312500005e+02,-8.451977057038652674e+01
4.671260624999999891e+02,-8.895503606863920254e+01
4.671263554687500346e+02,-8.395897612118842801e+01
4.671266484375000232e+02,-8.696585216560129084e+01
4.671269414062500118e+02,-8.555541686108051636e+01
4.671272343750000005e+02,-8.441765026932260696e+01
4.671275273437499891e+02,-8.120983282352690935e+01
4.671278203125000346e+02,-8.928645515057674231e+01
4.671281132812500232e+02,-9.111787437173239823e+01
4.671284062500000118e+02,-8.683477533817402616e+01
4.671286992187500005e+02,-7.786340082449314082e+01
4.671289921874999891e+02,-7.956201885156120568e+01
4.671292851562500346e+02,-8.149393072136797400e+01
4.671295781250000232e+02,-7.883308070797065170e+01
4.671298710937500118e+02,-8.904767558438493325e+01
4.671301640625000005e+02,-7.918292000793587704e+01
4.671304570312499891e+02,-8.015527368237417249e+01
4.671307500000000346e+02,-8.584971729554551700e+01
4.671310429687500232e+02,-8.350946921359982866e+01
4.671313359375000118e+02,-8.114011715109249678e+01
4.671316289062500005e+02,-8.268406120130423176e+01
4.671319218749999891e+02,-8.646829071178787274e+01
4.671322148437500346e+02,-9.301348848886868836e+01
4.671325078125000232e+02,-8.889591911443778827e+01
4.671328007812500118e+02,-8.230110388089210005e+01
4.671330937500000005e+02,-7.915021314320567569e+01
4.671333867187499891e+02,-7.975339588791052847e+01
4.671336796875000346e+02,-8.485570210766753974e+01
4.671339726562500232e+02,-8.242795539998374466e+01
4.671342656250000118e+02,-7.952853303429954224e+01
4.671345585937500005e+02,-7.797776871577408997e+01
4.671348515624999891e+02,-8.230470252251508612e+01
4.671351445312500346e+02,-8.539444488868575434e+01
4.671354375000000232e+02,-9.005263272901169103e+01
4.671357304687500118e+02,-8.603294708558202331e+01
4.671360234375000005e+02,-9.153717176634981456e+01
4.671363164062499891e+02,-8.653520257839704755e+01
4.671366093750000346e+02,-8.213969564665913481e+01
4.671369023437500232e+02,-7.782134700458756527e+01
4.671371953125000118e+02,-8.130627398899900982e+01
4.671374882812500005e+02,-8.030714939027541277e+01
4.671377812499999891e+02,-7.990291796399763768e+01
4.671380742187500346e+02,-8.948100992008744470e+01
4.671383671875000232e+02,-8.169738624483767353e+01
4.671386601562500118e+02,-8.430251124139900298e+01
4.671389531250000005e+02,-7.577984395034503962e+01
4.671392460937499891e+02,-7.652755962094704500e+01
4.671395390625000346e+02,-8.496602650991805206e+01
4.671398320312500232e+02,-8.496340135695375295e+01
4.671401250000000118e+02,-9.031048884437203128e+01
4.671404179687500005e+02,-8.022354182560208358e+01
4.671407109374999891e+02,-7.791652580101344938e+01
4.671410039062500346e+02,-9.109075588095153364e+01
4.671412968750000232e+02,-8.095333872593357682e+01
4.671415898437500118e+02,-8.205606425877076049e+01
4.671418828125000005e+02,-8.497398364579284191e+01
4.671421757812499891e+02,-8.542893082496392765e+01
4.671424687500000346e+02,-8.005242603972590132e+01
4.671427617187500232e+02,-7.848389793370364487e+01
4.671430546875000118e+02,-8.310653908213561181e+01
4.671433476562500005e+02,-7.779124128042488451e+01
4.671436406249999891e+02,-7.529236005772160922e+01
4.671439335937500346e+02,-7.743974254514041888e+01
4.671442265625000232e+02,-7.788425535118113885e+01
4.671445195312500118e+02,-8.057947037140003488e+01
4.671448125000000005e+02,-8.927812829332191313e+01
4.671451054687499891e+02,-8.577675389109892023e+01
4.671453984375000346e+02,-9.269712012322426631e+01
4.671456914062500232e+02,-8.777932010017715925e+01
4.671459843750000118e+02,-1.006868392823549243e+02
4.671462773437500005e+02,-8.616590001557894141e+01
4.671465703124999891e+02,-1.083361314034308975e+02
4.671468632812500346e+02,-8.738386542051429728e+01
4.671471562500000232e+02,-8.367353375674363747e+01
4.671474492187500118e+02,-9.556014810900680345e+01
4.671477421875000005e+02,-8.310496046724173880e+01
4.671480351562499891e+02,-7.836507154858874458e+01
4.671483281250000346e+02,-8.595629753899433467e+01
4.671486210937500232e+02,-8.747453429708048134e+01
4.671489140625000118e+02,-8.497336940501963909e+01
4.671492070312500005e+02,-9.134383677480464314e+01
4.671494999999999891e+02,-8.921911179527572244e+01
4.671497929687500346e+02,-7.740595743743486423e+01
4.671500859375000232e+02,-7.548178667051841728e+01
4.671503789062500118e+02,-9.597685263695115054e+01
4.671506718750000005e+02,-8.211420089983803905e+01
4.671509648437499891e+02,-1.003420855632372479e+02
4.671512578125000346e+02,-8.670707528336272674e+01
4.671515507812500232e+02,-7.641730050227890558e+01
4.671518437500000118e+02,-7.676196009557956756e+01
4.671521367187500005e+02,-8.320764699989980784e+01
4.671524296874999891e+02,-9.049375537964719740e+01
4.671527226562500346e+02,-8.935208042184966359e+01
4.671530156250000232e+02,-8.341092209957659520e+01
4.671533085937500118e+02,-8.563062552913486059e+01
4.671536015625000005e+02,-8.059147546728289058e+01
4.671538945312499891e+02,-7.656264778947148386e+01
4.671541875000000346e+02,-7.799234925476714864e+01
4.671544804687500232e+02,-8.087807628082039457e+01
4.671547734375000118e+02,-8.269812943071862321e+01
4.671550664062500005e+02,-8.233571918762760333e+01
4.671553593749999891e+02,-7.742053029169470335e+01
4.671556523437500346e+02,-7.805717069929941943e+01
4.671559453125000232e+02,-8.020867916003992093e+01
4.671562382812500118e+02,-7.873268680124211016e+01
4.671565312500000005e+02,-7.845323969371182216e+01
4.671568242187499891e+02,-8.105143412616365595e+01
4.671571171875000346e+02,-7.758223196367224261e+01
4.671574101562500232e+02,-7.550622788968946963e+01
4.671577031250000118e+02,-8.055841882620575234e+01
4.671579960937500005e+02,-8.298345197283403252e+01
4.671582890624999891e+02,-9.251104752470402559e+01
4.671585820312500346e+02,-7.875367643678993090e+01
4.671588750000000232e+02,-7.911117290898782528e+01
4.671591679687500118e+02,-8.235948840781836111e+01
4.671594609375000005e+02,-9.012164264099722288e+01
4.671597539062499891e+02,-8.283039882826840028e+01
4.671600468750000346e+02,-8.015718541554292642e+01
4.671603398437500232e+02,-8.306394418102141231e+01
4.671606328125000118e+02,-9.021713846898643396e+01
4.671609257812500005e+02,-8.766171212090198139e+01
4.671612187499999891e+02,-8.119167961449133486e+01
4.671615117187500346e+02,-8.508964955341542691e+01
4.671618046875000232e+02,-8.578109446078484268e+01
4.671620976562500118e+02,-8.039695046880800078e+01
4.671623906250000005e+02,-8.538361690868202913e+01
4.671626835937499891e+02,-8.527782457861846410e+01
4.671629765625000346e+02,-8.259164653216474505e+01
4.671632695312500232e+02,-7.951537485027533592e+01
4.671635625000000118e+02,-8.294228967657579688e+01
4.671638554687500005e+02,-8.291736364385558034e+01
4.671641484374999891e+02,-8.231732734850055522e+01
4.671644414062500346e+02,-8.688608834737470943e+01
4.671647343750000232e+02,-8.244388219223864667e+01
4.671650273437500118e+02,-8.473609126290281779e+01
4.671653203125000005e+02,-8.270348260373522464e+01
4.671656132812499891e+02,-8.416705068837244141e+01
4.671659062500000346e+02,-7.861934397755696580e+01
4.671661992187500232e+02,-7.520527149722877880e+01
4.671664921875000118e+02,-8.227463987191960371e+01
4.671667851562500005e+02,-9.097036267135671039e+01
4.671670781249999891e+02,-8.020935854148765998e+01
4.671673710937500346e+02,-7.480900990461866229e+01
4.671676640625000232e+02,-7.752199110021477679e+01
4.671679570312500118e+02,-7.955347704657194186e+01
4.671682500000000005e+02,-7.645763717134155968e+01
4.671685429687499891e+02,-8.148670799144851173e+01
4.671688359375000346e+02,-8.716273638363959719e+01
4.671691289062500232e+02,-8.266346548319340570e+01
4.671694218750000118e+02,-8.604794977826502134e+01
4.671697148437500005e+02,-7.586264273951547921e+01
4.671700078124999891e+02,-7.700502650595731780e+01
4.671703007812500346e+02,-8.238018193034208991e+01
4.671705937500000232e+02,-1.012226373220576789e+02
4.671708867187500118e+02,-8.482727070888587662e+01
4.671711796875000005e+02,-8.347149579016942766e+01
4.671714726562499891e+02,-8.763357221601965819e+01
4.671717656250000346e+02,-8.857044807506474626e+01
4.671720585937500232e+02,-7.888659610427995972e+01
4.671723515625000118e+02,-7.704612785759847782e+01
4.671726445312500005e+02,-8.973833265544865867e+01
4.671729374999999891e+02,-7.933058744442124066e+01
4.671732304687500346e+02,-7.596609226565047379e+01
4.671735234375000232e+02,-7.644549578201066709e+01
4.671738164062500118e+02,-7.694588991094245500e+01
4.671741093750000005e+02,-9.328274783092432187e+01
4.671744023437499891e+02,-9.005311004541454167e+01
4.671746953125000346e+02,-8.844564721659209283e+01
4.671749882812500232e+02,-9.150076653814565475e+01
4.671752812500000118e+02,-8.096193118385436094e+01
4.671755742187500005e+02,-7.790180754670855379e+01
4.671758671874999891e+02,-8.298959834536157132e+01
4.671761601562500346e+02,-8.343227318955436544e+01
4.671764531250000232e+02,-9.168818325743461628e+01
4.671767460937500118e+02,-8.539023761276382629e+01
4.671770390625000005e+02,-9.446652256294611050e+01
4.671773320312499891e+02,-8.803576356536473213e+01
4.671776250000000346e+02,-8.747592235369430114e+01
4.671779179687500232e+02,-8.297920234517522431e+01
4.671782109375000118e+02,-7.866875852856767892e+01
4.671785039062500005e+02,-7.985778212376089868e+01
4.671787968749999891e+02,-8.314460949101774645e+01
4.671790898437500346e+02,-8.424490139496222696e+01
4.671793828125000232e+02,-8.719350893884886489e+01
4.671796757812500118e+02,-9.085228292500553948e+01
4.671799687500000005e+02,-8.741174374848034745e+01
4.671802617187499891e+02,-8.637671403838251649e+01
4.671805546875000346e+02,-7.898005398861126025e+01
4.671808476562500232e+02,-8.541487366286796146e+01
4.671811406250000118e+02,-9.250832277630235012e+01
4.671814335937500005e+02,-8.587279965140086802e+01
4.671817265624999891e+02,-8.171115259184486490e+01
4.671820195312500346e+02,-8.067430755415932708e+01
4.671823125000000232e+02,-9.026654988195846840e+01
4.671826054687500118e+02,-1.155064003261546475e+02
4.671828984375000005e+02,-8.829551003444962021e+01
4.671831914062499891e+02,-8.033270489046365981e+01
4.671834843750000346e+02,-1.060493621319963751e+02
4.671837773437500232e+02,-8.744044208106258509e+01
4.671840703125000118e+02,-8.090874749988176973e+01
4.671843632812500005e+02,-1.098812489951259295e+02
4.671846562499999891e+02,-9.324846647130709698e+01
4.671849492187500346e+02,-9.016989022739579696e+01
4.671852421875000232e+02,-8.591771803744377678e+01
4.671855351562500118e+02,-8.015076952535778787e+01
4.671858281250000005e+02,-8.333688881871383103e+01
4.671861210937499891e+02,-8.602688220462063384e+01
4.671864140625000346e+02,-8.698062387182345390e+01
4.671867070312500232e+02,-8.376496537488625904e+01
4.671870000000000118e+02,-8.192116228175181902e+01
4.671872929687500005e+02,-7.707403135225236213e+01
4.671875859374999891e+02,-7.747874011307368391e+01
4.671878789062500346e+02,-8.076013653970021267e+01
4.671881718750000232e+02,-9.502840952794730356e+01
4.671884648437500118e+02,-8.143739920876974736e+01
4.671887578125000005e+02,-8.296025718616640177e+01
4.671890507812499891e+02,-9.405154455951843318e+01
4.671893437500000346e+02,-8.829509974550060747e+01
4.671896367187500232e+02,-9.201147292025467550e+01
4.671899296875000118e+02,-9.337087353194773698e+01
4.671902226562500005e+02,-8.916737611202680114e+01
4.671905156249999891e+02,-7.884180961445107982e+01
4.671908085937500346e+02,-7.901961604557808982e+01
4.671911015625000232e+02,-7.824880245348829533e+01
4.671913945312500118e+02,-7.903295380718093099e+01
4.671916875000000005e+02,-8.031924503448591679e+01
4.671919804687499891e+02,-8.366889875664480769e+01
4.671922734375000346e+02,-1.040375666806690731e+02
4.671925664062500232e+02,-7.822997823400076811e+01
4.671928593750000118e+02,-7.948696002296179586e+01
4.671931523437500005e+02,-8.314811855324585110e+01
4.671934453124999891e+02,-7.668351972596111921e+01
4.671937382812500346e+02,-7.836428704916002630e+01
4.671940312500000232e+02,-7.863865914375172395e+01
4.671943242187500118e+02,-9.223999519091550781e+01
4.671946171875000005e+02,-8.493755822215156570e+01
4.671949101562499891e+02,-8.834849192290020881e+01
4.671952031250000346e+02,-8.067798635081159375e+01
4.671954960937500232e+02,-8.850992103973575809e+01
4.671957890625000118e+02,-8.771183307758526837e+01
4.671960820312500005e+02,-8.209521674779630018e+01
4.671963749999999891e+02,-8.726495392432403264e+01
4.671966679687500346e+02,-7.869073564964082834e+01
4.671969609375000232e+02,-7.630888090485086650e+01
4.671972539062500118e+02,-8.131905548062624689e+01
4.671975468750000005e+02,-8.485080460867435193e+01
4.671978398437499891e+02,-7.886099102302277686e+01
4.671981328125000346e+02,-7.923829087668352145e+01
4.671984257812500232e+02,-8.806726565718534516e+01
4.671987187500000118e+02,-8.550314373715474403e+01
4.671990117187500005e+02,-7.964245738822130249e+01
4.671993046874999891e+02,-7.699755774350246895e+01
4.671995976562500346e+02,-8.101351722948925271e+01
4.671998906250000232e+02,-8.014230213926792601e+01
4.672001835937500118e+02,-8.392399090528607530e+01
4.672004765625000005e+02,-7.992743095664812358e+01
4.672007695312499891e+02,-7.773436475041629024e+01
4.672010625000000346e+02,-8.488401358207946146e+01
4.672013554687500232e+02,-8.495089044508318921e+01
4.672016484375000118e+02,-8.253197731499420797e+01
4.672019414062500005e+02,-8.181189390358555613e+01
4.672022343749999891e+02,-8.082794780449486893e+01
4.672025273437500346e+02,-7.920331121522342244e+01
4.672028203125000232e+02,-7.702363772502282302e+01
4.672031132812500118e+02,-8.093790390410356395e+01
4.672034062500000005e+02,-7.939517171247362626e+01
4.672036992187499891e+02,-7.415545554351655255e+01
4.672039921875000346e+02,-7.440650686031575844e+01
4.672042851562500232e+02,-7.918047670185403319e+01
4.672045781250000118e+02,-8.674439027681626158e+01
4.672048710937500005e+02,-8.043783551610594884e+01
4.672051640624999891e+02,-8.080797467303854376e+01
4.672054570312500346e+02,-8.771684990376657254e+01
4.672057500000000232e+02,-8.336741008884708037e+01
4.672060429687500118e+02,-9.069586636076377317e+01
4.672063359375000005e+02,-8.397665878602612111e+01
4.672066289062499891e+02,-8.447400537349430749e+01
4.672069218750000346e+02,-8.422242869804962595e+01
4.672072148437500232e+02,-7.727828924925287879e+01
4.672075078125000118e+02,-7.891748561842209142e+01
4.672078007812500005e+02,-8.278499888364181913e+01
4.672080937499999891e+02,-8.579245704140950579e+01
4.672083867187500346e+02,-8.616595142663109641e+01
4.672086796875000232e+02,-8.480676743890690261e+01
4.672089726562500118e+02,-8.145942847141901666e+01
4.672092656250000005e+02,-7.853464675474684498e+01
4.672095585937499891e+02,-8.218138849373536914e+01
4.672098515625000346e+02,-7.998741429131159464e+01
4.672101445312500232e+02,-8.085797966253458924e+01
4.672104375000000118e+02,-8.044078002872751654e+01
4.672107304687500005e+02,-8.509868084136429900e+01
4.672110234374999891e+02,-8.321223447849867227e+01
4.672113164062500346e+02,-7.973716455491646116e+01
4.672116093750000232e+02,-9.009599716026420424e+01
4.672119023437500118e+02,-7.871422223485186009e+01
4.672121953125000005e+02,-7.239884779705997175e+01
4.672124882812499891e+02,-7.518990576368751988e+01
4.672127812500000346e+02,-8.235432331663018601e+01
4.672130742187500232e+02,-8.317469500968090301e+01
4.672133671875000118e+02,-8.445906798580551822e+01
4.672136601562500005e+02,-8.114079141636160841e+01
4.672139531249999891e+02,-7.933355479739772420e+01
4.672142460937500346e+02,-9.281254051312089359e+01
4.672145390625000232e+02,-7.822442679965514856e+01
4.672148320312500118e+02,-8.018480500980651016e+01
4.672151250000000005e+02,-8.769621622076913070e+01
4.672154179687499891e+02,-9.026891352399968582e+01
4.672157109375000346e+02,-8.166804967123664483e+01
4.672160039062500232e+02,-7.863399368922196686e+01
4.672162968750000118e+02,-8.165369064478754524e+01
4.672165898437500005e+02,-8.036592601227636123e+01
4.672168828124999891e+02,-7.885148223624319996e+01
4.672171757812500346e+02,-8.937202025821237328e+01
4.672174687500000232e+02,-9.234526942001221528e+01
4.672177617187500118e+02,-9.248084007245799398e+01
4.672180546875000005e+02,-8.457656728448037597e+01
4.672183476562499891e+02,-7.855473431143026630e+01
4.672186406250000346e+02,-7.816578611486015404e+01
4.672189335937500232e+02,-7.933283548973703603e+01
4.672192265625000118e+02,-7.983421018001359926e+01
4.672195195312500005e+02,-8.622892739773715221e+01
4.672198124999999891e+02,-7.673064016931317610e+01
4.672201054687500346e+02,-7.757892738302503233e+01
4.672203984375000232e+02,-8.481473327303930887e+01
4.672206914062500118e+02,-9.071395927782970148e+01
4.672209843750000005e+02,-8.066527920178256750e+01
4.672212773437499891e+02,-9.421235115152214235e+01
4.672215703125000346e+02,-9.093604651206048572e+01
4.672218632812500232e+02,-8.925082527352829231e+01
4.672221562500000118e+02,-8.620619242817853944e+01
4.672224492187500005e+02,-8.446196259904337467e+01
4.672227421874999891e+02,-9.120828103000263809e+01
4.672230351562500346e+02,-8.429203619115668289e+01
4.672233281250000232e+02,-7.322797897958869839e+01
4.672236210937500118e+02,-7.205614871619118844e+01
4.672239140625000005e+02,-7.589474686884470600e+01
4.672242070312499891e+02,-8.161236519188378224e+01
4.672245000000000346e+02,-8.697883374507428300e+01
4.672247929687500232e+02,-7.968564184751036805e+01
4.672250859375000118e+02,-7.817513243765085917e+01
4.672253789062500005e+02,-8.081360587716093846e+01
4.672256718749999891e+02,-7.809317834619871235e+01
4.672259648437500346e+02,-7.982016487709296371e+01
4.672262578125000232e+02,-8.610789065410537546e+01
4.672265507812500118e+02,-8.205141372620524010e+01
4.672268437500000005e+02,-8.324433690398254271e+01
4.672271367187499891e+02,-8.756493735292164615e+01
4.672274296875000346e+02,-7.809944765939589217e+01
4.672277226562500232e+02,-8.026098650853504068e+01
4.672280156250000118e+02,-8.045249080113983098e+01
4.672283085937500005e+02,-7.424006537334665268e+01
4.672286015624999891e+02,-7.679328326415146933e+01
4.672288945312500346e+02,-7.721105469438710145e+01
4.672291875000000232e+02,-7.539293729917308440e+01
4.672294804687500118e+02,-9.088693846409015009e+01
4.672297734375000005e+02,-9.931022365011857289e+01
4.672300664062499891e+02,-8.408843568944290325e+01
4.672303593750000346e+02,-7.584554243864296552e+01
4.672306523437500232e+02,-7.066464147921851691e+01
4.672309453125000118e+02,-7.616947833922650091e+01
4.672312382812500005e+02,-9.541716618143510686e+01
4.672315312499999891e+02,-8.696334670558108826e+01
4.672318242187500346e+02,-8.357686009411898453e+01
4.672321171875000232e+02,-7.698652353410486171e+01
4.672324101562500118e+02,-8.323309931162071962e+01
4.672327031250000005e+02,-9.517897425377803700e+01
4.672329960937499891e+02,-8.310016664555115540e+01
4.672332890625000346e+02,-7.896528922525021699e+01
4.672335820312500232e+02,-8.045142086144966243e+01
4.672338750000000118e+02,-7.980772382585031721e+01
4.672341679687500005e+02,-8.151191559045165036e+01
4.672344609374999891e+02,-8.242579916995720168e+01
4.672347539062500346e+02,-7.690882048680002470e+01
4.672350468750000232e+02,-7.646709842610684404e+01
4.672353398437500118e+02,-7.877741779329950589e+01
4.672356328125000005e+02,-8.849881135032676127e+01
4.672359257812499891e+02,-7.969256686464824213e+01
4.672362187500000346e+02,-8.965936316656247129e+01
4.672365117187500232e+02,-8.959909798233196909e+01
4.672368046875000118e+02,-8.089245273915955181e+01
4.672370976562500005e+02,-8.411656209070213208e+01
4.672373906249999891e+02,-7.626812622827414145e+01
4.672376835937500346e+02,-7.715726268887497952e+01
4.672379765625000232e+02,-8.660070131395676185e+01
4.672382695312500118e+02,-8.692830088407373523e+01
4.672385625000000005e+02,-8.785440838762973215e+01
4.672388554687499891e+02,-7.895875732425517413e+01
4.672391484375000346e+02,-8.055076810146765354e+01
4.672394414062500232e+02,-8.838264280520272109e+01
4.672397343750000118e+02,-8.545660325627011389e+01
4.672400273437500005e+02,-7.692739571343841476e+01
4.672403203124999891e+02,-7.312367267313970842e+01
4.672406132812500346e+02,-7.485659903231174894e+01
4.672409062500000232e+02,-8.223767072926634114e+01
4.672411992187500118e+02,-8.355607726601206764e+01
4.672414921875000005e+02,-8.010624617395436076e+01
4.672417851562499891e+02,-7.745043170868325433e+01
4.672420781250000346e+02,-7.835320685602073354e+01
4.672423710937500232e+02,-8.425345122476497295e+01
4.672426640625000118e+02,-8.462615236655032902e+01
4.672429570312500005e+02,-7.881616403945736238e+01
4.672432499999999891e+02,-7.779863818298152012e+01
4.672435429687500346e+02,-8.167572069174735816e+01
4.672438359375000232e+02,-8.290308322921819695e+01
4.672441289062500118e+02,-9.252854114478545000e+01
4.672444218750000005e+02,-8.281787363721834083e+01
4.672447148437499891e+02,-8.281737655529256870e+01
4.672450078125000346e+02,-8.473882474973406431e+01
4.672453007812500232e+02,-9.646310559518470029e+01
4.672455937500000118e+02,-1.016201728628551990e+02
4.672458867187500005e+02,-8.378892871854804980e+01
4.672461796874999891e+02,-7.957614192377852191e+01
4.672464726562500346e+02,-7.972235808933882595e+01
4.672467656250000232e+02,-7.996413315365138885e+01
4.672470585937500118e+02,-7.483423218306944591e+01
4.672473515625000005e+02,-7.969750623390599742e+01
4.672476445312499891e+02,-9.543980859125156258e+01
4.672479375000000346e+02,-8.299665247753753761e+01
4.672482304687500232e+02,-8.384793866191765233e+01
4.672485234375000118e+02,-7.981730160902928617e+01
4.672488164062500005e+02,-7.813775784009064296e+01
4.672491093749999891e+02,-8.403038879730704025e+01
4.672494023437500346e+02,-7.796729487338677700e+01
4.672496953125000232e+02,-7.816659560149921049e+01
4.672499882812500118e+02,-7.955193466880217557e+01
4.672502812500000005e+02,-8.091748690752385187e+01
4.672505742187499891e+02,-8.649736850820970346e+01
4.672508671875000346e+02,-8.592139277636138672e+01
4.672511601562500232e+02,-8.588147272875210092e+01
4.672514531250000118e+02,-9.425763651316054847e+01
4.672517460937500005e+02,-7.684739634868867597e+01
4.672520390624999891e+02,-7.772080161460610270e+01
4.672523320312500346e+02,-8.450275840836366115e+01
4.672526250000000232e+02,-8.213210749486158591e+01
4.672529179687500118e+02,-7.961226425486067626e+01
4.672532109375000005e+02,-8.092306949332967747e+01
4.672535039062499891e+02,-8.885381802476271673e+01
4.672537968750000346e+02,-9.203094289411309603e+01
4.672540898437500232e+02,-8.488222038094805555e+01
4.672543828125000118e+02,-8.017382695532884895e+01
4.672546757812500005e+02,-8.617471668997437462e+01
4.672549687499999891e+02,-8.245265060721608563e+01
4.672552617187500346e+02,-8.236014763089194446e+01
4.672555546875000232e+02,-7.569345786792086983e+01
4.672558476562500118e+02,-7.292812555740556490e+01
4.672561406250000005e+02,-7.393186203004609069e+01
4.672564335937499891e+02,-8.806018289432479662e+01
4.672567265625000346e+02,-8.999288368418231698e+01
4.672570195312500232e+02,-8.053169956719744960e+01
4.672573125000000118e+02,-8.928221627048380071e+01
4.672576054687500005e+02,-7.677194691862705156e+01
4.672578984374999891e+02,-9.197762736962643260e+01
4.672581914062500346e+02,-8.133235166276506334e+01
4.672584843750000232e+02,-8.543131482500299967e+01
4.672587773437500118e+02,-8.811806486041213304e+01
4.672590703125000005e+02,-8.355845723465412789e+01
4.672593632812499891e+02,-7.647267244334321390e+01
4.672596562500000346e+02,-7.609521393005319112e+01
4.672599492187500232e+02,-8.375811223287918494e+01
4.672602421875000118e+02,-8.757955223925280563e+01
4.672605351562500005e+02,-7.649449392547137450e+01
4.672608281249999891e+02,-8.009480877553356493e+01
4.672611210937500346e+02,-7.594490605381524517e+01
4.672614140625000232e+02,-7.602502667489736154e+01
4.672617070312500118e+02,-7.618314833558707733e+01
4.672620000000000005e+02,-7.919891586177786280e+01
4.672622929687499891e+02,-7.874697938459875957e+01
4.672625859375000346e+02,-9.012075260405765675e+01
4.672628789062500232e+02,-8.391530049129734437e+01
4.672631718750000118e+02,-7.553939036636397475e+01
4.672634648437500005e+02,-7.148541327343902196e+01
4.672637578124999891e+02,-7.763849351770748797e+01
4.672640507812500346e+02,-8.169502390367986777e+01
4.672643437500000232e+02,-7.964577108717358556e+01
4.672646367187500118e+02,-8.354588700936159285e+01
4.672649296875000005e+02,-7.569678656254333760e+01
4.672652226562499891e+02,-7.879358582405642153e+01
4.672655156250000346e+02,-8.321653644963620877e+01
4.672658085937500232e+02,-8.109625946036612731e+01
4.672661015625000118e+02,-9.340406546499355045e+01
4.672663945312500005e+02,-8.434143586374405288e+01
4.672666874999999891e+02,-8.084375540738938071e+01
4.672669804687500346e+02,-8.336111789891657509e+01
4.672672734375000232e+02,-9.210672563434388849e+01
4.672675664062500118e+02,-8.077263975622196313e+01
4.672678593750000005e+02,-8.250651337858342060e+01
4.672681523437499891e+02,-7.428153012592831317e+01
4.672684453125000346e+02,-7.545938511590158271e+01
4.672687382812500232e+02,-7.405490075658516957e+01
4.672690312500000118e+02,-7.544305216686402105e+01
4.672693242187500005e+02,-8.380491507426719977e+01
4.672696171874999891e+02,-7.579423385902850896e+01
4.672699101562500346e+02,-7.430007429819329445e+01
4.672702031250000232e+02,-7.324819083701709133e+01
4.672704960937500118e+02,-7.721043664738485290e+01
4.672707890625000005e+02,-7.448570985163918579e+01
4.672710820312499891e+02,-7.730990738093272796e+01
4.672713750000000346e+02,-7.943463397345352917e+01
4.672716679687500232e+02,-7.571255107932553585e+01
4.672719609375000118e+02,-7.469929085145113845e+01
4.672722539062500005e+02,-7.428767300432451748e+01
4.672725468749999891e+02,-7.208455086635767373e+01
4.672728398437500346e+02,-7.413565833057629106e+01
4.672731328125000232e+02,-7.558931723149726167e+01
4.672734257812500118e+02,-7.156276555285526797e+01
4.672737187500000005e+02,-7.586532670485706831e+01
4.672740117187499891e+02,-7.225386747777905327e+01
4.672743046875000346e+02,-7.583507393596806878e+01
4.672745976562500232e+02,-7.256865233534527704e+01
4.672748906250000118e+02,-7.791302116260790456e+01
4.672751835937500005e+02,-7.780064590290186288e+01
4.672754765624999891e+02,-7.548095486451694569e+01
4.672757695312500346e+02,-7.690758076075485405e+01
4.672760625000000232e+02,-7.875061427370953027e+01
4.672763554687500118e+02,-7.503273991365725237e+01
4.672766484375000005e+02,-7.590382151526135601e+01
4.672769414062499891e+02,-8.534286372274434029e+01
4.672772343750000346e+02,-7.445397067155674620e+01
4.672775273437500232e+02,-7.959892613262893235e+01
4.672778203125000118e+02,-7.264457559870663772e+01
4.672781132812500005e+02,-7.385994225877509223e+01
4.672784062499999891e+02,-7.817106668967524286e+01
4.672786992187500346e+02,-8.264865383290562306e+01
4.672789921875000232e+02,-8.087550378352476343e+01
4.672792851562500118e+02,-8.052953491469511960e+01
4.672795781250000005e+02,-7.936097907161844489e+01
4.672798710937499891e+02,-7.460752345915076944e+01
4.672801640625000346e+02,-7.754160849386222765e+01
4.672804570312500232e+02,-9.406767516498973691e+01
4.672807500000000118e+02,-7.550337599376847209e+01
4.672810429687500005e+02,-8.020550304378014062e+01
4.672813359374999891e+02,-7.981225093397591763e+01
4.672816289062500346e+02,-8.032164498576456424e+01
4.672819218750000232e+02,-8.257916030898545046e+01
4.672822148437500118e+02,-7.588115331880592862e+01
4.672825078125000005e+02,-7.738023908637036641e+01
4.672828007812499891e+02,-7.914334940845381539e+01
4.672830937500000346e+02,-7.663635697059800123e+01
4.672833867187500232e+02,-8.099041335152556087e+01
4.672836796875000118e+02,-9.539997267237376377e+01
4.672839726562500005e+02,-8.871161782767870818e+01
4.672842656249999891e+02,-8.625638942505183593e+01
4.672845585937500346e+02,-7.707146937876673576e+01
4.672848515625000232e+02,-7.701321168906989101e+01
4.672851445312500118e+02,-8.184385281200792406e+01
4.672854375000000005e+02,-8.008495281986130010e+01
4.672857304687499891e+02,-8.238476611125113891e+01
4.672860234375000346e+02,-8.630435531785036574e+01
4.672863164062500232e+02,-8.066499634264494034e+01
4.672866093750000118e+02,-7.578241096332182281e+01
4.672869023437500005e+02,-7.394764087177199485e+01
4.672871953124999891e+02,-8.431796264980307853e+01
4.672874882812500346e+02,-8.468565887101816259e+01
4.672877812500000232e+02,-9.005975955072247530e+01
4.672880742187500118e+02,-9.124939748083329505e+01
4.672883671875000005e+02,-8.509515181977357656e+01
4.672886601562499891e+02,-8.098484886503709390e+01
4.672889531250000346e+02,-7.639095544953131878e+01
4.672892460937500232e+02,-7.375544509392278769e+01
4.672895390625000118e+02,-7.553996374560200877e+01
4.672898320312500005e+02,-7.410061864374749518e+01
4.672901249999999891e+02,-7.771453593286912565e+01
4.672904179687500346e+02,-7.751873468198060380e+01
4.672907109375000232e+02,-7.356942664827928979e+01
4.672910039062500118e+02,-8.143468064360436642e+01
4.672912968750000005e+02,-8.593717684512873234e+01
4.672915898437499891e+02,-7.819592403981425832e+01
4.672918828125000346e+02,-8.860275638902989215e+01
4.672921757812500232e+02,-7.818860213753711719e+01
4.672924687500000118e+02,-8.056696165776516239e+01
4.672927617187500005e+02,-8.644450914739464054e+01
4.672930546874999891e+02,-8.634279734178448962e+01
4.672933476562500346e+02,-8.516671553716992094e+01
4.672936406250000232e+02,-8.170111329092662800e+01
4.672939335937500118e+02,-8.049527460363756859e+01
4.672942265625000005e+02,-8.383140592901099808e+01
4.672945195312499891e+02,-8.444839972606148137e+01
4.672948125000000346e+02,-7.975125913408825795e+01
4.672951054687500232e+02,-8.213001607343551314e+01
4.672953984375000118e+02,-7.577996430450835419e+01
4.672956914062500005e+02,-7.582600158145537250e+01
4.672959843749999891e+02,-8.448683149901297895e+01
4.672962773437500346e+02,-8.266974786121417651e+01
4.672965703125000232e+02,-7.370994466925837685e+01
4.672968632812500118e+02,-7.440803097276119615e+01
4.672971562500000005e+02,-7.678515414217444857e+01
4.672974492187499891e+02,-7.971542745999093427e+01
4.672977421875000346e+02,-9.145253063411090011e+01
4.672980351562500232e+02,-8.354792374199496408e+01
4.672983281250000118e+02,-7.761511318086560607e+01
4.672986210937500005e+02,-7.820684255394613160e+01
4.672989140624999891e+02,-8.152264764784877116e+01
4.672992070312500346e+02,-7.967618750941576877e+01
4.672995000000000232e+02,-8.282092011980886070e+01
4.672997929687500118e+02,-7.977995297918894835e+01
4.673000859375000005e+02,-8.284536774573680873e+01
4.673003789062499891e+02,-8.426209282047412330e+01
4.673006718750000346e+02,-8.264757899425686105e+01
4.673009648437500232e+02,-7.521600434606510532e+01
4.673012578125000118e+02,-7.714857143083179380e+01
4.673015507812500005e+02,-8.250675158819717581e+01
4.673018437499999891e+02,-8.020072628415461224e+01
4.673021367187500346e+02,-8.261783863623659840e+01
4.673024296875000232e+02,-8.446371628547720434e+01
4.673027226562500118e+02,-7.812608632486237070e+01
4.673030156250000005e+02,-7.822014769061087236e+01
4.673033085937499891e+02,-7.874088258501453197e+01
4.673036015625000346e+02,-8.837154882836665593e+01
4.673038945312500232e+02,-8.959731502702113914e+01
4.673041875000000118e+02,-8.149909242356466166e+01
4.673044804687500005e+02,-7.928967520327239527e+01
4.673047734374999891e+02,-7.973678457956933130e+01
4.673050664062500346e+02,-7.220765122262208990e+01
4.673053593750000232e+02,-7.197855518848692213e+01
4.673056523437500118e+02,-8.061192034751606172e+01
4.673059453125000005e+02,-8.911295776267009217e+01
4.673062382812499891e+02,-8.094646910434562415e+01
4.673065312500000346e+02,-7.671484901643471233e+01
4.673068242187500232e+02,-7.931002219958793376e+01
4.673071171875000118e+02,-9.614399565117597035e+01
4.673074101562500005e+02,-7.910348299272507688e+01
4.673077031249999891e+02,-7.765967237595695849e+01
4.673079960937500346e+02,-8.365579654568583123e+01
4.673082890625000232e+02,-8.109494227606353434e+01
4.673085820312500118e+02,-7.511808533270375676e+01
4.673088750000000005e+02,-7.588929960571350364e+01
4.673091679687499891e+02,-7.682631746092314984e+01
4.673094609375000346e+02,-7.836766578188407095e+01
4.673097539062500232e+02,-7.960116225924156197e+01
4.673100468750000118e+02,-9.609897217516032697e+01
4.673103398437500005e+02,-8.280364681928297443e+01
4.673106328124999891e+02,-8.296768880392484391e+01
4.673109257812500346e+02,-7.561259351412959973e+01
4.673112187500000232e+02,-8.226372473383034389e+01
4.673115117187500118e+02,-8.044513227182073933e+01
4.673118046875000005e+02,-7.948568132894408222e+01
4.673120976562499891e+02,-8.322214947943925267e+01
4.673123906250000346e+02,-7.749599151641342587e+01
4.673126835937500232e+02,-7.727613227964133102e+01
4.673129765625000118e+02,-7.854541036623787420e+01
4.673132695312500005e+02,-7.604174175423401039e+01
4.673135624999999891e+02,-8.141888682648287556e+01
4.673138554687500346e+02,-7.492150901844929933e+01
4.673141484375000232e+02,-8.677633313351020661e+01
4.673144414062500118e+02,-7.738299401866686367e+01
4.673147343750000005e+02,-8.085363715200887214e+01
4.673150273437499891e+02,-7.822797006491578031e+01
4.673153203125000346e+02,-7.703169715336149181e+01
4.673156132812500232e+02,-7.516844941294925775e+01
4.673159062500000118e+02,-7.844067884267703050e+01
4.673161992187500005e+02,-8.210908684302961547e+01
4.673164921874999891e+02,-8.089826162836118328e+01
4.673167851562500346e+02,-8.594759104511527426e+01
4.673170781250000232e+02,-7.997616248358906432e+01
4.673173710937500118e+02,-7.693839470008354908e+01
4.673176640625000005e+02,-8.184331488343973149e+01
4.673179570312499891e+02,-8.729979412148956897e+01
4.673182500000000346e+02,-8.001588891666956727e+01
4.673185429687500232e+02,-7.263433837858387676e+01
4.673188359375000118e+02,-7.789479271833769758e+01
4.673191289062500005e+02,-8.726748562026290301e+01
4.673194218749999891e+02,-8.386859979821771560e+01
4.673197148437500346e+02,-7.820549024596334675e+01
4.673200078125000232e+02,-8.171145867698923837e+01
4.673203007812500118e+02,-7.665160920839312553e+01
4.673205937500000005e+02,-7.517872482724339989e+01
4.673208867187499891e+02,-7.880535887439208409e+01
4.673211796875000346e+02,-7.503767977399010647e+01
4.673214726562500232e+02,-7.349304545270243239e+01
4.673217656250000118e+02,-7.923729559859080496e+01
4.673220585937500005e+02,-7.493713718122619127e+01
4.673223515624999891e+02,-7.389927027990813713e+01
4.673226445312500346e+02,-9.222118898833592482e+01
4.673229375000000232e+02,-7.607795063976028871e+01
4.673232304687500118e+02,-7.348837693297690521e+01
4.673235234375000005e+02,-7.264701392373487465e+01
4.673238164062499891e+02,-7.206791943733725248e+01
4.673241093750000346e+02,-7.384250925300376878e+01
4.673244023437500232e+02,-7.348021008216854000e+01
4.673246953125000118e+02,-7.685654831340593773e+01
4.673249882812500005e+02,-8.170512858520935140e+01
4.673252812499999891e+02,-8.796144572416523033e+01
4.673255742187500346e+02,-8.112489264907799225e+01
4.673258671875000232e+02,-8.512506847089467499e+01
4.673261601562500118e+02,-8.402299788096861732e+01
4.673264531250000005e+02,-8.423984264284372614e+01
4.673267460937499891e+02,-8.553854448650102427e+01
4.673270390625000346e+02,-9.058524641645706765e+01
4.673273320312500232e+02,-7.565185134490462815e+01
4.673276250000000118e+02,-7.467515765755496204e+01
4.673279179687500005e+02,-8.100030957729508430e+01
4.673282109374999891e+02,-7.943211263154340429e+01
4.673285039062500346e+02,-7.274294463923182263e+01
4.673287968750000232e+02,-6.888707943923465393e+01
4.673290898437500118e+02,-7.086476527145295279e+01
4.673293828125000005e+02,-7.428968941941985804e+01
4.673296757812499891e+02,-7.813258352074367963e+01
4.673299687500000346e+02,-7.678451175585607302e+01
4.673302617187500232e+02,-7.525854897320245129e+01
4.673305546875000118e+02,-7.688164864524441100e+01
4.673308476562500005e+02,-7.915770460807448217e+01
4.673311406249999891e+02,-8.316907419642974730e+01
4.673314335937500346e+02,-8.713835258624388302e+01
4.673317265625000232e+02,-8.255009879543780471e+01
4.673320195312500118e+02,-9.018192864477941839e+01
4.673323125000000005e+02,-8.096794442986939089e+01
4.673326054687499891e+02,-7.955003829921312786e+01
4.673328984375000346e+02,-7.571940190741693755e+01
4.673331914062500232e+02,-6.978887609067280096e+01
4.673334843750000118e+02,-7.207536789640465713e+01
4.673337773437500005e+02,-7.508455087975336539e+01
4.673340703124999891e+02,-7.469428286339370970e+01
4.673343632812500346e+02,-7.594697183195789592e+01
4.673346562500000232e+02,-7.916984059845599120e+01
4.673349492187500118e+02,-8.608736389759961583e+01
4.673352421875000005e+02,-8.618801480540250282e+01
4.673355351562499891e+02,-7.828925611624804048e+01
4.673358281250000346e+02,-7.890455252711112166e+01
4.673361210937500232e+02,-7.830822031306085762e+01
4.673364140625000118e+02,-7.595423895302103290e+01
4.673367070312500005e+02,-7.497705041432698181e+01
4.673369999999999891e+02,-8.130280593691955460e+01
4.673372929687500346e+02,-7.564419583435700645e+01
4.673375859375000232e+02,-7.378088096855701394e+01
4.673378789062500118e+02,-8.237237206186664196e+01
4.673381718750000005e+02,-8.016968514212260288e+01
4.673384648437499891e+02,-7.494196486686517744e+01
4.673387578125000346e+02,-7.161650224873889670e+01
4.673390507812500232e+02,-6.961742299233455356e+01
4.673393437500000118e+02,-7.115460646203553097e+01
4.673396367187500005e+02,-7.354650703022527125e+01
4.673399296874999891e+02,-6.686369922848869862e+01
4.673402226562500346e+02,-6.715345034476747799e+01
4.673405156250000232e+02,-7.763050565188581231e+01
4.673408085937500118e+02,-8.287027977128963130e+01
4.673411015625000005e+02,-8.431895481041024709e+01
4.673413945312499891e+02,-8.021816721807782358e+01
4.673416875000000346e+02,-7.539447013019969290e+01
4.673419804687500232e+02,-8.022675907571988319e+01
4.673422734375000118e+02,-8.569002997196490412e+01
4.673425664062500005e+02,-8.117416493462738458e+01
4.673428593749999891e+02,-7.899626161851649897e+01
4.673431523437500346e+02,-8.417477954029777720e+01
4.673434453125000232e+02,-8.642974630264879465e+01
4.673437382812500118e+02,-8.731228900076202137e+01
4.673440312500000005e+02,-8.885283822771121720e+01
4.673443242187499891e+02,-8.030580970242797889e+01
4.673446171875000346e+02,-8.379843986789563814e+01
4.673449101562500232e+02,-8.213342289956207765e+01
4.673452031250000118e+02,-7.373958622727678858e+01
4.673454960937500005e+02,-8.501702787736788025e+01
4.673457890624999891e+02,-7.763484653963625703e+01
4.673460820312500346e+02,-7.288226720043863338e+01
4.673463750000000232e+02,-8.036667176854187744e+01
4.673466679687500118e+02,-7.809806127851555857e+01
4.673469609375000005e+02,-7.202868045165116939e+01
4.673472539062499891e+02,-6.907872683898568766e+01
4.673475468750000346e+02,-7.121705302085123890e+01
4.673478398437500232e+02,-7.548427637562417658e+01
4.673481328125000118e+02,-8.219823621698112959e+01
4.673484257812500005e+02,-7.629830459016885413e+01
4.673487187499999891e+02,-7.369421247673683695e+01
4.673490117187500346e+02,-8.482500432767123755e+01
4.673493046875000232e+02,-7.505542882177900310e+01
4.673495976562500118e+02,-7.516018443380829694e+01
4.673498906250000005e+02,-9.284544866813536146e+01
4.673501835937499891e+02,-7.799402992687149094e+01
4.673504765625000346e+02,-8.491004869649083275e+01
4.673507695312500232e+02,-7.553784516948259409e+01
4.673510625000000118e+02,-7.555335518590827348e+01
4.673513554687500005e+02,-7.294241163318238819e+01
4.673516484374999891e+02,-7.369997604209635256e+01
4.673519414062500346e+02,-7.575544411555580382e+01
4.673522343750000232e+02,-7.644073444000549955e+01
4.673525273437500118e+02,-7.454168498790809849e+01
4.673528203125000005e+02,-7.867576768390514985e+01
4.673531132812499891e+02,-7.705588622090596118e+01
4.673534062500000346e+02,-7.397498538074509611e+01
4.673536992187500232e+02,-8.983494983234024289e+01
4.673539921875000118e+02,-7.394018740247668120e+01
4.673542851562500005e+02,-7.708878622182541562e+01
4.673545781249999891e+02,-7.888272033128571081e+01
4.673548710937500346e+02,-7.610517223138863585e+01
4.673551640625000232e+02,-7.536731098064107925e+01
4.673554570312500118e+02,-7.953781438459847664e+01
4.673557500000000005e+02,-7.498168509051755848e+01
4.673560429687499891e+02,-7.247665517402958812e+01
4.673563359375000346e+02,-7.176371585769771855e+01
4.673566289062500232e+02,-8.718880273138520920e+01
4.673569218750000118e+02,-7.547673778447433790e+01
4.673572148437500005e+02,-7.513259634569239154e+01
4.673575078124999891e+02,-7.414527204192388865e+01
4.673578007812500346e+02,-7.973427306317159946e+01
4.673580937500000232e+02,-8.057575446298329780e+01
4.673583867187500118e+02,-7.407022115949901320e+01
4.673586796875000005e+02,-8.631715947374382836e+01
4.673589726562499891e+02,-7.609995687385521990e+01
4.673592656250000346e+02,-7.191886128566791569e+01
4.673595585937500232e+02,-7.972744780707782297e+01
4.673598515625000118e+02,-7.402498710322865350e+01
4.673601445312500005e+02,-7.066626729348050162e+01
4.673604374999999891e+02,-7.604123284833494267e+01
4.673607304687500346e+02,-7.628410016067380184e+01
4.673610234375000232e+02,-7.265063642931943377e+01
4.673613164062500118e+02,-7.899410672270093414e+01
4.673616093750000005e+02,-7.236618761546392875e+01
4.673619023437499891e+02,-6.927014893222269620e+01
4.673621953125000346e+02,-7.614576146854599870e+01
4.673624882812500232e+02,-7.604467648399250379e+01
4.673627812500000118e+02,-7.259770639410015747e+01
4.673630742187500005e+02,-7.342738450736406719e+01
4.673633671874999891e+02,-7.734801823649142705e+01
4.673636601562500346e+02,-7.851590429126561332e+01
4.673639531250000232e+02,-7.402540856561971339e+01
4.673642460937500118e+02,-7.320600360459908984e+01
4.673645390625000005e+02,-7.799801855425641861e+01
4.673648320312499891e+02,-8.385325807628790074e+01
4.673651250000000346e+02,-7.488286832102636481e+01
4.673654179687500232e+02,-7.384668420739656369e+01
4.673657109375000118e+02,-7.265146355378337262e+01
4.673660039062500005e+02,-7.407859693844136473e+01
4.673662968749999891e+02,-6.578859520952998707e+01
4.673665898437500346e+02,-6.808986752847398805e+01
4.673668828125000232e+02,-7.798174425857722269e+01
4.673671757812500118e+02,-8.081634427545154153e+01
4.673674687500000005e+02,-7.260231213855226429e+01
4.673677617187499891e+02,-6.921369975221830373e+01
4.673680546875000346e+02,-7.331906658464590976e+01
4.673683476562500232e+02,-7.753311299788057909e+01
4.673686406250000118e+02,-7.246763932738710423e+01
4.673689335937500005e+02,-6.986823287511639080e+01
4.673692265624999891e+02,-6.919976900346532034e+01
4.673695195312500346e+02,-6.711430240500712330e+01
4.673698125000000232e+02,-7.095284148073265840e+01
4.673701054687500118e+02,-7.921545818127816574e+01
4.673703984375000005e+02,-7.719774733511341935e+01
4.673706914062499891e+02,-8.244555091593360885e+01
4.673709843750000346e+02,-7.060052601927253590e+01
4.673712773437500232e+02,-7.264019505499294382e+01
4.673715703125000118e+02,-7.548421542708135235e+01
4.673718632812500005e+02,-7.498742165367451662e+01
4.673721562499999891e+02,-7.847622969694980100e+01
4.673724492187500346e+02,-8.392970012872260099e+01
4.673727421875000232e+02,-9.327970232305516163e+01
4.673730351562500118e+02,-7.533203662384853772e+01
4.673733281250000005e+02,-8.748480538277512153e+01
4.673736210937499891e+02,-7.485352559978502995e+01
4.673739140625000346e+02,-7.286979536833500504e+01
4.673742070312500232e+02,-7.282177014390634895e+01
4.673745000000000118e+02,-7.289774785034990146e+01
4.673747929687500005e+02,-8.791895376246635863e+01
4.673750859374999891e+02,-9.012739685647233046e+01
4.673753789062500346e+02,-7.264428295366434440e+01
4.673756718750000232e+02,-6.875205864823408319e+01
4.673759648437500118e+02,-6.859305424810814600e+01
4.673762578125000005e+02,-8.131468961395194128e+01
4.673765507812499891e+02,-7.029096500192787289e+01
4.673768437500000346e+02,-7.279378310412425890e+01
4.673771367187500232e+02,-8.006368464277747421e+01
4.673774296875000118e+02,-7.396226659894357169e+01
4.673777226562500005e+02,-7.745448066173948121e+01
4.673780156249999891e+02,-7.449652537659665086e+01
4.673783085937500346e+02,-7.424059943895946390e+01
4.673786015625000232e+02,-7.639835077449353662e+01
4.673788945312500118e+02,-8.790349749894546960e+01
4.673791875000000005e+02,-8.163506481056023745e+01
4.673794804687499891e+02,-8.396464540526920928e+01
4.673797734375000346e+02,-8.945010940728298010e+01
4.673800664062500232e+02,-7.738578579840269356e+01
4.673803593750000118e+02,-7.951668436077493141e+01
4.673806523437500005e+02,-8.065194713176468611e+01
4.673809453124999891e+02,-7.712742579325998804e+01
4.673812382812500346e+02,-7.552171627377258289e+01
4.673815312500000232e+02,-7.511128356910529646e+01
4.673818242187500118e+02,-7.513652801618704302e+01
4.673821171875000005e+02,-8.227286297720119990e+01
4.673824101562499891e+02,-7.384377499550055290e+01
4.673827031250000346e+02,-8.542450450149190999e+01
4.673829960937500232e+02,-7.929406576084738845e+01
4.673832890625000118e+02,-7.336581285575333311e+01
4.673835820312500005e+02,-7.245010725584839406e+01
4.673838749999999891e+02,-7.985536128247518661e+01
4.673841679687500346e+02,-7.990510785418705098e+01
4.673844609375000232e+02,-7.986350191414584287e+01
4.673847539062500118e+02,-8.623824404757264972e+01
4.673850468750000005e+02,-8.468362607412146303e+01
4.673853398437499891e+02,-8.618239972555844020e+01
4.673856328125000346e+02,-7.898301640684488234e+01
4.673859257812500232e+02,-7.885361750840966977e+01
4.673862187500000118e+02,-7.351817953971577424e+01
4.673865117187500005e+02,-7.276418535369568019e+01
4.673868046874999891e+02,-7.370360338340348960e+01
4.673870976562500346e+02,-7.693832102356448388e+01
4.673873906250000232e+02,-7.937509856125527108e+01
4.673876835937500118e+02,-7.715388445700389752e+01
4.673879765625000005e+02,-7.583676391362732261e+01
4.673882695312499891e+02,-7.527377503520690993e+01
4.673885625000000346e+02,-9.051267077597982791e+01
4.673888554687500232e+02,-7.742085168377259663e+01
4.673891484375000118e+02,-7.262949222555116080e+01
4.673894414062500005e+02,-8.069320744007751500e+01
4.673897343749999891e+02,-7.915717867796826113e+01
4.673900273437500346e+02,-7.754381238210405058e+01
4.673903203125000232e+02,-7.346563493068848061e+01
4.673906132812500118e+02,-7.470664301933598495e+01
4.673909062500000005e+02,-7.757655389199783258e+01
4.673911992187499891e+02,-7.242117445281809296e+01
4.673914921875000346e+02,-7.253748458594303372e+01
4.673917851562500232e+02,-7.378310212382582733e+01
4.673920781250000118e+02,-7.441443406908787495e+01
4.673923710937500005e+02,-7.438467676689433006e+01
4.673926640624999891e+02,-6.902206072264800696e+01
4.673929570312500346e+02,-7.360385451402315482e+01
4.673932500000000232e+02,-7.542253963449687149e+01
4.673935429687500118e+02,-7.732593568866424505e+01
4.673938359375000005e+02,-6.976513728181626561e+01
4.673941289062499891e+02,-7.468715244097209904e+01
4.673944218750000346e+02,-7.227997190671308658e+01
4.673947148437500232e+02,-7.405236861973743601e+01
4.673950078125000118e+02,-7.914796915331814375e+01
4.673953007812500005e+02,-7.023024953773517609e+01
4.673955937499999891e+02,-7.429494364345424628e+01
4.673958867187500346e+02,-7.455671371790265312e+01
4.673961796875000232e+02,-7.920221164316896534e+01
4.673964726562500118e+02,-8.110523999445240406e+01
4.673967656250000005e+02,-6.961332205060773504e+01
4.673970585937499891e+02,-7.160325141662264059e+01
4.673973515625000346e+02,-7.626261798747557918e+01
4.673976445312500232e+02,-7.998242608260152053e+01
4.673979375000000118e+02,-7.973263707868756001e+01
4.673982304687500005e+02,-7.538267028357763877e+01
4.673985234374999891e+02,-7.044900121243161095e+01
4.673988164062500346e+02,-7.549781903153407825e+01
4.673991093750000232e+02,-7.103962756873504247e+01
4.673994023437500118e+02,-7.129704240303288998e+01
4.673996953125000005e+02,-8.023284124278146123e+01
4.673999882812499891e+02,-8.424879073174972177e+01
4.674002812500000346e+02,-8.016510901473891693e+01
4.674005742187500232e+02,-7.947490624663188896e+01
4.674008671875000118e+02,-7.774716663886414381e+01
4.674011601562500005e+02,-7.275918755629062673e+01
4.674014531249999891e+02,-7.490105531989881626e+01
4.674017460937500346e+02,-7.383667287782708399e+01
4.674020390625000232e+02,-7.292515159505239808e+01
4.674023320312500118e+02,-7.083114812372880920e+01
4.674026250000000005e+02,-6.811797399576700229e+01
4.674029179687499891e+02,-7.472779873832914177e+01
4.674032109375000346e+02,-7.089048386794313217e+01
4.674035039062500232e+02,-6.827423852822150252e+01
4.674037968750000118e+02,-7.018101625209878591e+01
4.674040898437500005e+02,-7.812884756044550727e+01
4.674043828124999891e+02,-9.009513943303471706e+01
4.674046757812500346e+02,-6.953434275829886246e+01
4.674049687500000232e+02,-6.697966203088120096e+01
4.674052617187500118e+02,-6.893927749606653776e+01
4.674055546875000005e+02,-6.810916951405478414e+01
4.674058476562499891e+02,-7.519016761091637591e+01
4.674061406250000346e+02,-7.924574760136709983e+01
4.674064335937500232e+02,-7.080621543014673591e+01
4.674067265625000118e+02,-7.800018251678673664e+01
4.674070195312500005e+02,-7.772292412820243612e+01
4.674073124999999891e+02,-8.290702118606488114e+01
4.674076054687500346e+02,-8.633274836227805338e+01
4.674078984375000232e+02,-6.979837648076457413e+01
4.674081914062500118e+02,-6.328981295802634577e+01
4.674084843750000005e+02,-6.735844041740838861e+01
4.674087773437499891e+02,-8.125249130177357415e+01
4.674090703125000346e+02,-7.760782091571797991e+01
4.674093632812500232e+02,-7.483556593672348356e+01
4.674096562500000118e+02,-7.189957497038497536e+01
4.674099492187500005e+02,-7.729203811196920526e+01
4.674102421874999891e+02,-6.728245537997123904e+01
4.674105351562500346e+02,-7.811322013051191959e+01
4.674108281250000232e+02,-7.575651456039528853e+01
4.674111210937500118e+02,-7.738350854376109567e+01
4.674114140625000005e+02,-6.461713405070754845e+01
4.674117070312499891e+02,-6.331517898531606647e+01
4.674120000000000346e+02,-6.677542067752648336e+01
4.674122929687500232e+02,-6.772612872386804383e+01
4.674125859375000118e+02,-6.664600054732068202e+01
4.674128789062500005e+02,-6.719955080537421566e+01
4.674131718749999891e+02,-7.537050147145635037e+01
4.674134648437500346e+02,-6.953749047474451572e+01
4.674137578125000232e+02,-7.961408599069781644e+01
4.674140507812500118e+02,-7.002515174559090383e+01
4.674143437500000005e+02,-6.925976510863306146e+01
4.674146367187499891e+02,-7.823246798395452117e+01
4.674149296875000346e+02,-7.060077878697505582e+01
4.674152226562500232e+02,-7.016672199398911403e+01
4.674155156250000118e+02,-8.694751192958342756e+01
4.674158085937500005e+02,-7.594679720642756138e+01
4.674161015624999891e+02,-8.191995865669659338e+01
4.674163945312500346e+02,-7.806182752573772632e+01
4.674166875000000232e+02,-7.018098776836370689e+01
4.674169804687500118e+02,-7.053722380657870872e+01
4.674172734375000005e+02,-7.299331978497139062e+01
4.674175664062499891e+02,-7.081555267292833378e+01
4.674178593750000346e+02,-7.763403359063993037e+01
4.674181523437500232e+02,-7.381997855698274691e+01
4.674184453125000118e+02,-7.112527664364890256e+01
4.674187382812500005e+02,-7.638453430363335883e+01
4.674190312499999891e+02,-6.609960770644471495e+01
4.674193242187500346e+02,-7.013601322946043126e+01
4.674196171875000232e+02,-7.892001972291397749e+01
4.674199101562500118e+02,-7.153361527346886817e+01
4.674202031250000005e+02,-6.962703938696277817e+01
4.674204960937499891e+02,-7.981331453048282754e+01
4.674207890625000346e+02,-7.158306549414633935e+01
4.674210820312500232e+02,-7.969518853393323354e+01
4.674213750000000118e+02,-7.125533196702323835e+01
4.674216679687500005e+02,-7.303932941220354280e+01
4.674219609374999891e+02,-7.916825118899957658e+01
4.674222539062500346e+02,-7.019568738338755054e+01
4.674225468750000232e+02,-7.053062471484980733e+01
4.674228398437500118e+02,-7.411323580052348348e+01
4.674231328125000005e+02,-7.073551034742939692e+01
4.674234257812499891e+02,-8.020000992660575889e+01
4.674237187500000346e+02,-7.386261469917464240e+01
4.674240117187500232e+02,-6.760536070255714947e+01
4.674243046875000118e+02,-6.707439393407098294e+01
4.674245976562500005e+02,-7.177223264937764213e+01
4.674248906249999891e+02,-7.455460090471788703e+01
4.674251835937500346e+02,-7.471095701125844357e+01
4.674254765625000232e+02,-7.422106308116833873e+01
4.674257695312500118e+02,-8.163205734470638220e+01
4.674260625000000005e+02,-7.050301145521396506e+01
4.674263554687499891e+02,-6.631250484647175369e+01
4.674266484375000346e+02,-6.740765782583895316e+01
4.674269414062500232e+02,-6.784837884806941588e+01
4.674272343750000118e+02,-6.799472754066124480e+01
4.674275273437500005e+02,-7.144317735827573301e+01
4.674278203124999891e+02,-7.377949158523216511e+01
4.674281132812500346e+02,-6.901995344547361810e+01
4.674284062500000232e+02,-6.753632745428231487e+01
4.674286992187500118e+02,-7.100947768530866711e+01
4.674289921875000005e+02,-7.578471479949601530e+01
4.674292851562499891e+02,-7.126222660169025858e+01
4.674295781250000346e+02,-6.587552859091124446e+01
4.674298710937500232e+02,-6.695014402944029541e+01
4.674301640625000118e+02,-8.225736325321562958e+01
4.674304570312500005e+02,-7.070785502536492118e+01
4.674307499999999891e+02,-7.005695280534197877e+01
4.674310429687500346e+02,-7.224331955388356619e+01
4.674313359375000232e+02,-7.292444042963444417e+01
4.674316289062500118e+02,-7.584946411979620962e+01
4.674319218750000005e+02,-7.249433057455544827e+01
4.674322148437499891e+02,-7.075825396568242809e+01
4.674325078125000346e+02,-7.612361437696839062e+01
4.674328007812500232e+02,-6.712772242265369016e+01
4.674330937500000118e+02,-7.139078335603437608e+01
4.674333867187500005e+02,-7.096623270880732548e+01
4.674336796874999891e+02,-7.484067587075698214e+01
4.674339726562500346e+02,-7.986762280534340164e+01
4.674342656250000232e+02,-7.255846218593703156e+01
4.674345585937500118e+02,-6.963081210535892751e+01
4.674348515625000005e+02,-7.882724529742306174e+01
4.674351445312499891e+02,-7.755117796634654326e+01
4.674354375000000346e+02,-7.924025081377101287e+01
4.674357304687500232e+02,-7.796377950404009027e+01
4.674360234375000118e+02,-7.352825292936167045e+01
4.674363164062500005e+02,-7.171346414540631997e+01
4.674366093749999891e+02,-7.195232880469052361e+01
4.674369023437500346e+02,-7.078501235468965547e+01
4.674371953125000232e+02,-7.113134005749725475e+01
4.674374882812500118e+02,-7.268092190153063825e+01
4.674377812500000005e+02,-7.087848176833153957e+01
4.674380742187499891e+02,-6.770115025715602997e+01
4.674383671875000346e+02,-7.002150401888653164e+01
4.674386601562500232e+02,-6.200313821913907475e+01
4.674389531250000118e+02,-6.861272067111806905e+01
4.674392460937500005e+02,-7.015143550749559154e+01
4.674395390624999891e+02,-8.462603454364371203e+01
4.674398320312500346e+02,-7.472437173119537590e+01
4.674401250000000232e+02,-8.466819874867510975e+01
4.674404179687500118e+02,-7.573914046932314648e+01
4.674407109375000005e+02,-7.786770249236853658e+01
4.674410039062499891e+02,-7.428809341857505899e+01
4.674412968750000346e+02,-6.995743594851219882e+01
4.674415898437500232e+02,-7.196630515599467515e+01
4.674418828125000118e+02,-7.609215076705979186e+01
4.674421757812500005e+02,-7.867555441687478890e+01
4.674424687499999891e+02,-7.984334748057993636e+01
4.674427617187500346e+02,-8.404816998016309526e+01
4.674430546875000232e+02,-7.774746991756327930e+01
4.674433476562500118e+02,-7.801929151112078387e+01
4.674436406250000005e+02,-6.971729666328465669e+01
4.674439335937499891e+02,-7.992336481961815764e+01
4.674442265625000346e+02,-7.247893666030836357e+01
4.674445195312500232e+02,-7.540095330286311537e+01
4.674448125000000118e+02,-7.369186125914781371e+01
4.674451054687500005e+02,-7.246298551152426626e+01
4.674453984374999891e+02,-7.088997171019542520e+01
4.674456914062500346e+02,-8.045781511800618091e+01
4.674459843750000232e+02,-7.610944919284550281e+01
4.674462773437500118e+02,-6.563660314687028574e+01
4.674465703125000005e+02,-6.902760378190077972e+01
4.674468632812499891e+02,-7.514635042066855419e+01
4.674471562500000346e+02,-7.024557397779435064e+01
4.674474492187500232e+02,-7.195914328434736262e+01
4.674477421875000118e+02,-8.489346997111637450e+01
4.674480351562500005e+02,-7.570341732752582686e+01
4.674483281249999891e+02,-7.798481350863754358e+01
4.674486210937500346e+02,-7.666271408947855548e+01
4.674489140625000232e+02,-7.885779372320726566e+01
4.674492070312500118e+02,-8.362552372867467909e+01
4.674495000000000005e+02,-7.350954885964084440e+01
4.674497929687499891e+02,-7.355656239507565886e+01
4.674500859375000346e+02,-8.439514142639687577e+01
4.674503789062500232e+02,-7.781153018479648154e+01
4.674506718750000118e+02,-7.377411488610810864e+01
4.674509648437500005e+02,-7.223115888284257835e+01
4.674512578124999891e+02,-8.361226054122346341e+01
4.674515507812500346e+02,-7.083845006715709758e+01
4.674518437500000232e+02,-7.258575010605456157e+01
4.674521367187500118e+02,-7.600191788702755957e+01
4.674524296875000005e+02,-7.874106872934360979e+01
4.674527226562499891e+02,-8.074505826663376240e+01
4.674530156250000346e+02,-7.444880381214724707e+01
4.674533085937500232e+02,-6.755399635655562918e+01
4.674536015625000118e+02,-6.884850689582290784e+01
4.674538945312500005e+02,-7.047865341619542789e+01
4.674541874999999891e+02,-6.851867464294073784e+01
4.674544804687500346e+02,-6.643712955514506291e+01
4.674547734375000232e+02,-6.619727419953251513e+01
4.674550664062500118e+02,-6.701730070935822425e+01
4.674553593750000005e+02,-7.304991318193268057e+01
4.674556523437499891e+02,-7.096519539830167389e+01
4.674559453125000346e+02,-6.793411262616589852e+01
4.674562382812500232e+02,-6.734999568821370985e+01
4.674565312500000118e+02,-6.908146808904609770e+01
4.674568242187500005e+02,-7.115149313530895370e+01
4.674571171874999891e+02,-7.272303584159615752e+01
4.674574101562500346e+02,-7.125802538404973063e+01
4.674577031250000232e+02,-7.306609652836131374e+01
4.674579960937500118e+02,-7.246266260300576789e+01
4.674582890625000005e+02,-6.847855765575653209e+01
4.674585820312499891e+02,-7.379138664941002901e+01
4.674588750000000346e+02,-7.444539410610106245e+01
4.674591679687500232e+02,-6.870692297315200392e+01
4.674594609375000118e+02,-6.664661703732880937e+01
4.674597539062500005e+02,-6.874393096471318643e+01
4.674600468749999891e+02,-7.416594768348099365e+01
4.674603398437500346e+02,-8.016114538937580392e+01
4.674606328125000232e+02,-7.129635399351886349e+01
4.674609257812500118e+02,-6.717641305462630896e+01
4.674612187500000005e+02,-6.854819908096790471e+01
4.674615117187499891e+02,-7.311931428066374394e+01
4.674618046875000346e+02,-6.622068067077601938e+01
4.674620976562500232e+02,-6.708264078406828901e+01
4.674623906250000118e+02,-7.034026918646269166e+01
4.674626835937500005e+02,-7.086803514768475054e+01
4.674629765624999891e+02,-7.620242638563672699e+01
4.674632695312500346e+02,-7.127085990153588568e+01
4.674635625000000232e+02,-7.578349437113398324e+01
4.674638554687500118e+02,-6.827945340750636660e+01
4.674641484375000005e+02,-6.400312742090346774e+01
4.674644414062499891e+02,-6.993875326851672014e+01
4.674647343750000346e+02,-8.248404465442938260e+01
4.674650273437500232e+02,-8.510663449273941694e+01
4.674653203125000118e+02,-7.937546542204526645e+01
4.674656132812500005e+02,-7.196017809087068429e+01
4.674659062499999891e+02,-6.798239521928675799e+01
4.674661992187500346e+02,-7.076529294425530736e+01
4.674664921875000232e+02,-6.624922321100561362e+01
4.674667851562500118e+02,-6.607617031179474054e+01
4.674670781250000005e+02,-7.494214803016222959e+01
4.674673710937499891e+02,-7.124282854382815344e+01
4.674676640625000346e+02,-6.622500604999264340e+01
4.674679570312500232e+02,-7.759360214149870671e+01
4.674682500000000118e+02,-7.158361672297250777e+01
4.674685429687500005e+02,-6.452456956422052770e+01
4.674688359374999891e+02,-6.846387674624925523e+01
4.674691289062500346e+02,-7.788465535860873956e+01
4.674694218750000232e+02,-7.479018181272721222e+01
4.674697148437500118e+02,-6.668055970480354233e+01
4.674700078125000005e+02,-6.568599331869567948e+01
4.674703007812499891e+02,-7.409921534011856181e+01
4.674705937500000346e+02,-6.677436206336507496e+01
4.674708867187500232e+02,-6.620227735309578065e+01
4.674711796875000118e+02,-7.731518169784652628e+01
4.674714726562500005e+02,-7.247159808075342369e+01
4.674717656249999891e+02,-6.793072644898161627e+01
4.674720585937500346e+02,-7.203128669149845109e+01
4.674723515625000232e+02,-7.449580490946185307e+01
4.674726445312500118e+02,-6.792137700387277732e+01
4.674729375000000005e+02,-6.794962064993816853e+01
4.674732304687499891e+02,-6.999297708370758642e+01
4.674735234375000346e+02,-7.362331366698816737e+01
4.674738164062500232e+02,-7.235590492521541250e+01
4.674741093750000118e+02,-7.029629539738255062e+01
4.674744023437500005e+02,-8.017105703896186242e+01
4.674746953124999891e+02,-6.889089766664429249e+01
4.674749882812500346e+02,-6.952849867887682933e+01
4.674752812500000232e+02,-7.565006078317438210e+01
4.674755742187500118e+02,-6.938287198311498116e+01
4.674758671875000005e+02,-6.544196089764672308e+01
4.674761601562499891e+02,-6.309788680819733031e+01
4.674764531250000346e+02,-6.674160063609612337e+01
4.674767460937500232e+02,-7.048097795002024668e+01
4.674770390625000118e+02,-7.036975644485873715e+01
4.674773320312500005e+02,-6.724332225411362174e+01
4.674776249999999891e+02,-7.175178299891186384e+01
4.674779179687500346e+02,-7.506593107818665089e+01
4.674782109375000232e+02,-7.217079350928196391e+01
4.674785039062500118e+02,-7.124929235933846883e+01
4.674787968750000005e+02,-6.816120533365749168e+01
4.674790898437499891e+02,-7.104342087596373290e+01
4.674793828125000346e+02,-8.057086121323196437e+01
4.674796757812500232e+02,-6.904807192667453819e+01
4.674799687500000118e+02,-7.537317634448547210e+01
4.674802617187500005e+02,-7.128134641254087001e+01
4.674805546874999891e+02,-7.747152205284120896e+01
4.674808476562500346e+02,-7.228416250519734376e+01
4.674811406250000232e+02,-6.492940483850772182e+01
4.674814335937500118e+02,-6.160423091928641526e+01
4.674817265625000005e+02,-6.597919920181574582e+01
4.674820195312499891e+02,-7.171654548692576725e+01
4.674823125000000346e+02,-7.017401024819675115e+01
4.674826054687500232e+02,-7.156819521311113874e+01
4.674828984375000118e+02,-6.378326544442019497e+01
4.674831914062500005e+02,-6.528312088828289461e+01
4.674834843749999891e+02,-7.071611519338870266e+01
4.674837773437500346e+02,-7.460912371328274162e+01
4.674840703125000232e+02,-6.245821735145105436e+01
4.674843632812500118e+02,-6.503847700447650482e+01
4.674846562500000005e+02,-6.958725107409966881e+01
4.674849492187499891e+02,-7.052374836761907773e+01
4.674852421875000346e+02,-7.174304526718435682e+01
4.674855351562500232e+02,-6.942800190763769308e+01
4.674858281250000118e+02,-6.581573402550068863e+01
4.674861210937500005e+02,-6.431689166070269437e+01
4.674864140624999891e+02,-6.550988842103286913e+01
4.674867070312500346e+02,-8.186642801314820872e+01
4.674870000000000232e+02,-7.314909049376616679e+01
4.674872929687500118e+02,-8.192288047081844127e+01
4.674875859375000005e+02,-7.793194845203503007e+01
4.674878789062499891e+02,-6.885814522314143460e+01
4.674881718750000346e+02,-6.284036984013021510e+01
4.674884648437500232e+02,-6.060295436971582461e+01
4.674887578125000118e+02,-7.001096493428241274e+01
4.674890507812500005e+02,-6.971558327032768432e+01
4.674893437499999891e+02,-6.392269202653689320e+01
4.674896367187500346e+02,-6.573646457694326273e+01
4.674899296875000232e+02,-7.031635203900181352e+01
4.674902226562500118e+02,-6.713803373247068862e+01
4.674905156250000005e+02,-7.084217720023855236e+01
4.674908085937499891e+02,-6.271136259398421231e+01
4.674911015625000346e+02,-6.943073121551931592e+01
4.674913945312500232e+02,-7.577448177461154444e+01
4.674916875000000118e+02,-9.435886124078027137e+01
4.674919804687500005e+02,-7.130248997165112712e+01
4.674922734374999891e+02,-6.940245781423276128e+01
4.674925664062500346e+02,-6.287993357997060428e+01
4.674928593750000232e+02,-6.859767515875991251e+01
4.674931523437500118e+02,-6.775924910022722258e+01
4.674934453125000005e+02,-7.076373454214316894e+01
4.674937382812499891e+02,-6.964065191323462045e+01
4.674940312500000346e+02,-6.329849677262265573e+01
4.674943242187500232e+02,-6.242765042005218135e+01
4.674946171875000118e+02,-6.517485070482513265e+01
4.674949101562500005e+02,-7.134747302545216030e+01
4.674952031249999891e+02,-6.331714462527494902e+01
4.674954960937500346e+02,-6.973026646969137232e+01
4.674957890625000232e+02,-7.429379635216160693e+01
4.674960820312500118e+02,-6.432435023402715046e+01
4.674963750000000005e+02,-8.483642954638887090e+01
4.674966679687499891e+02,-6.963910240259012596e+01
4.674969609375000346e+02,-6.742246436417724453e+01
4.674972539062500232e+02,-5.998086872871515141e+01
4.674975468750000118e+02,-6.692320005129880656e+01
4.674978398437500005e+02,-6.842906191548676986e+01
4.674981328124999891e+02,-7.891382435891333103e+01
4.674984257812500346e+02,-7.108666659136788724e+01
4.674987187500000232e+02,-7.382068809899084272e+01
4.674990117187500118e+02,-6.257853120881853215e+01
4.674993046875000005e+02,-5.828523775705622967e+01
4.674995976562499891e+02,-8.042778774544683529e+01
4.674998906250000346e+02,-6.633855734819707095e+01
4.675001835937500232e+02,-6.262052817219636580e+01
4.675004765625000118e+02,-6.593981608636829606e+01
4.675007695312500005e+02,-7.078011497886805614e+01
4.675010624999999891e+02,-6.214879580980651497e+01
4.675013554687500346e+02,-5.973660528558694693e+01
4.675016484375000232e+02,-6.483610840621408045e+01
4.675019414062500118e+02,-6.234504351323526805e+01
4.675022343750000005e+02,-6.252181041833799213e+01
4.675025273437499891e+02,-6.655325333069231419e+01
4.675028203125000346e+02,-6.179774861472218817e+01
4.675031132812500232e+02,-5.961154584992274863e+01
4.675034062500000118e+02,-6.295633920840128894e+01
4.675036992187500005e+02,-6.320580843113784653e+01
4.675039921874999891e+02,-6.334917131083830100e+01
4.675042851562500346e+02,-6.275488762679156451e+01
4.675045781250000232e+02,-6.285587874742859071e+01
4.675048710937500118e+02,-6.733610758405515639e+01
4.675051640625000005e+02,-7.361118716402322093e+01
4.675054570312499891e+02,-7.285382120943715734e+01
4.675057500000000346e+02,-6.692588980478188887e+01
4.675060429687500232e+02,-6.585773373565997701e+01
4.675063359375000118e+02,-6.458643880337176313e+01
4.675066289062500005e+02,-7.270897826068026859e+01
4.675069218749999891e+02,-7.213774093636249063e+01
4.675072148437500346e+02,-6.898338431201445076e+01
4.675075078125000232e+02,-7.519241095716958512e+01
4.675078007812500118e+02,-7.162369533096251928e+01
4.675080937500000005e+02,-6.599207578980633571e+01
4.675083867187499891e+02,-6.839836153739216229e+01
4.675086796875000346e+02,-7.632444793182523313e+01
4.675089726562500232e+02,-6.895028815720246484e+01
4.675092656250000118e+02,-6.286815116747172283e+01
4.675095585937500005e+02,-7.106145843838311293e+01
4.675098515624999891e+02,-7.175683882507058797e+01
4.675101445312500346e+02,-7.252879239771503705e+01
4.675104375000000232e+02,-7.239493535563175897e+01
4.675107304687500118e+02,-6.842499660795857608e+01
4.675110234375000005e+02,-7.223298061236047829e+01
4.675113164062499891e+02,-7.058084399984420543e+01
4.675116093750000346e+02,-6.822408306267108458e+01
4.675119023437500232e+02,-6.908941520316555795e+01
4.675121953125000118e+02,-6.630799454965514883e+01
4.675124882812500005e+02,-6.540288523804933618e+01
4.675127812499999891e+02,-7.433265677250390979e+01
4.675130742187500346e+02,-7.156831653224482181e+01
4.675133671875000232e+02,-6.312763896786401574e+01
4.675136601562500118e+02,-5.991998358057520591e+01
4.675139531250000005e+02,-6.387973449342956656e+01
4.675142460937499891e+02,-6.603354950034523085e+01
4.675145390625000346e+02,-6.656472305259742939e+01
4.675148320312500232e+02,-7.287797120915706728e+01
4.675151250000000118e+02,-6.481947143521826149e+01
4.675154179687500005e+02,-6.440910352862195509e+01
4.675157109374999891e+02,-6.769144352224179784e+01
4.675160039062500346e+02,-6.992598327207966236e+01
4.675162968750000232e+02,-6.460251199467384708e+01
4.675165898437500118e+02,-6.179686582336081102e+01
4.675168828125000005e+02,-6.310784273750009987e+01
4.675171757812499891e+02,-7.467537442647162038e+01
4.675174687500000346e+02,-6.811996627811572580e+01
4.675177617187500232e+02,-6.415021321100316243e+01
4.675180546875000118e+02,-6.586354822231088235e+01
4.675183476562500005e+02,-7.448147268730748749e+01
4.675186406249999891e+02,-6.629321659246559761e+01
4.675189335937500346e+02,-7.198979091116328277e+01
4.675192265625000232e+02,-6.614588533617795463e+01
4.675195195312500118e+02,-6.342697774930823584e+01
4.675198125000000005e+02,-7.000095288635699831e+01
4.675201054687499891e+02,-7.146574471952976637e+01
4.675203984375000346e+02,-7.396438229808863696e+01
4.675206914062500232e+02,-6.629926292355304440e+01
4.675209843750000118e+02,-7.635396271514164823e+01
4.675212773437500005e+02,-8.259441830636865234e+01
4.675215703124999891e+02,-6.548210591748147635e+01
4.675218632812500346e+02,-6.442523647511296758e+01
4.675221562500000232e+02,-7.063264947502071323e+01
4.675224492187500118e+02,-7.390602430120415534e+01
4.675227421875000005e+02,-7.502239526919829871e+01
4.675230351562499891e+02,-6.892004010095286048e+01
4.675233281250000346e+02,-7.027845094283284766e+01
4.675236210937500232e+02,-6.627012607928332955e+01
4.675239140625000118e+02,-6.105049266869063018e+01
4.675242070312500005e+02,-6.350424637395613559e+01
4.675244999999999891e+02,-6.908753463925725669e+01
4.675247929687500346e+02,-6.240429939228626921e+01
4.675250859375000232e+02,-6.515213191636826195e+01
4.675253789062500118e+02,-6.138412325375131218e+01
4.675256718750000005e+02,-6.026952822320274095e+01
4.675259648437499891e+02,-6.599073941178581038e+01
4.675262578125000346e+02,-6.699949455869487736e+01
4.675265507812500232e+02,-5.280545459564265798e+01
4.675268437500000118e+02,-5.408824465397405845e+01
4.675271367187500005e+02,-7.081062381684488116e+01
4.675274296874999891e+02,-6.364376172604653448e+01
4.675277226562500346e+02,-6.807668245183636202e+01
4.675280156250000232e+02,-7.411032112760830159e+01
4.675283085937500118e+02,-7.329337676703295301e+01
4.675286015625000005e+02,-7.025055917453970267e+01
4.675288945312499891e+02,-6.324490535574525296e+01
4.675291875000000346e+02,-6.496103054189445913e+01
4.675294804687500232e+02,-7.222466414012883718e+01
4.675297734375000118e+02,-6.476966281148436622e+01
4.675300664062500005e+02,-6.371668193358468102e+01
4.675303593749999891e+02,-7.226266222140745299e+01
4.675306523437500346e+02,-7.987347330121546918e+01
4.675309453125000232e+02,-7.011232682233315927e+01
4.675312382812500118e+02,-7.289045697149144587e+01
4.675315312500000005e+02,-6.063689994211286205e+01
4.675318242187499891e+02,-5.872790585901398686e+01
4.675321171875000346e+02,-5.997813824392203941e+01
4.675324101562500232e+02,-6.129214941643119374e+01
4.675327031250000118e+02,-7.111161771471388704e+01
4.675329960937500005e+02,-6.864190243332774344e+01
4.675332890624999891e+02,-7.325684134414305504e+01
4.675335820312500346e+02,-6.641451375353709352e+01
4.675338750000000232e+02,-7.090826995873528915e+01
4.675341679687500118e+02,-6.784678854897853739e+01
4.675344609375000005e+02,-7.482651768043353968e+01
4.675347539062499891e+02,-6.980384546953014535e+01
4.675350468750000346e+02,-6.484958830397306428e+01
4.675353398437500232e+02,-6.706548751001396624e+01
4.675356328125000118e+02,-6.251149837665947473e+01
4.675359257812500005e+02,-6.289075241362389335e+01
4.675362187499999891e+02,-5.876187778415538077e+01
4.675365117187500346e+02,-6.229624895548012375e+01
4.675368046875000232e+02,-6.149145585015767779e+01
4.675370976562500118e+02,-6.934583283538930232e+01
4.675373906250000005e+02,-6.653812907422553735e+01
4.675376835937499891e+02,-5.950729044698199033e+01
4.675379765625000346e+02,-6.070383262867426311e+01
4.675382695312500232e+02,-6.688350182345857320e+01
4.675385625000000118e+02,-6.199012831798758327e+01
4.675388554687500005e+02,-6.735157933320567736e+01
4.675391484374999891e+02,-6.812500232469888317e+01
4.675394414062500346e+02,-6.611231466662755452e+01
4.675397343750000232e+02,-7.076230080454652693e+01
4.675400273437500118e+02,-6.362873826293701995e+01
4.675403203125000005e+02,-6.411732732469708651e+01
4.675406132812499891e+02,-7.713176293717171461e+01
4.675409062500000346e+02,-6.491857749348454831e+01
4.675411992187500232e+02,-6.398024953001765169e+01
4.675414921875000118e+02,-6.421869562621640171e+01
4.675417851562500005e+02,-6.146030064386153668e+01
4.675420781249999891e+02,-6.142712038542306630e+01
4.675423710937500346e+02,-6.958504683571020166e+01
4.675426640625000232e+02,-7.547373405625290843e+01
4.675429570312500118e+02,-8.668310921296621530e+01
4.675432500000000005e+02,-6.134013487924505625e+01
4.675435429687499891e+02,-5.720069426107038169e+01
4.675438359375000346e+02,-5.573928983566703721e+01
4.675441289062500232e+02,-5.824458717575293321e+01
4.675444218750000118e+02,-6.104922031509373426e+01
4.675447148437500005e+02,-6.471549523763083300e+01
4.675450078124999891e+02,-6.971272466575631199e+01
4.675453007812500346e+02,-5.681502313373528068e+01
4.675455937500000232e+02,-5.251553897378955327e+01
4.675458867187500118e+02,-5.393396506143993463e+01
4.675461796875000005e+02,-5.397658108755204864e+01
4.675464726562499891e+02,-5.593914473778175989e+01
4.675467656250000346e+02,-5.918389033277668432e+01
4.675470585937500232e+02,-6.082515041598229288e+01
4.675473515625000118e+02,-6.045437100183355028e+01
4.675476445312500005e+02,-5.923649506443054236e+01
4.675479374999999891e+02,-6.576181132259735307e+01
4.675482304687500346e+02,-6.451206268958542012e+01
4.675485234375000232e+02,-6.535331249004310905e+01
4.675488164062500118e+02,-6.272183136507813828e+01
4.675491093750000005e+02,-5.970281973208102499e+01
4.675494023437499891e+02,-6.210404314498647693e+01
4.675496953125000346e+02,-5.963540350011062685e+01
4.675499882812500232e+02,-5.992894477061012992e+01
4.675502812500000118e+02,-5.981092308884818465e+01
4.675505742187500005e+02,-6.386379111074407433e+01
4.675508671874999891e+02,-6.194860553951477300e+01
4.675511601562500346e+02,-6.671176517853831456e+01
4.675514531250000232e+02,-6.381026974111265559e+01
4.675517460937500118e+02,-5.972201486699694328e+01
4.675520390625000005e+02,-5.664238668042499825e+01
4.675523320312499891e+02,-6.093936659451337334e+01
4.675526250000000346e+02,-6.327305856005522600e+01
4.675529179687500232e+02,-5.774185260771104566e+01
4.675532109375000118e+02,-5.571432008849609474e+01
4.675535039062500005e+02,-5.765540901453816502e+01
4.675537968749999891e+02,-6.513071803493612322e+01
4.675540898437500346e+02,-6.146203202312754854e+01
4.675543828125000232e+02,-5.582856341229596353e+01
4.675546757812500118e+02,-6.386142056363577524e+01
4.675549687500000005e+02,-5.412939356614184305e+01
4.675552617187499891e+02,-5.441829482185242028e+01
4.675555546875000346e+02,-6.062186833262846619e+01
4.675558476562500232e+02,-5.470334417423870832e+01
4.675561406250000118e+02,-5.311152365923164353e+01
4.675564335937500005e+02,-5.595053952802036434e+01
4.675567265624999891e+02,-6.235745619443613208e+01
4.675570195312500346e+02,-6.058115277052351644e+01
4.675573125000000232e+02,-6.424896664973988436e+01
4.675576054687500118e+02,-5.789911370587635986e+01
4.675578984375000005e+02,-6.948681607824431694e+01
4.675581914062499891e+02,-6.087092689033007531e+01
4.675584843750000346e+02,-5.093606608198824404e+01
4.675587773437500232e+02,-5.086636703637597634e+01
4.675590703125000118e+02,-5.497749835543834962e+01
4.675593632812500005e+02,-5.108243713901636340e+01
4.675596562499999891e+02,-5.238045097249376880e+01
4.675599492187500346e+02,-5.332611423192096822e+01
4.675602421875000232e+02,-4.946743807577139762e+01
4.675605351562500118e+02,-5.229311332372720500e+01
4.675608281250000005e+02,-5.951838547399415802e+01
4.675611210937499891e+02,-5.323778099401963715e+01
4.675614140625000346e+02,-5.411492446522136390e+01
4.675617070312500232e+02,-7.123655422780754520e+01
4.675620000000000118e+02,-6.164602264266592613e+01
4.675622929687500005e+02,-5.338652844720877511e+01
4.675625859374999891e+02,-5.345011228220663213e+01
4.675628789062500346e+02,-5.519956479445718855e+01
4.675631718750000232e+02,-6.538290806360944885e+01
4.675634648437500118e+02,-5.730319320977841357e+01
4.675637578125000005e+02,-5.931735798807768134e+01
4.675640507812499891e+02,-7.034616921073950380e+01
4.675643437500000346e+02,-5.851210220231159553e+01
4.675646367187500232e+02,-5.735763602967789865e+01
4.675649296875000118e+02,-5.777749417195047954e+01
4.675652226562500005e+02,-4.998626087315096100e+01
4.675655156249999891e+02,-4.900687534056721972e+01
4.675658085937500346e+02,-5.151168913329944132e+01
4.675661015625000232e+02,-5.571588864177154932e+01
4.675663945312500118e+02,-5.605636002946883423e+01
4.675666875000000005e+02,-5.256177540629822431e+01
4.675669804687499891e+02,-6.899554623139005116e+01
4.675672734375000346e+02,-5.675915220539599915e+01
4.675675664062500232e+02,-5.314096654043257217e+01
4.675678593750000118e+02,-6.011002197753378340e+01
4.675681523437500005e+02,-6.738174972428309673e+01
4.675684453124999891e+02,-5.314986238575955468e+01
4.675687382812500346e+02,-5.338524904376485836e+01
4.675690312500000232e+02,-5.479758713427087713e+01
4.675693242187500118e+02,-5.478829029882065527e+01
4.675696171875000005e+02,-6.064084379253625201e+01
4.675699101562499891e+02,-5.410278156282870299e+01
4.675702031250000346e+02,-5.532168019736069198e+01
4.675704960937500232e+02,-6.212287260904882658e+01
4.675707890625000118e+02,-5.323513237566253054e+01
4.675710820312500005e+02,-6.169964055423152161e+01
4.675713749999999891e+02,-5.417326582343058305e+01
4.675716679687500346e+02,-6.546674511750686065e+01
4.675719609375000232e+02,-6.919532895936282557e+01
4.675722539062500118e+02,-5.673359935212815230e+01
4.675725468750000005e+02,-5.454813177489712217e+01
4.675728398437499891e+02,-5.465694352652172228e+01
4.675731328125000346e+02,-5.301388338370404085e+01
4.675734257812500232e+02,-5.688314092776981568e+01
4.675737187500000118e+02,-6.036024958761090886e+01
4.675740117187500005e+02,-5.454022743067785939e+01
4.675743046874999891e+02,-5.024534070389267981e+01
4.675745976562500346e+02,-5.334187850653464835e+01
4.675748906250000232e+02,-5.732956811506146266e+01
4.675751835937500118e+02,-5.323312298039022039e+01
4.675754765625000005e+02,-5.088419806160852943e+01
4.675757695312499891e+02,-5.378905526662560277e+01
4.675760625000000346e+02,-5.503681128614631035e+01
4.675763554687500232e+02,-5.731041096420547376e+01
4.675766484375000118e+02,-5.723333938152946132e+01
4.675769414062500005e+02,-6.628124440740688783e+01
4.675772343749999891e+02,-5.806249159349982136e+01
4.675775273437500346e+02,-5.628013533715191130e+01
4.675778203125000232e+02,-5.593180101934177628e+01
4.675781132812500118e+02,-5.938802232733995368e+01
4.675784062500000005e+02,-7.275957172318231869e+01
4.675786992187499891e+02,-5.432964884791802262e+01
4.675789921875000346e+02,-5.145587260382666273e+01
4.675792851562500232e+02,-4.860461259933954636e+01
4.675795781250000118e+02,-5.252192869638606254e+01
4.675798710937500005e+02,-5.237376234615197035e+01
4.675801640624999891e+02,-4.940457781795534231e+01
4.675804570312500346e+02,-5.307043678604355819e+01
4.675807500000000232e+02,-5.788286064127755992e+01
4.675810429687500118e+02,-5.898158511355326539e+01
4.675813359375000005e+02,-5.823954415301710696e+01
4.675816289062499891e+02,-5.531592726638417901e+01
4.675819218750000346e+02,-5.874225448924755710e+01
4.675822148437500232e+02,-5.802536622452510073e+01
4.675825078125000118e+02,-5.646349096465213790e+01
4.675828007812500005e+02,-5.323115870990818621e+01
4.675830937499999891e+02,-6.357936384063164326e+01
4.675833867187500346e+02,-5.677120299193197894e+01
4.675836796875000232e+02,-5.793804022728276948e+01
4.675839726562500118e+02,-5.476453645902267908e+01
4.675842656250000005e+02,-4.842466013941915293e+01
4.675845585937499891e+02,-5.026823622961415339e+01
4.675848515625000346e+02,-5.430142429230186707e+01
4.675851445312500232e+02,-5.449558870082951501e+01
4.675854375000000118e+02,-6.027755399878208920e+01
4.675857304687500005e+02,-5.648468547624580083e+01
4.675860234374999891e+02,-5.752161022393491407e+01
4.675863164062500346e+02,-5.545512285850860223e+01
4.675866093750000232e+02,-6.715624617499148030e+01
4.675869023437500118e+02,-5.959912857926191521e+01
4.675871953125000005e+02,-5.696428769866952280e+01
4.675874882812499891e+02,-5.164928972513099836e+01
4.675877812500000346e+02,-5.862195560512211756e+01
4.675880742187500232e+02,-6.057365791993782267e+01
4.675883671875000118e+02,-5.361240874036427329e+01
4.675886601562500005e+02,-3.592723105058261268e+01
4.675889531249999891e+02,-3.345068219660035425e+01
4.675892460937500346e+02,-4.813187232058527343e+01
4.675895390625000232e+02,-5.467016910710900390e+01
4.675898320312500118e+02,-5.907860764530462205e+01
4.675901250000000005e+02,-5.885869453041350141e+01
4.675904179687499891e+02,-5.247646546725743377e+01
4.675907109375000346e+02,-5.746331571770993918e+01
4.675910039062500232e+02,-5.558788191343318630e+01
4.675912968750000118e+02,-6.606693027334677026e+01
4.675915898437500005e+02,-5.421429599679893840e+01
4.675918828124999891e+02,-5.069070639306355019e+01
4.675921757812500346e+02,-5.597125198007895364e+01
4.675924687500000232e+02,-5.678664299736005461e+01
4.675927617187500118e+02,-4.849419885329363922e+01
4.675930546875000005e+02,-5.369670874260899041e+01
4.675933476562499891e+02,-5.801548676678655880e+01
4.675936406250000346e+02,-7.139413253844705309e+01
4.675939335937500232e+02,-6.564950176640670065e+01
4.675942265625000118e+02,-6.837528566523199913e+01
4.675945195312500005e+02,-5.979526659957288359e+01
4.675948124999999891e+02,-6.130661686545958844e+01
4.675951054687500346e+02,-5.208997021085543366e+01
4.675953984375000232e+02,-5.212770014367983862e+01
4.675956914062500118e+02,-5.213124121821292078e+01
4.675959843750000005e+02,-5.299362924856960433e+01
4.675962773437499891e+02,-5.088322103481907277e+01
4.675965703125000346e+02,-6.376846585384819122e+01
4.675968632812500232e+02,-5.744531088377782879e+01
4.675971562500000118e+02,-6.327108104806252697e+01
4.675974492187500005e+02,-5.621925482211889857e+01
4.675977421874999891e+02,-5.056863549429618843e+01
4.675980351562500346e+02,-6.460597741919043813e+01
4.675983281250000232e+02,-4.959184848710513194e+01
4.675986210937500118e+02,-4.957720713258989775e+01
4.675989140625000005e+02,-5.921288152500317636e+01
4.675992070312499891e+02,-6.590692438775845119e+01
4.675995000000000346e+02,-5.558198193972883416e+01
4.675997929687500232e+02,-5.778651218087438934e+01
4.676000859375000118e+02,-6.530644089248087880e+01
4.676003789062500005e+02,-5.604538172531445639e+01
4.676006718749999891e+02,-5.152901551840537309e+01
4.676009648437500346e+02,-5.645467498364127579e+01
4.676012578125000232e+02,-5.957230702511856890e+01
4.676015507812500118e+02,-5.677904919701634867e+01
4.676018437500000005e+02,-4.956962803167776599e+01
4.676021367187499891e+02,-4.543311879801389352e+01
4.676024296875000346e+02,-4.773836069132134696e+01
4.676027226562500232e+02,-5.448232123994647225e+01
4.676030156250000118e+02,-6.003700241514380309e+01
4.676033085937500005e+02,-5.608060660872865810e+01
4.676036015624999891e+02,-5.008163945256717398e+01
4.676038945312500346e+02,-5.331029255171260672e+01
4.676041875000000232e+02,-5.562508093691057809e+01
4.676044804687500118e+02,-5.607394960866791678e+01
4.676047734375000005e+02,-6.369871816535279407e+01
4.676050664062499891e+02,-6.997491285542979256e+01
4.676053593750000346e+02,-5.332232479032047223e+01
4.676056523437500232e+02,-5.657487686471775845e+01
4.676059453125000118e+02,-5.721697216780023609e+01
4.676062382812500005e+02,-6.290265873786945861e+01
4.676065312499999891e+02,-6.129459791432498150e+01
4.676068242187500346e+02,-5.447140695837206437e+01
4.676071171875000232e+02,-5.317014310287441248e+01
4.676074101562500118e+02,-5.598318531600114767e+01
4.676077031250000005e+02,-5.741653126537251239e+01
4.676079960937499891e+02,-5.395644291290381744e+01
4.676082890625000346e+02,-5.142687991592431729e+01
4.676085820312500232e+02,-6.115107946682877582e+01
4.676088750000000118e+02,-5.625357302236872670e+01
4.676091679687500005e+02,-5.718557150566120839e+01
4.676094609374999891e+02,-5.916265567763130662e+01
4.676097539062500346e+02,-5.398172647267607260e+01
4.676100468750000232e+02,-5.118507352664067156e+01
4.676103398437500118e+02,-5.662894387924767159e+01
4.676106328125000005e+02,-6.237249681692743764e+01
4.676109257812499891e+02,-6.168287483544102656e+01
4.676112187500000346e+02,-5.694929472312375651e+01
4.676115117187500232e+02,-5.575957351521738303e+01
4.676118046875000118e+02,-5.410057156324012340e+01
4.676120976562500005e+02,-5.369693572618892574e+01
4.676123906249999891e+02,-5.683023249767401097e+01
4.676126835937500346e+02,-5.886970213942932162e+01
4.676129765625000232e+02,-6.386133151663368324e+01
4.676132695312500118e+02,-5.544035656902902076e+01
4.676135625000000005e+02,-5.685733895728732534e+01
4.676138554687499891e+02,-6.624445902228943339e+01
4.676141484375000346e+02,-6.244288907958660673e+01
4.676144414062500232e+02,-6.292272937649504172e+01
4.676147343750000118e+02,-7.258666310027808777e+01
4.676150273437500005e+02,-6.528244283731751807e+01
4.676153203124999891e+02,-8.657916121863473791e+01
4.676156132812500346e+02,-6.280091966821758120e+01
4.676159062500000232e+02,-6.257809593093040235e+01
4.676161992187500118e+02,-6.290277933606846261e+01
4.676164921875000005e+02,-5.999028532028170702e+01
4.676167851562499891e+02,-6.161288801464124276e+01
4.676170781250000346e+02,-5.437114168295680372e+01
4.676173710937500232e+02,-6.026623737887925358e+01
4.676176640625000118e+02,-7.057126970739302863e+01
4.676179570312500005e+02,-6.346160615060036037e+01
4.676182499999999891e+02,-6.493596769138262914e+01
4.676185429687500346e+02,-8.533755024994064797e+01
4.676188359375000232e+02,-8.611626662845384317e+01
4.676191289062500118e+02,-6.005201245649370634e+01
4.676194218750000005e+02,-5.624672542966726496e+01
4.676197148437499891e+02,-5.860683484810082433e+01
4.676200078125000346e+02,-6.553777241809636678e+01
4.676203007812500232e+02,-6.121760208435539852e+01
4.676205937500000118e+02,-6.056797626413068514e+01
4.676208867187500005e+02,-6.168781479217183517e+01
4.676211796874999891e+02,-7.133974282058568406e+01
4.676214726562500346e+02,-5.665252664710934027e+01
4.676217656250000232e+02,-5.663959778330514183e+01
4.676220585937500118e+02,-5.762087545421233870e+01
4.676223515625000005e+02,-5.958938568342751552e+01
4.676226445312499891e+02,-5.700667539475288947e+01
4.676229375000000346e+02,-6.216021880637141805e+01
4.676232304687500232e+02,-7.179622274114642266e+01
4.676235234375000118e+02,-6.912460878859349123e+01
4.676238164062500005e+02,-5.807452188067920673e+01
4.676241093749999891e+02,-5.921616063209837932e+01
4.676244023437500346e+02,-5.805753599002671450e+01
4.676246953125000232e+02,-6.671477644955066921e+01
4.676249882812500118e+02,-6.734675957632163090e+01
4.676252812500000005e+02,-6.283094209094527116e+01
4.676255742187499891e+02,-6.765079271843201525e+01
4.676258671875000346e+02,-6.165285794016435261e+01
4.676261601562500232e+02,-6.480726525810618455e+01
4.676264531250000118e+02,-6.568511843764534319e+01
4.676267460937500005e+02,-6.375289286954088652e+01
4.676270390624999891e+02,-5.634998359080614705e+01
4.676273320312500346e+02,-5.714728440516066144e+01
4.676276250000000232e+02,-5.974047634600133705e+01
4.676279179687500118e+02,-6.846264842156065811e+01
4.676282109375000005e+02,-6.951993937570635751e+01
4.676285039062499891e+02,-6.187864481952257023e+01
4.676287968750000346e+02,-5.961759701784171739e+01
4.676290898437500232e+02,-7.676209560795524567e+01
4.676293828125000118e+02,-5.981174196501577711e+01
4.676296757812500005e+02,-6.067446024112881275e+01
4.676299687499999891e+02,-6.258402460427124936e+01
4.676302617187500346e+02,-6.927244243602220308e+01
4.676305546875000232e+02,-6.144183144228871640e+01
4.676308476562500118e+02,-5.550614362589860917e+01
4.676311406250000005e+02,-6.182143457229905437e+01
4.676314335937499891e+02,-5.364002258777921384e+01
4.676317265625000346e+02,-5.560851870414957432e+01
4.676320195312500232e+02,-5.791079377662249073e+01
4.676323125000000118e+02,-5.678801229350115420e+01
4.676326054687500005e+02,-6.726019154950964207e+01
4.676328984374999891e+02,-6.684476336082981618e+01
4.676331914062500346e+02,-6.869288264401748734e+01
4.676334843750000232e+02,-6.349152490620318900e+01
4.676337773437500118e+02,-7.209459228789059182e+01
4.676340703125000005e+02,-6.170120870480688069e+01
4.676343632812499891e+02,-6.406803012282077248e+01
4.676346562500000346e+02,-6.131011274777883102e+01
4.676349492187500232e+02,-6.751540207449251341e+01
4.676352421875000118e+02,-6.086799213177997103e+01
4.676355351562500005e+02,-5.686622239137778934e+01
4.676358281249999891e+02,-5.772504235734304245e+01
4.676361210937500346e+02,-5.703796964368577704e+01
4.676364140625000232e+02,-6.249871566670406509e+01
4.676367070312500118e+02,-6.434790438258013978e+01
4.676370000000000005e+02,-6.606474934730920268e+01
4.676372929687499891e+02,-6.615095551280492714e+01
4.676375859375000346e+02,-7.642015161881475649e+01
4.676378789062500232e+02,-6.540629812205517624e+01
4.676381718750000118e+02,-6.537489648979328649e+01
4.676384648437500005e+02,-6.413368913634391788e+01
4.676387578124999891e+02,-6.125450441073649444e+01
4.676390507812500346e+02,-6.034597914502270299e+01
4.676393437500000232e+02,-6.003404622240950061e+01
4.676396367187500118e+02,-5.788932951820319772e+01
4.676399296875000005e+02,-6.204752829249889601e+01
4.676402226562499891e+02,-7.032557008414059396e+01
4.676405156250000346e+02,-7.328035749158506462e+01
4.676408085937500232e+02,-7.181999798156158477e+01
4.676411015625000118e+02,-6.125153067693878484e+01
4.676413945312500005e+02,-5.814051298981407001e+01
4.676416874999999891e+02,-6.017830514098599792e+01
4.676419804687500346e+02,-6.285466282885393241e+01
4.676422734375000232e+02,-6.209679424170056450e+01
4.676425664062500118e+02,-6.261899760238197388e+01
4.676428593750000005e+02,-6.591010305124898139e+01
4.676431523437499891e+02,-6.923372516732510462e+01
4.676434453125000346e+02,-7.154520602809809304e+01
4.676437382812500232e+02,-7.163540812477907593e+01
4.676440312500000118e+02,-6.205099088561162546e+01
4.676443242187500005e+02,-6.343527821006381373e+01
4.676446171874999891e+02,-8.015944857753319752e+01
4.676449101562500346e+02,-7.400067334078731562e+01
4.676452031250000232e+02,-7.176833954934241433e+01
4.676454960937500118e+02,-7.102566068709607805e+01
4.676457890625000005e+02,-6.927275880758250537e+01
4.676460820312499891e+02,-6.807566393769867830e+01
4.676463750000000346e+02,-6.573325898649969190e+01
4.676466679687500232e+02,-6.501773772483508651e+01
4.676469609375000118e+02,-6.514082583975391572e+01
4.676472539062500005e+02,-7.066279584545827674e+01
4.676475468749999891e+02,-7.709394075568519611e+01
4.676478398437500346e+02,-7.098509460295920803e+01
4.676481328125000232e+02,-7.534457767631869274e+01
4.676484257812500118e+02,-7.355839915944299889e+01
4.676487187500000005e+02,-6.550632199229990249e+01
4.676490117187499891e+02,-7.121107102797090249e+01
4.676493046875000346e+02,-7.438379320775864301e+01
4.676495976562500232e+02,-6.544932759583483062e+01
4.676498906250000118e+02,-6.812154771377035445e+01
4.676501835937500005e+02,-6.609503289037077423e+01
4.676504765624999891e+02,-6.769541637182950922e+01
4.676507695312500346e+02,-6.116333066046853162e+01
4.676510625000000232e+02,-5.259858581031829772e+01
4.676513554687500118e+02,-5.818255451650314569e+01
4.676516484375000005e+02,-6.478351148348541244e+01
4.676519414062499891e+02,-6.442345424157133493e+01
4.676522343750000346e+02,-7.218411114807386753e+01
4.676525273437500232e+02,-6.695191928172023665e+01
4.676528203125000118e+02,-6.721119745224983433e+01
4.676531132812500005e+02,-8.090869873342873575e+01
4.676534062499999891e+02,-7.438088627913126061e+01
4.676536992187500346e+02,-7.969129059944378923e+01
4.676539921875000232e+02,-8.465144172703865877e+01
4.676542851562500118e+02,-6.867387626908731590e+01
4.676545781250000005e+02,-6.681275223370815297e+01
4.676548710937499891e+02,-6.736717480643490319e+01
4.676551640625000346e+02,-6.348848895963405425e+01
4.676554570312500232e+02,-6.307477005056572494e+01
4.676557500000000118e+02,-6.243667330936808213e+01
4.676560429687500005e+02,-6.103781567170884870e+01
4.676563359374999891e+02,-7.207087012631012612e+01
4.676566289062500346e+02,-6.638613961836219346e+01
4.676569218750000232e+02,-6.832297966496051345e+01
4.676572148437500118e+02,-6.790589929707361705e+01
4.676575078125000005e+02,-6.416607728134438560e+01
4.676578007812499891e+02,-6.449649393756259030e+01
4.676580937500000346e+02,-7.233402846429866884e+01
4.676583867187500232e+02,-7.283024446626428983e+01
4.676586796875000118e+02,-6.770386896461299386e+01
4.676589726562500005e+02,-6.808017376203751780e+01
4.676592656249999891e+02,-7.564352495099959128e+01
4.676595585937500346e+02,-7.361658106119327272e+01
4.676598515625000232e+02,-6.853096039462823796e+01
4.676601445312500118e+02,-6.873295545911180682e+01
4.676604375000000005e+02,-6.839866143597508596e+01
4.676607304687499891e+02,-7.057391532223012121e+01
4.676610234375000346e+02,-6.964250638293050599e+01
4.676613164062500232e+02,-6.908906626519051031e+01
4.676616093750000118e+02,-6.323527789027288293e+01
4.676619023437500005e+02,-6.321842693274366809e+01
4.676621953124999891e+02,-7.358961076177740779e+01
4.676624882812500346e+02,-8.414956796913260462e+01
4.676627812500000232e+02,-6.695916569173574828e+01
4.676630742187500118e+02,-7.473790332628360034e+01
4.676633671875000005e+02,-7.435871449882229456e+01
4.676636601562499891e+02,-6.679008629781756667e+01
4.676639531250000346e+02,-6.137138957142344253e+01
4.676642460937500232e+02,-6.819586383819050468e+01
4.676645390625000118e+02,-7.247681128644194359e+01
4.676648320312500005e+02,-6.948578419921452110e+01
4.676651249999999891e+02,-6.663774984200291840e+01
4.676654179687500346e+02,-6.706309918209997534e+01
4.676657109375000232e+02,-7.262860591419678258e+01
4.676660039062500118e+02,-7.005703772760580250e+01
4.676662968750000005e+02,-6.987527110394464103e+01
4.676665898437499891e+02,-6.711138332722359223e+01
4.676668828125000346e+02,-6.267722905865327476e+01
4.676671757812500232e+02,-6.993734280318257390e+01
4.676674687500000118e+02,-7.692307576947465009e+01
4.676677617187500005e+02,-7.188978007072104504e+01
4.676680546874999891e+02,-8.265047415244184492e+01
4.676683476562500346e+02,-6.892843643954708455e+01
4.676686406250000232e+02,-6.668793232538796190e+01
4.676689335937500118e+02,-7.199110806193152712e+01
4.676692265625000005e+02,-7.276255715764986576e+01
4.676695195312499891e+02,-6.597490210819385936e+01
4.676698125000000346e+02,-6.267096426949421328e+01
4.676701054687500232e+02,-6.457287096255942060e+01
4.676703984375000118e+02,-6.275926703952399777e+01
4.676706914062500005e+02,-6.371521583000715339e+01
4.676709843749999891e+02,-6.771818901902197751e+01
4.676712773437500346e+02,-7.228845096905870093e+01
4.676715703125000232e+02,-6.846729335594220345e+01
4.676718632812500118e+02,-6.726470752291271538e+01
4.676721562500000005e+02,-7.678339281051057696e+01
4.676724492187499891e+02,-6.548124242907896075e+01
4.676727421875000346e+02,-6.590171328864113320e+01
4.676730351562500232e+02,-6.580944989384106236e+01
4.676733281250000118e+02,-6.447873530406452858e+01
4.676736210937500005e+02,-6.505379759508824122e+01
4.676739140624999891e+02,-7.654072817737232981e+01
4.676742070312500346e+02,-7.331286487216377168e+01
4.676745000000000232e+02,-6.582898089389463792e+01
4.676747929687500118e+02,-6.649443605437528504e+01
4.676750859375000005e+02,-6.883463925638083936e+01
4.676753789062499891e+02,-7.067655264142719318e+01
4.676756718750000346e+02,-7.204536803598573158e+01
4.676759648437500232e+02,-6.838857152820543206e+01
4.676762578125000118e+02,-7.036118885243593013e+01
4.676765507812500005e+02,-7.262410129257894198e+01
4.676768437499999891e+02,-7.143711863180472221e+01
4.676771367187500346e+02,-6.963245548377466321e+01
4.676774296875000232e+02,-6.705820927072113591e+01
4.676777226562500118e+02,-9.051791284986391872e+01
4.676780156250000005e+02,-7.402257335856661769e+01
4.676783085937499891e+02,-6.340473955060728883e+01
4.676786015625000346e+02,-6.224149573008078562e+01
4.676788945312500232e+02,-6.110593039465648246e+01
4.676791875000000118e+02,-6.085293165329888154e+01
4.676794804687500005e+02,-6.998773386622703185e+01
4.676797734374999891e+02,-6.567347591604458046e+01
4.676800664062500346e+02,-6.764757311342040680e+01
4.676803593750000232e+02,-8.481182112526708750e+01
4.676806523437500118e+02,-6.887793947501508285e+01
4.676809453125000005e+02,-8.802331459165415595e+01
4.676812382812499891e+02,-6.875370759888427585e+01
4.676815312500000346e+02,-7.672495708733633535e+01
4.676818242187500232e+02,-6.635604819417663691e+01
4.676821171875000118e+02,-8.216428470745589152e+01
4.676824101562500005e+02,-6.754528491537752188e+01
4.676827031249999891e+02,-7.624671063993159237e+01
4.676829960937500346e+02,-7.034896831289816532e+01
4.676832890625000232e+02,-7.066912881835494886e+01
4.676835820312500118e+02,-8.261892932429685743e+01
4.676838750000000005e+02,-7.800133371124557868e+01
4.676841679687499891e+02,-6.266623329441940626e+01
4.676844609375000346e+02,-6.473705303880981887e+01
4.676847539062500232e+02,-7.162209941265385282e+01
4.676850468750000118e+02,-7.212375709565093018e+01
4.676853398437500005e+02,-7.360419840292104254e+01
4.676856328124999891e+02,-7.097742572219841861e+01
4.676859257812500346e+02,-7.015026900037315727e+01
4.676862187500000232e+02,-6.946761030203037990e+01
4.676865117187500118e+02,-7.003316847622222951e+01
4.676868046875000005e+02,-7.233241803896133604e+01
4.676870976562499891e+02,-6.881382344144238061e+01
4.676873906250000346e+02,-7.174331489983359234e+01
4.676876835937500232e+02,-7.120780738519523823e+01
4.676879765625000118e+02,-7.530707730694828683e+01
4.676882695312500005e+02,-6.867835285061009643e+01
4.676885624999999891e+02,-6.776297404357902110e+01
4.676888554687500346e+02,-7.408534657105947474e+01
4.676891484375000232e+02,-7.102352543877144342e+01
4.676894414062500118e+02,-6.922347847426743783e+01
4.676897343750000005e+02,-7.363472384400262172e+01
4.676900273437499891e+02,-6.733294884725806639e+01
4.676903203125000346e+02,-8.831546290769205143e+01
4.676906132812500232e+02,-6.679596377950910835e+01
4.676909062500000118e+02,-6.984473662355748047e+01
4.676911992187500005e+02,-7.318400234067647148e+01
4.676914921874999891e+02,-7.107088112438086114e+01
4.676917851562500346e+02,-6.825666658399660491e+01
4.676920781250000232e+02,-7.221722894732249642e+01
4.676923710937500118e+02,-6.749429740413576440e+01
4.676926640625000005e+02,-7.257260305927920285e+01
4.676929570312499891e+02,-7.594329909755332153e+01
4.676932500000000346e+02,-6.970747121740315322e+01
4.676935429687500232e+02,-6.878157475294045753e+01
4.676938359375000118e+02,-7.397831901564072155e+01
4.676941289062500005e+02,-6.940483630063016562e+01
4.676944218749999891e+02,-6.893326792729027375e+01
4.676947148437500346e+02,-6.579870558034700423e+01
4.676950078125000232e+02,-7.773420224198329720e+01
4.676953007812500118e+02,-7.134272952405625290e+01
4.676955937500000005e+02,-6.599779024574549169e+01
4.676958867187499891e+02,-6.550698053278070176e+01
4.676961796875000346e+02,-6.681058401773242394e+01
4.676964726562500232e+02,-7.244888760335024358e+01
4.676967656250000118e+02,-7.141856819508645060e+01
4.676970585937500005e+02,-6.774292067679826346e+01
4.676973515624999891e+02,-6.320815857207270483e+01
4.676976445312500346e+02,-6.691091665013911438e+01
4.676979375000000232e+02,-6.612175239062479193e+01
4.676982304687500118e+02,-6.772922887706452855e+01
4.676985234375000005e+02,-7.104843582598194018e+01
4.676988164062499891e+02,-7.666356675096396600e+01
4.676991093750000346e+02,-6.674783676756479167e+01
4.676994023437500232e+02,-6.587347747034348799e+01
4.676996953125000118e+02,-6.719880010709422891e+01
4.676999882812500005e+02,-7.038009451818160755e+01
4.677002812499999891e+02,-7.945584301468754518e+01
4.677005742187500346e+02,-7.318525095216573106e+01
4.677008671875000232e+02,-6.789981256061294346e+01
4.677011601562500118e+02,-6.923726073231011924e+01
4.677014531250000005e+02,-6.728296691682069763e+01
4.677017460937499891e+02,-6.989741679316732359e+01
4.677020390625000346e+02,-6.997502254385187825e+01
4.677023320312500232e+02,-6.805968458195260951e+01
4.677026250000000118e+02,-7.578018917645414376e+01
4.677029179687500005e+02,-7.284852300265941949e+01
4.677032109374999891e+02,-6.667179314722442030e+01
4.677035039062500346e+02,-7.161688082835860314e+01
4.677037968750000232e+02,-8.324727197403673529e+01
4.677040898437500118e+02,-7.059635888343804311e+01
4.677043828125000005e+02,-7.924773587786162921e+01
4.677046757812499891e+02,-7.171757342032384486e+01
4.677049687500000346e+02,-6.511431443715295586e+01
4.677052617187500232e+02,-6.341539307242222634e+01
4.677055546875000118e+02,-6.885846872358759185e+01
4.677058476562500005e+02,-8.244145208407587688e+01
4.677061406249999891e+02,-6.842664773936652978e+01
4.677064335937500346e+02,-6.752218214228517468e+01
4.677067265625000232e+02,-6.752718983957754517e+01
4.677070195312500118e+02,-7.129336634479503232e+01
4.677073125000000005e+02,-7.844066899430447393e+01
4.677076054687499891e+02,-8.044736392044227102e+01
4.677078984375000346e+02,-7.179214021008884572e+01
4.677081914062500232e+02,-7.683205598186025043e+01
4.677084843750000118e+02,-7.861100984463023167e+01
4.677087773437500005e+02,-7.657339328375915954e+01
4.677090703124999891e+02,-7.525447303976278590e+01
4.677093632812500346e+02,-7.902536077199590636e+01
4.677096562500000232e+02,-6.999858035420024294e+01
4.677099492187500118e+02,-7.204765879915575510e+01
4.677102421875000005e+02,-7.076351653339486347e+01
4.677105351562499891e+02,-7.354037191768928494e+01
4.677108281250000346e+02,-7.234268200543485250e+01
4.677111210937500232e+02,-7.451311819647192181e+01
4.677114140625000118e+02,-7.129877854084048749e+01
4.677117070312500005e+02,-7.766987661157757827e+01
4.677119999999999891e+02,-7.605159246071687562e+01
4.677122929687500346e+02,-6.962231750339863368e+01
4.677125859375000232e+02,-6.818684097668435129e+01
4.677128789062500118e+02,-7.027056696169941574e+01
4.677131718750000005e+02,-6.484930909825122569e+01
4.677134648437499891e+02,-6.424269428377746749e+01
4.677137578125000346e+02,-7.570510286725016158e+01
4.677140507812500232e+02,-7.748791375739408238e+01
4.677143437500000118e+02,-7.156540475844693106e+01
4.677146367187500005e+02,-7.941126395694072926e+01
4.677149296874999891e+02,-6.852446815934645485e+01
4.677152226562500346e+02,-6.754178741018510834e+01
4.677155156250000232e+02,-7.219461674278831254e+01
4.677158085937500118e+02,-8.036684120373101337e+01
4.677161015625000005e+02,-7.281628147416245156e+01
4.677163945312499891e+02,-7.009506880148126129e+01
4.677166875000000346e+02,-7.510584144831683773e+01
4.677169804687500232e+02,-7.248081433328955825e+01
4.677172734375000118e+02,-7.234987794985534038e+01
4.677175664062500005e+02,-7.740546419036172665e+01
4.677178593749999891e+02,-7.925139116417216201e+01
4.677181523437500346e+02,-8.322334125058875998e+01
4.677184453125000232e+02,-7.891515833559365944e+01
4.677187382812500118e+02,-7.422843992707510097e+01
4.677190312500000005e+02,-7.609781535182972334e+01
4.677193242187499891e+02,-7.903627148420321191e+01
4.677196171875000346e+02,-7.765033248982024361e+01
4.677199101562500232e+02,-7.586258477918251231e+01
4.677202031250000118e+02,-7.593314907289470739e+01
4.677204960937500005e+02,-7.967884690072978060e+01
4.677207890624999891e+02,-7.056614966371117248e+01
4.677210820312500346e+02,-6.873615388490441092e+01
4.677213750000000232e+02,-6.993088441316812975e+01
4.677216679687500118e+02,-8.326864431902008334e+01
4.677219609375000005e+02,-7.838302127193766466e+01
4.677222539062499891e+02,-7.026215058704147509e+01
4.677225468750000346e+02,-7.029721831936734588e+01
4.677228398437500232e+02,-7.817814443807108660e+01
4.677231328125000118e+02,-7.165531551170930413e+01
4.677234257812500005e+02,-7.428053736718864286e+01
4.677237187499999891e+02,-7.712683864658518473e+01
4.677240117187500346e+02,-7.122301931475955428e+01
4.677243046875000232e+02,-7.157750680455119152e+01
4.677245976562500118e+02,-8.737608814859628126e+01
4.677248906250000005e+02,-8.729035558897832914e+01
4.677251835937499891e+02,-9.089386379726198584e+01
4.677254765625000346e+02,-7.762171716016158030e+01
4.677257695312500232e+02,-8.098035476646882103e+01
4.677260625000000118e+02,-7.384288016088001427e+01
4.677263554687500005e+02,-6.708621307731975492e+01
4.677266484374999891e+02,-7.464211885193927287e+01
4.677269414062500346e+02,-9.156327724055940109e+01
4.677272343750000232e+02,-7.542593879726700834e+01
4.677275273437500118e+02,-6.956362258294898027e+01
4.677278203125000005e+02,-7.139071791974900805e+01
4.677281132812499891e+02,-7.179151512874418017e+01
4.677284062500000346e+02,-7.162160178620182194e+01
4.677286992187500232e+02,-6.983233198413536513e+01
4.677289921875000118e+02,-6.909774650183074129e+01
4.677292851562500005e+02,-7.718441773458016542e+01
4.677295781249999891e+02,-8.704950748938232152e+01
4.677298710937500346e+02,-8.082708219983963716e+01
4.677301640625000232e+02,-7.346261799933672876e+01
4.677304570312500118e+02,-7.467014155758610627e+01
4.677307500000000005e+02,-7.434272950989141293e+01
4.677310429687499891e+02,-7.158429279717616112e+01
4.677313359375000346e+02,-7.099675988154254469e+01
4.677316289062500232e+02,-9.087048447888578551e+01
4.677319218750000118e+02,-7.302580327582963093e+01
4.677322148437500005e+02,-7.323910224611032049e+01
4.677325078124999891e+02,-7.337697362240874099e+01
4.677328007812500346e+02,-7.709161086152435871e+01
4.677330937500000232e+02,-7.728893146269230385e+01
4.677333867187500118e+02,-7.227305506331579465e+01
4.677336796875000005e+02,-7.210981106208946301e+01
4.677339726562499891e+02,-7.425735550365783411e+01
4.677342656250000346e+02,-8.168456442727932654e+01
4.677345585937500232e+02,-8.712570131839103738e+01
4.677348515625000118e+02,-7.432917974692905716e+01
4.677351445312500005e+02,-7.590152037130215490e+01
4.677354374999999891e+02,-8.998594470500712816e+01
4.677357304687500346e+02,-7.596017221143347342e+01
4.677360234375000232e+02,-7.016807726592341510e+01
4.677363164062500118e+02,-7.099454517632024420e+01
4.677366093750000005e+02,-7.325122002395004017e+01
4.677369023437499891e+02,-7.424821533104827154e+01
4.677371953125000346e+02,-9.140252883123757499e+01
4.677374882812500232e+02,-8.613455362394759618e+01
4.677377812500000118e+02,-8.270838236405472799e+01
4.677380742187500005e+02,-7.531507687959050656e+01
4.677383671874999891e+02,-7.514245386010028938e+01
4.677386601562500346e+02,-7.926906155782435803e+01
4.677389531250000232e+02,-8.447588807929575694e+01
4.677392460937500118e+02,-7.648374889553899436e+01
4.677395390625000005e+02,-8.183733314650325497e+01
4.677398320312499891e+02,-8.165812509970506028e+01
4.677401250000000346e+02,-9.318850633747004508e+01
4.677404179687500232e+02,-7.415688515453635432e+01
4.677407109375000118e+02,-9.206605871200791569e+01
4.677410039062500005e+02,-8.699685438308415542e+01
4.677412968749999891e+02,-8.011766201269264798e+01
4.677415898437500346e+02,-7.468049475974869722e+01
4.677418828125000232e+02,-7.258554640322921614e+01
4.677421757812500118e+02,-7.783779773133373681e+01
4.677424687500000005e+02,-6.763869600579755570e+01
4.677427617187499891e+02,-7.040399339299311521e+01
4.677430546875000346e+02,-8.330424118058940053e+01
4.677433476562500232e+02,-7.364586362802243968e+01
4.677436406250000118e+02,-7.482396189267110742e+01
4.677439335937500005e+02,-7.692457489283155780e+01
4.677442265624999891e+02,-6.797178485519542335e+01
4.677445195312500346e+02,-6.797052485177749759e+01
4.677448125000000232e+02,-7.715669817665308017e+01
4.677451054687500118e+02,-7.344333395162873046e+01
4.677453984375000005e+02,-8.312434049141138814e+01
4.677456914062499891e+02,-8.242661363357669302e+01
4.677459843750000346e+02,-7.144747017881053353e+01
4.677462773437500232e+02,-7.114646222638904760e+01
4.677465703125000118e+02,-7.185998517378486383e+01
4.677468632812500005e+02,-7.566307883798104683e+01
4.677471562499999891e+02,-7.241474510658859742e+01
4.677474492187500346e+02,-7.518121916782683911e+01
4.677477421875000232e+02,-7.964975641697348863e+01
4.677480351562500118e+02,-7.917392560058617335e+01
4.677483281250000005e+02,-6.956172371928940379e+01
4.677486210937499891e+02,-6.881817205166993290e+01
4.677489140625000346e+02,-7.162077814280164034e+01
4.677492070312500232e+02,-7.275569674774959594e+01
4.677495000000000118e+02,-7.623883700418424780e+01
4.677497929687500005e+02,-7.630797252100357753e+01
4.677500859374999891e+02,-7.487785834745530167e+01
4.677503789062500346e+02,-8.189755241323319979e+01
4.677506718750000232e+02,-8.190690931360862237e+01
4.677509648437500118e+02,-8.670173016859698123e+01
4.677512578125000005e+02,-7.334576706505687582e+01
4.677515507812499891e+02,-7.683484063421083476e+01
4.677518437500000346e+02,-7.966847612927310252e+01
4.677521367187500232e+02,-7.734452072289681723e+01
4.677524296875000118e+02,-7.460750539054957642e+01
4.677527226562500005e+02,-6.510488285776891360e+01
4.677530156249999891e+02,-6.613243697958583311e+01
4.677533085937500346e+02,-7.623495326151581253e+01
4.677536015625000232e+02,-8.329721704461718446e+01
4.677538945312500118e+02,-8.108004431118074251e+01
4.677541875000000005e+02,-7.169580204000440915e+01
4.677544804687499891e+02,-7.314248581510503300e+01
4.677547734375000346e+02,-7.675926697440868907e+01
4.677550664062500232e+02,-6.960994036697564979e+01
4.677553593750000118e+02,-6.595026892419416242e+01
4.677556523437500005e+02,-7.406604205822488041e+01
4.677559453124999891e+02,-8.588414207131746991e+01
4.677562382812500346e+02,-7.750609201432598638e+01
4.677565312500000232e+02,-7.686066604323247020e+01
4.677568242187500118e+02,-8.274808435535680928e+01
4.677571171875000005e+02,-6.962526993540404874e+01
4.677574101562499891e+02,-6.725304459153136349e+01
4.677577031250000346e+02,-7.153863985111792090e+01
4.677579960937500232e+02,-8.407070220024151297e+01
4.677582890625000118e+02,-7.862745823867115291e+01
4.677585820312500005e+02,-7.642054190881212605e+01
4.677588749999999891e+02,-8.083862578466495563e+01
4.677591679687500346e+02,-7.862923487328102112e+01
4.677594609375000232e+02,-8.978627259269984506e+01
4.677597539062500118e+02,-7.948614891720781372e+01
4.677600468750000005e+02,-7.088557916748806065e+01
4.677603398437499891e+02,-7.188820438023472548e+01
4.677606328125000346e+02,-7.457406732004432115e+01
4.677609257812500232e+02,-7.971334704723665254e+01
4.677612187500000118e+02,-8.720162654447608475e+01
4.677615117187500005e+02,-8.561540860198144287e+01
4.677618046874999891e+02,-7.967379843795120564e+01
4.677620976562500346e+02,-7.154761416551281172e+01
4.677623906250000232e+02,-6.902072737968070726e+01
4.677626835937500118e+02,-7.700869832127855830e+01
4.677629765625000005e+02,-8.157231558264626869e+01
4.677632695312499891e+02,-8.064813421707845009e+01
4.677635625000000346e+02,-7.606245475493469144e+01
4.677638554687500232e+02,-7.577466817021625900e+01
4.677641484375000118e+02,-7.416496679661962332e+01
4.677644414062500005e+02,-7.510303614098025093e+01
4.677647343749999891e+02,-6.760669002290532603e+01
4.677650273437500346e+02,-7.440901194795335982e+01
4.677653203125000232e+02,-7.690631479355671729e+01
4.677656132812500118e+02,-7.594117614014585627e+01
4.677659062500000005e+02,-7.492300723452198952e+01
4.677661992187499891e+02,-7.381825555710948095e+01
4.677664921875000346e+02,-7.247566441791322234e+01
4.677667851562500232e+02,-8.614079268773564024e+01
4.677670781250000118e+02,-8.177464680927838003e+01
4.677673710937500005e+02,-7.635048469111870872e+01
4.677676640624999891e+02,-8.207820155098220027e+01
4.677679570312500346e+02,-7.440474281496156550e+01
4.677682500000000232e+02,-6.904575535923547136e+01
4.677685429687500118e+02,-7.454851787647777428e+01
4.677688359375000005e+02,-7.348312595475333353e+01
4.677691289062499891e+02,-7.724733738513715764e+01
4.677694218750000346e+02,-7.825047799143548843e+01
4.677697148437500232e+02,-7.231090965732896336e+01
4.677700078125000118e+02,-7.687001196725489649e+01
4.677703007812500005e+02,-8.415475186419911324e+01
4.677705937499999891e+02,-7.328450149099082012e+01
4.677708867187500346e+02,-7.064541730853825641e+01
4.677711796875000232e+02,-7.228424743912617600e+01
4.677714726562500118e+02,-8.925872214952562445e+01
4.677717656250000005e+02,-7.855335472417159792e+01
4.677720585937499891e+02,-7.524269247962617158e+01
4.677723515625000346e+02,-7.074691409403401110e+01
4.677726445312500232e+02,-7.744823873977881590e+01
4.677729375000000118e+02,-7.778263737766570785e+01
4.677732304687500005e+02,-7.194609754618915076e+01
4.677735234374999891e+02,-7.014957358214736871e+01
4.677738164062500346e+02,-7.679645521043944711e+01
4.677741093750000232e+02,-7.571390628989638572e+01
4.677744023437500118e+02,-7.411538668232729776e+01
4.677746953125000005e+02,-7.606953751507360550e+01
4.677749882812499891e+02,-8.558402514673608152e+01
4.677752812500000346e+02,-7.192323487785496638e+01
4.677755742187500232e+02,-7.893304811143798361e+01
4.677758671875000118e+02,-7.540386124945634094e+01
4.677761601562500005e+02,-7.843723813057904692e+01
4.677764531249999891e+02,-7.043231724642795655e+01
4.677767460937500346e+02,-7.512707706755091408e+01
4.677770390625000232e+02,-7.846755530962963121e+01
4.677773320312500118e+02,-7.087970332637537751e+01
4.677776250000000005e+02,-7.568521218149972185e+01
4.677779179687499891e+02,-8.157995786975229180e+01
4.677782109375000346e+02,-8.993640177766060617e+01
4.677785039062500232e+02,-7.705099432366849044e+01
4.677787968750000118e+02,-7.419572827678094029e+01
4.677790898437500005e+02,-8.264457905740080434e+01
4.677793828124999891e+02,-7.081957289437534087e+01
4.677796757812500346e+02,-7.669260526170397441e+01
4.677799687500000232e+02,-8.113775118794534080e+01
4.677802617187500118e+02,-7.835989753955367121e+01
4.677805546875000005e+02,-7.939972498588981864e+01
4.677808476562499891e+02,-8.343008556995906133e+01
4.677811406250000346e+02,-7.552184843669655834e+01
4.677814335937500232e+02,-7.317217628126483930e+01
4.677817265625000118e+02,-7.510470160499848191e+01
4.677820195312500005e+02,-7.250433962791760223e+01
4.677823124999999891e+02,-7.576491644099171197e+01
4.677826054687500346e+02,-7.808071635328026616e+01
4.677828984375000232e+02,-7.330305355389678823e+01
4.677831914062500118e+02,-6.707466569829625769e+01
4.677834843750000005e+02,-7.596667892044442283e+01
4.677837773437499891e+02,-7.570745348684238252e+01
4.677840703125000346e+02,-8.018648991871033616e+01
4.677843632812500232e+02,-8.342574415862378601e+01
4.677846562500000118e+02,-8.214082349576052877e+01
4.677849492187500005e+02,-7.817116452906597601e+01
4.677852421874999891e+02,-7.999473848701600787e+01
4.677855351562500346e+02,-7.288963744072829343e+01
4.677858281250000232e+02,-7.146030010026193224e+01
4.677861210937500118e+02,-7.436860569549561717e+01
4.677864140625000005e+02,-7.308149239434118272e+01
4.677867070312499891e+02,-7.353443182764512187e+01
4.677870000000000346e+02,-7.035146428016179243e+01
4.677872929687500232e+02,-7.238890221526658308e+01
4.677875859375000118e+02,-8.102217574616966544e+01
4.677878789062500005e+02,-8.258797760616802464e+01
4.677881718749999891e+02,-7.341901344519705219e+01
4.677884648437500346e+02,-7.411514417212040939e+01
4.677887578125000232e+02,-7.751159048397128970e+01
4.677890507812500118e+02,-7.464997612774230618e+01
4.677893437500000005e+02,-7.544353786509188353e+01
4.677896367187499891e+02,-7.303484338930336150e+01
4.677899296875000346e+02,-7.940816383379154786e+01
4.677902226562500232e+02,-7.662222774021762461e+01
4.677905156250000118e+02,-8.181134628336616288e+01
4.677908085937500005e+02,-8.642402773557225260e+01
4.677911015624999891e+02,-8.704045090459541711e+01
4.677913945312500346e+02,-7.900312464888446584e+01
4.677916875000000232e+02,-7.910671976536718830e+01
4.677919804687500118e+02,-9.055029972228817314e+01
4.677922734375000005e+02,-8.110138195378706882e+01
4.677925664062499891e+02,-7.606469722181891768e+01
4.677928593750000346e+02,-8.475996919034328414e+01
4.677931523437500232e+02,-8.250005194097035144e+01
4.677934453125000118e+02,-7.637732023803673087e+01
4.677937382812500005e+02,-8.005992245117749917e+01
4.677940312499999891e+02,-7.675718918104394106e+01
4.677943242187500346e+02,-7.493165852285929418e+01
4.677946171875000232e+02,-8.380131514413136529e+01
4.677949101562500118e+02,-7.844347741263368334e+01
4.677952031250000005e+02,-8.014793338492488317e+01
4.677954960937499891e+02,-6.946489238823134826e+01
4.677957890625000346e+02,-7.395960641325009988e+01
4.677960820312500232e+02,-9.936325690798497590e+01
4.677963750000000118e+02,-7.745891022735220588e+01
4.677966679687500005e+02,-7.477389451500769724e+01
4.677969609374999891e+02,-7.575566023396096682e+01
4.677972539062500346e+02,-7.671506848812842350e+01
4.677975468750000232e+02,-7.487194360506657631e+01
4.677978398437500118e+02,-7.042479988299862725e+01
4.677981328125000005e+02,-7.247182525751566118e+01
4.677984257812499891e+02,-7.718147759666904051e+01
4.677987187500000346e+02,-7.576917888119166378e+01
4.677990117187500232e+02,-7.760891295373843946e+01
4.677993046875000118e+02,-7.989215930742454930e+01
4.677995976562500005e+02,-8.509998183625485524e+01
4.677998906249999891e+02,-7.196728277661691209e+01
4.678001835937500346e+02,-6.957209504212661955e+01
4.678004765625000232e+02,-7.535441905802426277e+01
4.678007695312500118e+02,-8.916811430561338625e+01
4.678010625000000005e+02,-7.965724072120913490e+01
4.678013554687499891e+02,-8.053121383881146755e+01
4.678016484375000346e+02,-8.206284389124888889e+01
4.678019414062500232e+02,-7.802984812667313008e+01
4.678022343750000118e+02,-7.976835657705223070e+01
4.678025273437500005e+02,-7.830859730654563577e+01
4.678028203124999891e+02,-7.416532793148481062e+01
4.678031132812500346e+02,-7.564264866452309377e+01
4.678034062500000232e+02,-8.033442491714464495e+01
4.678036992187500118e+02,-7.369348716351052531e+01
4.678039921875000005e+02,-7.547197025821088801e+01
4.678042851562499891e+02,-7.535111256168376315e+01
4.678045781250000346e+02,-7.332308994849111627e+01
4.678048710937500232e+02,-7.509238404074170603e+01
4.678051640625000118e+02,-7.574949872419009012e+01
4.678054570312500005e+02,-7.513814297591636659e+01
4.678057499999999891e+02,-7.888025868261922824e+01
4.678060429687500346e+02,-7.794403945568652148e+01
4.678063359375000232e+02,-7.388849952563728607e+01
4.678066289062500118e+02,-7.232433215460645215e+01
4.678069218750000005e+02,-8.144432577359494019e+01
4.678072148437499891e+02,-7.894847444043871576e+01
4.678075078125000346e+02,-8.132644648344810889e+01
4.678078007812500232e+02,-7.854485992493567892e+01
4.678080937500000118e+02,-7.831515811308877062e+01
4.678083867187500005e+02,-8.280165309030890342e+01
4.678086796874999891e+02,-7.532130963887719588e+01
4.678089726562500346e+02,-7.194720949258913834e+01
4.678092656250000232e+02,-7.710727991450835361e+01
4.678095585937500118e+02,-7.639785978458407101e+01
4.678098515625000005e+02,-8.148154900205631179e+01
4.678101445312499891e+02,-8.605715389510572777e+01
4.678104375000000346e+02,-8.145772827772640312e+01
4.678107304687500232e+02,-7.348575862956055005e+01
4.678110234375000118e+02,-8.194014572939117613e+01
4.678113164062500005e+02,-7.813513988036694968e+01
4.678116093749999891e+02,-7.141458313204465469e+01
4.678119023437500346e+02,-7.620418434229100058e+01
4.678121953125000232e+02,-7.346821950198602735e+01
4.678124882812500118e+02,-7.451694139752218859e+01
4.678127812500000005e+02,-7.041846981495470459e+01
4.678130742187499891e+02,-7.041803699084616142e+01
4.678133671875000346e+02,-7.767858848215398382e+01
4.678136601562500232e+02,-8.356059504154023898e+01
4.678139531250000118e+02,-8.138898914656292050e+01
4.678142460937500005e+02,-7.888756805139441042e+01
4.678145390624999891e+02,-7.260010899921533678e+01
4.678148320312500346e+02,-7.769950816918780845e+01
4.678151250000000232e+02,-8.340531771564081964e+01
4.678154179687500118e+02,-8.781152208947220572e+01
4.678157109375000005e+02,-7.138747978562791729e+01
4.678160039062499891e+02,-7.388063574218934093e+01
4.678162968750000346e+02,-8.240960939630467408e+01
4.678165898437500232e+02,-8.037363750127239825e+01
4.678168828125000118e+02,-8.137483547591359923e+01
4.678171757812500005e+02,-7.516659285313028249e+01
4.678174687499999891e+02,-8.131832581746306232e+01
4.678177617187500346e+02,-7.021369479787102819e+01
4.678180546875000232e+02,-6.935141476493639345e+01
4.678183476562500118e+02,-7.314843698261340421e+01
4.678186406250000005e+02,-8.500338232713615128e+01
4.678189335937499891e+02,-7.954746399092421427e+01
4.678192265625000346e+02,-7.526790257547303042e+01
4.678195195312500232e+02,-8.135464734014477983e+01
4.678198125000000118e+02,-8.109046470520453909e+01
4.678201054687500005e+02,-8.010800042636930129e+01
4.678203984374999891e+02,-7.339515076633000490e+01
4.678206914062500346e+02,-7.298626326636123451e+01
4.678209843750000232e+02,-7.544475177107682384e+01
4.678212773437500118e+02,-7.776293537986636295e+01
4.678215703125000005e+02,-7.686618175965760713e+01
4.678218632812499891e+02,-8.751836528917431224e+01
4.678221562500000346e+02,-8.008079649265275179e+01
4.678224492187500232e+02,-1.002489008033579410e+02
4.678227421875000118e+02,-8.804370659713487157e+01
4.678230351562500005e+02,-7.986688966462060080e+01
4.678233281249999891e+02,-8.466687130561523134e+01
4.678236210937500346e+02,-7.993999822019699764e+01
4.678239140625000232e+02,-8.381950033076134332e+01
4.678242070312500118e+02,-7.796300253418444015e+01
4.678245000000000005e+02,-7.445738646150955731e+01
4.678247929687499891e+02,-6.999928716643518101e+01
4.678250859375000346e+02,-7.347843695138274711e+01
4.678253789062500232e+02,-7.289156221498998889e+01
4.678256718750000118e+02,-7.136871757530992966e+01
4.678259648437500005e+02,-7.171587687367478736e+01
4.678262578124999891e+02,-7.753414728685896762e+01
4.678265507812500346e+02,-7.578474412607098998e+01
4.678268437500000232e+02,-7.685444157796447939e+01
4.678271367187500118e+02,-7.342799049144828416e+01
4.678274296875000005e+02,-7.374913691536421823e+01
4.678277226562499891e+02,-8.596619723036879179e+01
4.678280156250000346e+02,-7.536353756385808822e+01
4.678283085937500232e+02,-7.851972425060918681e+01
4.678286015625000118e+02,-8.137975473465586163e+01
4.678288945312500005e+02,-8.279506925912471615e+01
4.678291874999999891e+02,-7.643151088558695960e+01
4.678294804687500346e+02,-7.281238315710568543e+01
4.678297734375000232e+02,-7.730975465781622802e+01
4.678300664062500118e+02,-9.077838292253690611e+01
4.678303593750000005e+02,-8.117384250156598569e+01
4.678306523437499891e+02,-8.192280411325731393e+01
4.678309453125000346e+02,-8.290410928567862925e+01
4.678312382812500232e+02,-7.735266933800326683e+01
4.678315312500000118e+02,-7.881557204701103103e+01
4.678318242187500005e+02,-8.523207871951173331e+01
4.678321171874999891e+02,-8.501014419984470294e+01
4.678324101562500346e+02,-7.419002127080418063e+01
4.678327031250000232e+02,-7.838342011395714337e+01
4.678329960937500118e+02,-7.806149090817945080e+01
4.678332890625000005e+02,-7.549013703633788452e+01
4.678335820312499891e+02,-8.008940145011764855e+01
4.678338750000000346e+02,-8.274616512476087848e+01
4.678341679687500232e+02,-7.186491840392272934e+01
4.678344609375000118e+02,-7.079320480196214760e+01
4.678347539062500005e+02,-7.257841050324434207e+01
4.678350468749999891e+02,-7.442669002680281665e+01
4.678353398437500346e+02,-7.706316215673905390e+01
4.678356328125000232e+02,-8.279314823804233470e+01
4.678359257812500118e+02,-7.836126721436839659e+01
4.678362187500000005e+02,-7.819538409429783599e+01
4.678365117187499891e+02,-8.610317895406106459e+01
4.678368046875000346e+02,-8.416760290521587251e+01
4.678370976562500232e+02,-7.995299949174957987e+01
4.678373906250000118e+02,-7.231012911351447769e+01
4.678376835937500005e+02,-6.788029822614274167e+01
4.678379765624999891e+02,-7.361630196241353019e+01
4.678382695312500346e+02,-7.466853855501011594e+01
4.678385625000000232e+02,-7.203208250405685931e+01
4.678388554687500118e+02,-7.099095711606364034e+01
4.678391484375000005e+02,-7.083690061630053947e+01
4.678394414062499891e+02,-7.380559754699737596e+01
4.678397343750000346e+02,-8.128084341967343107e+01
4.678400273437500232e+02,-7.611389456089929695e+01
4.678403203125000118e+02,-7.744560791136908051e+01
4.678406132812500005e+02,-8.557886512416970959e+01
4.678409062499999891e+02,-9.821795498124828327e+01
4.678411992187500346e+02,-7.770681508023491801e+01
4.678414921875000232e+02,-7.518587349899972594e+01
4.678417851562500118e+02,-7.297030878155068478e+01
4.678420781250000005e+02,-7.282038811613442419e+01
4.678423710937499891e+02,-7.157750168874375163e+01
4.678426640625000346e+02,-7.323241484551040514e+01
4.678429570312500232e+02,-7.775367686154618241e+01
4.678432500000000118e+02,-7.788497036085318825e+01
4.678435429687500005e+02,-8.003549778915180468e+01
4.678438359374999891e+02,-7.274759468892088421e+01
4.678441289062500346e+02,-7.814579969640435309e+01
4.678444218750000232e+02,-7.568189023771259372e+01
4.678447148437500118e+02,-8.425619880156993702e+01
4.678450078125000005e+02,-8.277109424748452682e+01
4.678453007812499891e+02,-8.216424672127088513e+01
4.678455937500000346e+02,-7.761761948487462348e+01
4.678458867187500232e+02,-7.894939225325894938e+01
4.678461796875000118e+02,-7.720983790830752014e+01
4.678464726562500005e+02,-7.598870879775429898e+01
4.678467656249999891e+02,-7.752949645740815754e+01
4.678470585937500346e+02,-7.928766605653129318e+01
4.678473515625000232e+02,-7.492427812382074137e+01
4.678476445312500118e+02,-7.774694209933004174e+01
4.678479375000000005e+02,-7.679776497008523961e+01
4.678482304687499891e+02,-8.088695563485455864e+01
4.678485234375000346e+02,-7.416408924178330153e+01
4.678488164062500232e+02,-7.385848037841607550e+01
4.678491093750000118e+02,-8.178924556192586692e+01
4.678494023437500005e+02,-9.598770906857141938e+01
4.678496953124999891e+02,-8.249214859904745367e+01
4.678499882812500346e+02,-8.262199357539375910e+01
4.678502812500000232e+02,-7.596884963890285292e+01
4.678505742187500118e+02,-7.603415859923561015e+01
4.678508671875000005e+02,-7.743536638423327645e+01
4.678511601562499891e+02,-7.621968017453839650e+01
4.678514531250000346e+02,-8.029483101218829688e+01
4.678517460937500232e+02,-7.897335607878139285e+01
4.678520390625000118e+02,-8.318765118028572658e+01
4.678523320312500005e+02,-8.424006624830821011e+01
4.678526249999999891e+02,-8.504107973531819198e+01
4.678529179687500346e+02,-8.059621239867476561e+01
4.678532109375000232e+02,-8.027264297333476861e+01
4.678535039062500118e+02,-8.339134202155648268e+01
4.678537968750000005e+02,-7.760560740872726626e+01
4.678540898437499891e+02,-7.944910911757042982e+01
4.678543828125000346e+02,-7.280429367843237287e+01
4.678546757812500232e+02,-7.442373949830763991e+01
4.678549687500000118e+02,-7.622384193367412308e+01
4.678552617187500005e+02,-8.158993027287841926e+01
4.678555546874999891e+02,-8.008505301218050931e+01
4.678558476562500346e+02,-1.043531502132015873e+02
4.678561406250000232e+02,-9.047008929270870681e+01
4.678564335937500118e+02,-8.220964599277232310e+01
4.678567265625000005e+02,-9.337727111285026638e+01
4.678570195312499891e+02,-8.067300711003269953e+01
4.678573125000000346e+02,-9.219565287704357104e+01
4.678576054687500232e+02,-7.624842022710937783e+01
4.678578984375000118e+02,-8.333690782718690571e+01
4.678581914062500005e+02,-9.107781886471516941e+01
4.678584843749999891e+02,-1.176624678084609741e+02
4.678587773437500346e+02,-9.216829360404912563e+01
4.678590703125000232e+02,-7.962345369800027584e+01
4.678593632812500118e+02,-8.105247995590760013e+01
4.678596562500000005e+02,-8.104966397060218242e+01
4.678599492187499891e+02,-8.285081229591399676e+01
4.678602421875000346e+02,-8.050916813776927938e+01
4.678605351562500232e+02,-8.827649894409515241e+01
4.678608281250000118e+02,-8.319273818562882639e+01
4.678611210937500005e+02,-8.406487108286981424e+01
4.678614140624999891e+02,-9.144137117850803520e+01
4.678617070312500346e+02,-8.250956950256838240e+01
4.678620000000000232e+02,-7.698738395214112984e+01
4.678622929687500118e+02,-8.296517246113532451e+01
4.678625859375000005e+02,-9.461759238828818752e+01
4.678628789062499891e+02,-8.501103909340480413e+01
4.678631718750000346e+02,-8.434225204317392866e+01
4.678634648437500232e+02,-7.700796709992161482e+01
4.678637578125000118e+02,-7.972304173321262510e+01
4.678640507812500005e+02,-8.102365738810377138e+01
4.678643437499999891e+02,-8.044619392263592772e+01
4.678646367187500346e+02,-8.394147623739706887e+01
4.678649296875000232e+02,-7.984070682590905221e+01
4.678652226562500118e+02,-7.639736796286057086e+01
4.678655156250000005e+02,-7.974687554824564018e+01
4.678658085937499891e+02,-8.242071459695422675e+01
4.678661015625000346e+02,-8.325978639366496736e+01
4.678663945312500232e+02,-7.929820320520983046e+01
4.678666875000000118e+02,-8.193184842088382425e+01
4.678669804687500005e+02,-9.805447108101303400e+01
4.678672734374999891e+02,-8.335228120256653028e+01
4.678675664062500346e+02,-8.276545995731098060e+01
4.678678593750000232e+02,-8.769583104320389566e+01
4.678681523437500118e+02,-8.357123113093430788e+01
4.678684453125000005e+02,-7.927266546176399231e+01
4.678687382812499891e+02,-8.082524176681272365e+01
4.678690312500000346e+02,-8.677781044467259619e+01
4.678693242187500232e+02,-9.074474276778400395e+01
4.678696171875000118e+02,-7.902110051838033655e+01
4.678699101562500005e+02,-7.635593012181577421e+01
4.678702031249999891e+02,-7.778437924951892057e+01
4.678704960937500346e+02,-8.186904677751238069e+01
4.678707890625000232e+02,-7.872399016301248764e+01
4.678710820312500118e+02,-7.829216687381043016e+01
4.678713750000000005e+02,-7.951558199513721092e+01
4.678716679687499891e+02,-9.941605149693896237e+01
4.678719609375000346e+02,-7.993141892514611868e+01
4.678722539062500232e+02,-8.162865048467708107e+01
4.678725468750000118e+02,-8.444636920187579676e+01
4.678728398437500005e+02,-8.006918046194118688e+01
4.678731328124999891e+02,-9.544636665540201648e+01
4.678734257812500346e+02,-8.330429581380079185e+01
4.678737187500000232e+02,-7.967139862117407745e+01
4.678740117187500118e+02,-8.794367246906543301e+01
4.678743046875000005e+02,-7.869100041490744957e+01
4.678745976562499891e+02,-8.658616262538069464e+01
4.678748906250000346e+02,-7.564912423210313364e+01
4.678751835937500232e+02,-7.493318760162212300e+01
4.678754765625000118e+02,-7.961373723947056646e+01
4.678757695312500005e+02,-8.268035997140414395e+01
4.678760624999999891e+02,-8.867525614186243388e+01
4.678763554687500346e+02,-8.093127665969292650e+01
4.678766484375000232e+02,-7.805867078609340126e+01
4.678769414062500118e+02,-7.668852963813392876e+01
4.678772343750000005e+02,-9.479659513258494030e+01
4.678775273437499891e+02,-8.350210509455166630e+01
4.678778203125000346e+02,-7.634024838165106530e+01
4.678781132812500232e+02,-7.402955417571313035e+01
4.678784062500000118e+02,-8.081273165494013710e+01
4.678786992187500005e+02,-8.162101540267535427e+01
4.678789921874999891e+02,-7.414551771696048377e+01
4.678792851562500346e+02,-7.386434427954444004e+01
4.678795781250000232e+02,-7.503590496945710697e+01
4.678798710937500118e+02,-7.822192651387355511e+01
4.678801640625000005e+02,-7.925783984698020390e+01
4.678804570312499891e+02,-7.680036299697921720e+01
4.678807500000000346e+02,-7.997330655484788053e+01
4.678810429687500232e+02,-8.109704319410646178e+01
4.678813359375000118e+02,-7.344311874973095655e+01
4.678816289062500005e+02,-7.380963542838297542e+01
4.678819218749999891e+02,-8.072792277133557093e+01
4.678822148437500346e+02,-7.869520877622097998e+01
4.678825078125000232e+02,-7.974138866484469190e+01
4.678828007812500118e+02,-8.161254992437142164e+01
4.678830937500000005e+02,-8.139910923858013803e+01
4.678833867187499891e+02,-8.095226693040530108e+01
4.678836796875000346e+02,-8.649722129443051699e+01
4.678839726562500232e+02,-8.362736923904310515e+01
4.678842656250000118e+02,-8.681603109578567512e+01
4.678845585937500005e+02,-8.575945963122008209e+01
4.678848515624999891e+02,-8.284013166113783200e+01
4.678851445312500346e+02,-8.267084421008880213e+01
4.678854375000000232e+02,-7.633276018846314059e+01
4.678857304687500118e+02,-7.375455395431123407e+01
4.678860234375000005e+02,-7.961534833721317739e+01
4.678863164062499891e+02,-8.643110643159116080e+01
4.678866093750000346e+02,-8.817518816890442679e+01
4.678869023437500232e+02,-7.942436266384275712e+01
4.678871953125000118e+02,-8.061007471622717446e+01
4.678874882812500005e+02,-8.354046833539786121e+01
4.678877812499999891e+02,-7.277806579055341274e+01
4.678880742187500346e+02,-7.607910450754721410e+01
4.678883671875000232e+02,-8.120590918798976077e+01
4.678886601562500118e+02,-7.543920788877328221e+01
4.678889531250000005e+02,-7.877844833666792113e+01
4.678892460937499891e+02,-7.858783275169392368e+01
4.678895390625000346e+02,-8.079898693551800193e+01
4.678898320312500232e+02,-8.710617300439830046e+01
4.678901250000000118e+02,-7.951158495200691334e+01
4.678904179687500005e+02,-7.842675136040283235e+01
4.678907109374999891e+02,-9.024311736889218594e+01
4.678910039062500346e+02,-8.130285668576696878e+01
4.678912968750000232e+02,-8.128136661448178302e+01
4.678915898437500118e+02,-7.979444807693856490e+01
4.678918828125000005e+02,-7.786918515574809874e+01
4.678921757812499891e+02,-7.548741718383686816e+01
4.678924687500000346e+02,-8.320289440969756356e+01
4.678927617187500232e+02,-8.074836862507380886e+01
4.678930546875000118e+02,-8.417515666231039972e+01
4.678933476562500005e+02,-8.145095910276413065e+01
4.678936406249999891e+02,-8.212418308433539949e+01
4.678939335937500346e+02,-8.475252396850636671e+01
4.678942265625000232e+02,-8.199574416533970123e+01
4.678945195312500118e+02,-8.036127922571721172e+01
4.678948125000000005e+02,-8.516855986756560526e+01
4.678951054687499891e+02,-9.205520265290741122e+01
4.678953984375000346e+02,-8.718428410769342918e+01
4.678956914062500232e+02,-9.742773678888295308e+01
4.678959843750000118e+02,-8.364711997032864588e+01
4.678962773437500005e+02,-8.387221648993217116e+01
4.678965703124999891e+02,-7.755085125329057405e+01
4.678968632812500346e+02,-8.636895851115268385e+01
4.678971562500000232e+02,-7.764276748858733868e+01
4.678974492187500118e+02,-7.577976274251331290e+01
4.678977421875000005e+02,-7.950069286012214320e+01
4.678980351562499891e+02,-7.755061704438094239e+01
4.678983281250000346e+02,-8.215039519498492382e+01
4.678986210937500232e+02,-8.350268079726538417e+01
4.678989140625000118e+02,-8.267098520337705736e+01
4.678992070312500005e+02,-8.046723199033387175e+01
4.678994999999999891e+02,-7.677873411934120895e+01
4.678997929687500346e+02,-8.206175843243075008e+01
4.679000859375000232e+02,-8.988007907635065408e+01
4.679003789062500118e+02,-8.044039469249055685e+01
4.679006718750000005e+02,-7.475495549152923047e+01
4.679009648437499891e+02,-7.577172215848548831e+01
4.679012578125000346e+02,-7.760720176612495891e+01
4.679015507812500232e+02,-7.640286455378802088e+01
4.679018437500000118e+02,-7.809488443508635669e+01
4.679021367187500005e+02,-8.192982878738774843e+01
4.679024296874999891e+02,-7.798278550136090814e+01
4.679027226562500346e+02,-8.937269467301803161e+01
4.679030156250000232e+02,-8.158382230280878389e+01
4.679033085937500118e+02,-8.347554393657571836e+01
4.679036015625000005e+02,-8.417268660304875993e+01
4.679038945312499891e+02,-8.325386489362270481e+01
4.679041875000000346e+02,-8.784371535605986026e+01
4.679044804687500232e+02,-8.827457594419742293e+01
4.679047734375000118e+02,-8.296407631828759577e+01
4.679050664062500005e+02,-9.028647341289834571e+01
4.679053593749999891e+02,-8.697691189837443915e+01
4.679056523437500346e+02,-8.979475445253540045e+01
4.679059453125000232e+02,-8.038757744336945166e+01
4.679062382812500118e+02,-8.546348988827804760e+01
4.679065312500000005e+02,-8.546636097271388621e+01
4.679068242187499891e+02,-7.636077800748621769e+01
4.679071171875000346e+02,-7.856014256092686310e+01
4.679074101562500232e+02,-7.390660226631025864e+01
4.679077031250000118e+02,-7.456457106486506348e+01
4.679079960937500005e+02,-8.427126623521672855e+01
4.679082890624999891e+02,-9.275685394902859571e+01
4.679085820312500346e+02,-8.118728248010174298e+01
4.679088750000000232e+02,-8.080517825754571959e+01
4.679091679687500118e+02,-8.722051576096342274e+01
4.679094609375000005e+02,-7.929783316569420037e+01
4.679097539062499891e+02,-8.211664515254744856e+01
4.679100468750000346e+02,-7.299302349408533530e+01
4.679103398437500232e+02,-7.540150624659489154e+01
4.679106328125000118e+02,-8.031471099238451927e+01
4.679109257812500005e+02,-8.501946429020451035e+01
4.679112187499999891e+02,-8.545201268217026325e+01
4.679115117187500346e+02,-8.294776464571194197e+01
4.679118046875000232e+02,-8.195464469924627338e+01
4.679120976562500118e+02,-7.912557590809016972e+01
4.679123906250000005e+02,-7.649549738646031471e+01
4.679126835937499891e+02,-8.091664209587480627e+01
4.679129765625000346e+02,-8.366497493306341937e+01
4.679132695312500232e+02,-8.195114958358637125e+01
4.679135625000000118e+02,-8.140373212179551388e+01
4.679138554687500005e+02,-7.771444091656262287e+01
4.679141484374999891e+02,-7.492372213065310405e+01
4.679144414062500346e+02,-7.822795181685614807e+01
4.679147343750000232e+02,-7.984253953643826662e+01
4.679150273437500118e+02,-7.941658305109997684e+01
4.679153203125000005e+02,-7.855724574869530841e+01
4.679156132812499891e+02,-8.440663881166150873e+01
4.679159062500000346e+02,-7.815403491856039864e+01
4.679161992187500232e+02,-7.419021125435362762e+01
4.679164921875000118e+02,-7.830780322279866823e+01
4.679167851562500005e+02,-7.596631335703007437e+01
4.679170781249999891e+02,-8.459666236801290040e+01
4.679173710937500346e+02,-8.752173088476016005e+01
4.679176640625000232e+02,-7.430000374061910406e+01
4.679179570312500118e+02,-7.680707594956318474e+01
4.679182500000000005e+02,-8.148045266827112698e+01
4.679185429687499891e+02,-7.934699708583903544e+01
4.679188359375000346e+02,-8.996992474265653073e+01
4.679191289062500232e+02,-8.242116693881335721e+01
4.679194218750000118e+02,-7.861084924991344280e+01
4.679197148437500005e+02,-9.612902619049671671e+01
4.679200078124999891e+02,-8.886364862366059469e+01
4.679203007812500346e+02,-8.320989797686780776e+01
4.679205937500000232e+02,-8.041236274562245967e+01
4.679208867187500118e+02,-7.971164056933503161e+01
4.679211796875000005e+02,-7.740369674478941420e+01
4.679214726562499891e+02,-9.393676850960832780e+01
4.679217656250000346e+02,-8.242016547734473875e+01
4.679220585937500232e+02,-7.950550397163209482e+01
4.679223515625000118e+02,-8.120619222385896308e+01
4.679226445312500005e+02,-8.360426008845708168e+01
4.679229374999999891e+02,-8.124197855430577420e+01
4.679232304687500346e+02,-8.025313258262104910e+01
4.679235234375000232e+02,-8.239509459697897853e+01
4.679238164062500118e+02,-7.859041126079803519e+01
4.679241093750000005e+02,-8.702799793180027166e+01
4.679244023437499891e+02,-8.101635669412971197e+01
4.679246953125000346e+02,-8.238377086018651596e+01
4.679249882812500232e+02,-8.315915307235749765e+01
4.679252812500000118e+02,-8.793192310464748118e+01
4.679255742187500005e+02,-8.592363469801514952e+01
4.679258671874999891e+02,-8.352364075566585200e+01
4.679261601562500346e+02,-7.913152868470814383e+01
4.679264531250000232e+02,-8.045083263586104749e+01
4.679267460937500118e+02,-8.494312144960284172e+01
4.679270390625000005e+02,-9.672748242261499740e+01
4.679273320312499891e+02,-9.405984058440867557e+01
4.679276250000000346e+02,-7.988572344200585462e+01
4.679279179687500232e+02,-8.154507126498542391e+01
4.679282109375000118e+02,-9.248757501958984051e+01
4.679285039062500005e+02,-1.071134574065991387e+02
4.679287968749999891e+02,-8.313868359630208715e+01
4.679290898437500346e+02,-7.926898182085474787e+01
4.679293828125000232e+02,-8.365988281571894447e+01
4.679296757812500118e+02,-8.350786090779884319e+01
4.679299687500000005e+02,-8.676927668548201211e+01
4.679302617187499891e+02,-7.700649084551457690e+01
4.679305546875000346e+02,-7.951091505317724284e+01
4.679308476562500232e+02,-8.245962908562853499e+01
4.679311406250000118e+02,-8.227511384640521896e+01
4.679314335937500005e+02,-8.554532165239422170e+01
4.679317265624999891e+02,-7.875372214740291099e+01
4.679320195312500346e+02,-7.792679081482508252e+01
4.679323125000000232e+02,-7.918788198569779979e+01
4.679326054687500118e+02,-8.199151607154726662e+01
4.679328984375000005e+02,-8.726866966237255951e+01
4.679331914062499891e+02,-8.317369252433712745e+01
4.679334843750000346e+02,-8.451404692626793747e+01
4.679337773437500232e+02,-8.921211399156348421e+01
4.679340703125000118e+02,-8.323630772277741130e+01
4.679343632812500005e+02,-7.951056385767613222e+01
4.679346562499999891e+02,-8.252775383508409845e+01
4.679349492187500346e+02,-8.021709635702666219e+01
4.679352421875000232e+02,-8.397916934908499798e+01
4.679355351562500118e+02,-8.267287301793884069e+01
4.679358281250000005e+02,-8.386269860193149839e+01
4.679361210937499891e+02,-8.835593428487058532e+01
4.679364140625000346e+02,-8.793230585564191415e+01
4.679367070312500232e+02,-8.030475252448573542e+01
4.679370000000000118e+02,-8.101474003172874916e+01
4.679372929687500005e+02,-8.743333704958396879e+01
4.679375859374999891e+02,-8.604498056069496670e+01
4.679378789062500346e+02,-8.627075252422261542e+01
4.679381718750000232e+02,-8.168075759883160458e+01
4.679384648437500118e+02,-8.006121459548141672e+01
4.679387578125000005e+02,-8.201740916371092283e+01
4.679390507812499891e+02,-7.769576827580766576e+01
4.679393437500000346e+02,-7.987249086617964622e+01
4.679396367187500232e+02,-8.211173611620594670e+01
4.679399296875000118e+02,-8.848270328821647013e+01
4.679402226562500005e+02,-7.898399190073421039e+01
4.679405156249999891e+02,-7.729492231464502083e+01
4.679408085937500346e+02,-7.915845353043475541e+01
4.679411015625000232e+02,-8.134306884454579745e+01
4.679413945312500118e+02,-8.937520903255303040e+01
4.679416875000000005e+02,-8.814797113836195308e+01
4.679419804687499891e+02,-8.412837488450963974e+01
4.679422734375000346e+02,-8.056822571999022387e+01
4.679425664062500232e+02,-8.965182169956962355e+01
4.679428593750000118e+02,-9.624634026425769662e+01
4.679431523437500005e+02,-8.167198517426216142e+01
4.679434453124999891e+02,-8.448641384472000482e+01
4.679437382812500346e+02,-8.823254042382950502e+01
4.679440312500000232e+02,-7.738793981588435145e+01
4.679443242187500118e+02,-7.595616312441487139e+01
4.679446171875000005e+02,-8.004564862649060331e+01
4.679449101562499891e+02,-8.657145062093880483e+01
4.679452031250000346e+02,-9.543410606150771969e+01
4.679454960937500232e+02,-8.045414082464509420e+01
4.679457890625000118e+02,-8.546421315321586576e+01
4.679460820312500005e+02,-8.353088983521905675e+01
4.679463749999999891e+02,-9.123750896286871637e+01
4.679466679687500346e+02,-1.100376794651895977e+02
4.679469609375000232e+02,-8.286856682258914475e+01
4.679472539062500118e+02,-8.565675040088989078e+01
4.679475468750000005e+02,-1.004883542212087946e+02
4.679478398437499891e+02,-8.224456594719035252e+01
4.679481328125000346e+02,-7.902833521315110943e+01
4.679484257812500232e+02,-9.177356210302860973e+01
4.679487187500000118e+02,-7.841061439254059451e+01
4.679490117187500005e+02,-7.916606366615556567e+01
4.679493046874999891e+02,-7.761208336817132647e+01
4.679495976562500346e+02,-7.432635618529911881e+01
4.679498906250000232e+02,-7.533363998043485310e+01
4.679501835937500118e+02,-7.544217886281811047e+01
4.679504765625000005e+02,-7.133791222434592783e+01
4.679507695312499891e+02,-7.134220781704104297e+01
4.679510625000000346e+02,-7.603582581293008502e+01
4.679513554687500232e+02,-8.761886025474929340e+01
4.679516484375000118e+02,-9.746995078525569056e+01
4.679519414062500005e+02,-7.732450126884009478e+01
4.679522343749999891e+02,-7.763640949402756064e+01
4.679525273437500346e+02,-8.766528536909825675e+01
4.679528203125000232e+02,-8.908255287376570664e+01
4.679531132812500118e+02,-8.810893791284794929e+01
4.679534062500000005e+02,-7.648846388957682052e+01
4.679536992187499891e+02,-7.482354623560100038e+01
4.679539921875000346e+02,-8.106773541457877741e+01
4.679542851562500232e+02,-8.035623717421907486e+01
4.679545781250000118e+02,-7.848705200309461816e+01
4.679548710937500005e+02,-8.336053890066976635e+01
4.679551640624999891e+02,-8.081038872681956775e+01
4.679554570312500346e+02,-8.213145365398546005e+01
4.679557500000000232e+02,-8.572900512104058635e+01
4.679560429687500118e+02,-8.456509870711288102e+01
4.679563359375000005e+02,-9.098984984779150409e+01
4.679566289062499891e+02,-7.872754947822785709e+01
4.679569218750000346e+02,-7.458261178956873039e+01
4.679572148437500232e+02,-7.469825901261208401e+01
4.679575078125000118e+02,-8.075749052755298862e+01
4.679578007812500005e+02,-9.864830525965489016e+01
4.679580937499999891e+02,-8.274331844581696771e+01
4.679583867187500346e+02,-9.381406989754977133e+01
4.679586796875000232e+02,-7.758301323409442318e+01
4.679589726562500118e+02,-7.568753064460607050e+01
4.679592656250000005e+02,-8.206397033933751572e+01
4.679595585937499891e+02,-8.129820155774839918e+01
4.679598515625000346e+02,-9.015211543108584635e+01
4.679601445312500232e+02,-9.842006324355435254e+01
4.679604375000000118e+02,-7.970825100576178102e+01
4.679607304687500005e+02,-8.216375267253999937e+01
4.679610234374999891e+02,-7.248544763154414738e+01
4.679613164062500346e+02,-7.663042370634036615e+01
4.679616093750000232e+02,-8.826824382820117876e+01
4.679619023437500118e+02,-7.941141221784928916e+01
4.679621953125000005e+02,-7.283845816851817290e+01
4.679624882812499891e+02,-7.636189060705137877e+01
4.679627812500000346e+02,-8.547631951423625196e+01
4.679630742187500232e+02,-8.386457668224576878e+01
4.679633671875000118e+02,-8.351605676989055382e+01
4.679636601562500005e+02,-8.082152820288033013e+01
4.679639531249999891e+02,-7.842954960187805113e+01
4.679642460937500346e+02,-8.999205993163764106e+01
4.679645390625000232e+02,-7.883602559184140546e+01
4.679648320312500118e+02,-7.775543464316277209e+01
4.679651250000000005e+02,-8.116052618330256507e+01
4.679654179687499891e+02,-7.722216494743861404e+01
4.679657109375000346e+02,-8.606518629596963876e+01
4.679660039062500232e+02,-9.505799964480547715e+01
4.679662968750000118e+02,-9.015697223829732820e+01
4.679665898437500005e+02,-8.595456975293529922e+01
4.679668828124999891e+02,-8.106959306491114603e+01
4.679671757812500346e+02,-8.043393260063916728e+01
4.679674687500000232e+02,-9.078470917921913497e+01
4.679677617187500118e+02,-8.439605430549390519e+01
4.679680546875000005e+02,-8.349280141931151888e+01
4.679683476562499891e+02,-8.358092570584501857e+01
4.679686406250000346e+02,-8.477209698425325257e+01
4.679689335937500232e+02,-8.625659942006548420e+01
4.679692265625000118e+02,-7.988697067265982810e+01
4.679695195312500005e+02,-7.776248046654630741e+01
4.679698124999999891e+02,-8.677246423139192189e+01
4.679701054687500346e+02,-9.249543166347281442e+01
4.679703984375000232e+02,-8.885371212056300294e+01
4.679706914062500118e+02,-8.294671350142293420e+01
4.679709843750000005e+02,-7.716714770232270837e+01
4.679712773437499891e+02,-8.060622609917854220e+01
4.679715703125000346e+02,-8.886361781978301622e+01
4.679718632812500232e+02,-7.774282722426228531e+01
4.679721562500000118e+02,-7.797292523075934412e+01
4.679724492187500005e+02,-8.094428730525082472e+01
4.679727421874999891e+02,-8.234109505363535675e+01
4.679730351562500346e+02,-8.299105268716536443e+01
4.679733281250000232e+02,-9.337035815390382254e+01
4.679736210937500118e+02,-9.053104613294340197e+01
4.679739140625000005e+02,-8.554031436595386140e+01
4.679742070312499891e+02,-8.521731018188944518e+01
4.679745000000000346e+02,-7.946004127035510578e+01
4.679747929687500232e+02,-7.809813232126660409e+01
4.679750859375000118e+02,-8.712924596044544501e+01
4.679753789062500005e+02,-8.103373059319380900e+01
4.679756718749999891e+02,-7.774394904299343523e+01
4.679759648437500346e+02,-8.446148890417080679e+01
4.679762578125000232e+02,-8.365149679364992608e+01
4.679765507812500118e+02,-8.277062525902056223e+01
4.679768437500000005e+02,-7.926114070830359992e+01
4.679771367187499891e+02,-1.073500536705305421e+02
4.679774296875000346e+02,-8.070508340184264284e+01
4.679777226562500232e+02,-8.285592582780495263e+01
4.679780156250000118e+02,-9.431914054574372130e+01
4.679783085937500005e+02,-8.230424164384385222e+01
4.679786015624999891e+02,-8.178309426549651562e+01
4.679788945312500346e+02,-8.080742601124576652e+01
4.679791875000000232e+02,-8.212637689670202690e+01
4.679794804687500118e+02,-8.205886590768318456e+01
4.679797734375000005e+02,-9.316008841167680998e+01
4.679800664062499891e+02,-8.134263072809031314e+01
4.679803593750000346e+02,-8.233411026685202216e+01
4.679806523437500232e+02,-8.292198749545720204e+01
4.679809453125000118e+02,-7.897035816462059188e+01
4.679812382812500005e+02,-7.677056497270474722e+01
4.679815312499999891e+02,-7.339190430974089452e+01
4.679818242187500346e+02,-7.721048547005295859e+01
4.679821171875000232e+02,-8.172242792934446243e+01
4.679824101562500118e+02,-8.382179581225221909e+01
4.679827031250000005e+02,-8.624529280549080568e+01
4.679829960937499891e+02,-8.728314524748105896e+01
4.679832890625000346e+02,-8.439494789192167445e+01
4.679835820312500232e+02,-8.029902598905894706e+01
4.679838750000000118e+02,-8.012808252343596394e+01
4.679841679687500005e+02,-8.971472243016791026e+01
4.679844609374999891e+02,-8.550987611970876401e+01
4.679847539062500346e+02,-8.069816326951028884e+01
4.679850468750000232e+02,-7.697114380113808352e+01
4.679853398437500118e+02,-8.535540378061989486e+01
4.679856328125000005e+02,-8.648666367640072394e+01
4.679859257812499891e+02,-8.484909757606673963e+01
4.679862187500000346e+02,-8.558682037074561322e+01
4.679865117187500232e+02,-7.638118675098006349e+01
4.679868046875000118e+02,-7.660139235203330088e+01
4.679870976562500005e+02,-7.504577191454514207e+01
4.679873906249999891e+02,-7.854942983973866433e+01
4.679876835937500346e+02,-9.010830764709888285e+01
4.679879765625000232e+02,-1.124277414578554328e+02
4.679882695312500118e+02,-9.248130994696282414e+01
4.679885625000000005e+02,-9.088173414819921447e+01
4.679888554687499891e+02,-8.682852441907472496e+01
4.679891484375000346e+02,-9.370507281246838716e+01
4.679894414062500232e+02,-8.545260222890091484e+01
4.679897343750000118e+02,-7.863495564760442846e+01
4.679900273437500005e+02,-8.386535846389813287e+01
4.679903203124999891e+02,-8.578447823443167408e+01
4.679906132812500346e+02,-8.179193600101710615e+01
4.679909062500000232e+02,-8.009749159700545817e+01
4.679911992187500118e+02,-8.317489610573625214e+01
4.679914921875000005e+02,-8.923645982794081988e+01
4.679917851562499891e+02,-8.633386246681274656e+01
4.679920781250000346e+02,-8.282888533263701447e+01
4.679923710937500232e+02,-8.782020341000871611e+01
4.679926640625000118e+02,-7.714256210702642136e+01
4.679929570312500005e+02,-7.475209602488348537e+01
4.679932499999999891e+02,-7.849001219832497611e+01
4.679935429687500346e+02,-8.080524099446495256e+01
4.679938359375000232e+02,-7.710990525511974170e+01
4.679941289062500118e+02,-8.138008603219715553e+01
4.679944218750000005e+02,-8.480261769064840394e+01
4.679947148437499891e+02,-8.049985554342094929e+01
4.679950078125000346e+02,-8.217502440587904289e+01
4.679953007812500232e+02,-8.694296425244219506e+01
4.679955937500000118e+02,-7.767548907200944086e+01
4.679958867187500005e+02,-7.714680696565446283e+01
4.679961796874999891e+02,-8.193826820437665504e+01
4.679964726562500346e+02,-9.148176270829104340e+01
4.679967656250000232e+02,-8.377949208188651653e+01
4.679970585937500118e+02,-8.074168987942776710e+01
4.679973515625000005e+02,-8.853923949811671434e+01
4.679976445312499891e+02,-9.649935555050706171e+01
4.679979375000000346e+02,-8.343828479117100017e+01
4.679982304687500232e+02,-8.041033931041931737e+01
4.679985234375000118e+02,-7.878735870304292632e+01
4.679988164062500005e+02,-7.955992900757020436e+01
4.679991093749999891e+02,-8.878080286090870743e+01
4.679994023437500346e+02,-8.795125359799865805e+01
4.679996953125000232e+02,-7.801555192134338768e+01
4.679999882812500118e+02,-8.354118852919584981e+01
4.680002812500000005e+02,-8.135406436003877673e+01
4.680005742187499891e+02,-7.914019275108474005e+01
4.680008671875000346e+02,-8.794681535597185018e+01
4.680011601562500232e+02,-9.228258907484647011e+01
4.680014531250000118e+02,-9.322419169849183618e+01
4.680017460937500005e+02,-8.348379171539207277e+01
4.680020390624999891e+02,-8.535576384771927394e+01
4.680023320312500346e+02,-7.913475243852322194e+01
4.680026250000000232e+02,-7.603301289826899279e+01
4.680029179687500118e+02,-7.697828101277488599e+01
4.680032109375000005e+02,-7.839297330491289983e+01
4.680035039062499891e+02,-8.902984837524471118e+01
4.680037968750000346e+02,-8.535304477022813785e+01
4.680040898437500232e+02,-7.734356164725261351e+01
4.680043828125000118e+02,-7.633014760625718509e+01
4.680046757812500005e+02,-7.791928517755866324e+01
4.680049687499999891e+02,-8.111123613997058612e+01
4.680052617187500346e+02,-8.088495957110691847e+01
4.680055546875000232e+02,-8.138821512024271954e+01
4.680058476562500118e+02,-8.769662486446266314e+01
4.680061406250000005e+02,-8.660857161574739393e+01
4.680064335937499891e+02,-8.381680992426606736e+01
4.680067265625000346e+02,-8.710204169331042579e+01
4.680070195312500232e+02,-9.137795742354732909e+01
4.680073125000000118e+02,-8.665844697061501734e+01
4.680076054687500005e+02,-8.091914494708490224e+01
4.680078984374999891e+02,-8.526926256617669253e+01
4.680081914062500346e+02,-8.510722112572501885e+01
4.680084843750000232e+02,-8.249396283970136778e+01
4.680087773437500118e+02,-7.753369680457223012e+01
4.680090703125000005e+02,-7.935926631788527175e+01
4.680093632812499891e+02,-8.251715604944700999e+01
4.680096562500000346e+02,-8.160786305142381991e+01
4.680099492187500232e+02,-8.238919088725083384e+01
4.680102421875000118e+02,-8.134640075039104090e+01
4.680105351562500005e+02,-8.112529162032430463e+01
4.680108281249999891e+02,-8.447952780242523829e+01
4.680111210937500346e+02,-8.262625322732461086e+01
4.680114140625000232e+02,-8.047126981639094367e+01
4.680117070312500118e+02,-8.896151756484405837e+01
4.680120000000000005e+02,-8.161492110468047656e+01
4.680122929687499891e+02,-9.217986859889904849e+01
4.680125859375000346e+02,-8.644405176890897735e+01
4.680128789062500232e+02,-9.107327205376188317e+01
4.680131718750000118e+02,-9.145947090554108172e+01
4.680134648437500005e+02,-1.047217194361294048e+02
4.680137578124999891e+02,-8.175343826303974026e+01
4.680140507812500346e+02,-7.643308778566125739e+01
4.680143437500000232e+02,-7.659261195436293690e+01
4.680146367187500118e+02,-7.825204881210721908e+01
4.680149296875000005e+02,-8.664213231778077784e+01
4.680152226562499891e+02,-1.080929749430659115e+02
4.680155156250000346e+02,-8.420966017549234550e+01
4.680158085937500232e+02,-7.697312513611747420e+01
4.680161015625000118e+02,-8.034933584514980964e+01
4.680163945312500005e+02,-9.209327927079928600e+01
4.680166874999999891e+02,-8.264462141432737496e+01
4.680169804687500346e+02,-8.972389755144951096e+01
4.680172734375000232e+02,-7.953172533352885409e+01
4.680175664062500118e+02,-7.837866841707855770e+01
4.680178593750000005e+02,-8.156199475096153151e+01
4.680181523437499891e+02,-8.862683915189094819e+01
4.680184453125000346e+02,-8.044977255358334389e+01
4.680187382812500232e+02,-8.101631105700914759e+01
4.680190312500000118e+02,-8.484969492513459954e+01
4.680193242187500005e+02,-7.997594615478742242e+01
4.680196171874999891e+02,-7.860390817064835289e+01
4.680199101562500346e+02,-8.181266556366523446e+01
4.680202031250000232e+02,-9.913377538152570878e+01
4.680204960937500118e+02,-7.926582726167089277e+01
4.680207890625000005e+02,-7.751376205575436984e+01
4.680210820312499891e+02,-7.937967354651983953e+01
4.680213750000000346e+02,-8.200774949958250204e+01
4.680216679687500232e+02,-9.139129846090484932e+01
4.680219609375000118e+02,-9.782850973989124554e+01
4.680222539062500005e+02,-8.694907680250487658e+01
4.680225468749999891e+02,-8.531360313335545698e+01
4.680228398437500346e+02,-8.797560935347517841e+01
4.680231328125000232e+02,-8.185154651961235572e+01
4.680234257812500118e+02,-7.908798507241799314e+01
4.680237187500000005e+02,-7.947286363375695828e+01
4.680240117187499891e+02,-8.423659302356996648e+01
4.680243046875000346e+02,-8.037602163141258416e+01
4.680245976562500232e+02,-8.247744011331228364e+01
4.680248906250000118e+02,-8.143545641796613666e+01
4.680251835937500005e+02,-8.029461998366463149e+01
4.680254765624999891e+02,-8.020071671710488204e+01
4.680257695312500346e+02,-8.493327693652508970e+01
4.680260625000000232e+02,-9.282348910703214528e+01
4.680263554687500118e+02,-8.481548100234715548e+01
4.680266484375000005e+02,-8.131373037643268731e+01
4.680269414062499891e+02,-7.629899539692968347e+01
4.680272343750000346e+02,-7.775902515229877565e+01
4.680275273437500232e+02,-7.897821953152325136e+01
4.680278203125000118e+02,-8.184346504274694212e+01
4.680281132812500005e+02,-8.980207067317411429e+01
4.680284062499999891e+02,-8.654937152252765031e+01
4.680286992187500346e+02,-8.524481053849419254e+01
4.680289921875000232e+02,-7.719787944247029543e+01
4.680292851562500118e+02,-8.543745363229886891e+01
4.680295781250000005e+02,-7.785293284233534905e+01
4.680298710937499891e+02,-7.979960924414410783e+01
4.680301640625000346e+02,-9.382027761515846009e+01
4.680304570312500232e+02,-8.463431488850970652e+01
4.680307500000000118e+02,-8.047441994017013656e+01
4.680310429687500005e+02,-8.353678907631886830e+01
4.680313359374999891e+02,-8.085235080419568021e+01
4.680316289062500346e+02,-8.443148368349417865e+01
4.680319218750000232e+02,-9.701433847545244760e+01
4.680322148437500118e+02,-8.467253561267244777e+01
4.680325078125000005e+02,-8.250595745569712847e+01
4.680328007812499891e+02,-8.079191021570289877e+01
4.680330937500000346e+02,-7.670822082236963979e+01
4.680333867187500232e+02,-8.022101306508940866e+01
4.680336796875000118e+02,-8.086664183202762501e+01
4.680339726562500005e+02,-7.895373676529744955e+01
4.680342656249999891e+02,-8.070236682203287160e+01
4.680345585937500346e+02,-8.910512703680994662e+01
4.680348515625000232e+02,-8.121421858761542012e+01
4.680351445312500118e+02,-8.236845465511663633e+01
4.680354375000000005e+02,-8.846438871261179315e+01
4.680357304687499891e+02,-9.360875346027785326e+01
4.680360234375000346e+02,-8.327932005976748542e+01
4.680363164062500232e+02,-7.945102407151415491e+01
4.680366093750000118e+02,-7.801358539599419828e+01
4.680369023437500005e+02,-8.303301359056342790e+01
4.680371953124999891e+02,-7.763791243678193155e+01
4.680374882812500346e+02,-7.954752717322872968e+01
4.680377812500000232e+02,-9.341622487761571847e+01
4.680380742187500118e+02,-8.304699985850439248e+01
4.680383671875000005e+02,-8.022122195544683620e+01
4.680386601562499891e+02,-8.010915791654169027e+01
4.680389531250000346e+02,-7.767554329340433128e+01
4.680392460937500232e+02,-7.897459499839422392e+01
4.680395390625000118e+02,-8.361713793118462945e+01
4.680398320312500005e+02,-8.648805004467020296e+01
4.680401249999999891e+02,-8.708007083470991461e+01
4.680404179687500346e+02,-8.230850866686198231e+01
4.680407109375000232e+02,-9.222673886503848451e+01
4.680410039062500118e+02,-7.880804379056807818e+01
4.680412968750000005e+02,-8.337018631578223449e+01
4.680415898437499891e+02,-8.651260766442328531e+01
4.680418828125000346e+02,-8.390765396132155729e+01
4.680421757812500232e+02,-8.847496487643959995e+01
4.680424687500000118e+02,-7.914449025712055175e+01
4.680427617187500005e+02,-8.398717788789261363e+01
4.680430546874999891e+02,-9.022978486318807256e+01
4.680433476562500346e+02,-8.226948044501318691e+01
4.680436406250000232e+02,-8.688213434097036725e+01
4.680439335937500118e+02,-8.378238201372556659e+01
4.680442265625000005e+02,-8.307921703329667196e+01
4.680445195312499891e+02,-8.370834320157970865e+01
4.680448125000000346e+02,-8.089881054747515066e+01
4.680451054687500232e+02,-7.692940472129754426e+01
4.680453984375000118e+02,-7.795195766106527913e+01
4.680456914062500005e+02,-8.348871395102088400e+01
4.680459843749999891e+02,-8.159350959071713305e+01
4.680462773437500346e+02,-8.165144846766810360e+01
4.680465703125000232e+02,-8.708126605531580822e+01
4.680468632812500118e+02,-8.545155307753421425e+01
4.680471562500000005e+02,-8.309984586794995209e+01
4.680474492187499891e+02,-7.722717939088576600e+01
4.680477421875000346e+02,-7.803458336937777062e+01
4.680480351562500232e+02,-8.266122662423258305e+01
4.680483281250000118e+02,-8.918874584757097068e+01
4.680486210937500005e+02,-8.166496742375568374e+01
4.680489140624999891e+02,-7.461379257748487248e+01
4.680492070312500346e+02,-7.850485376797480797e+01
4.680495000000000232e+02,-7.687443705101341607e+01
4.680497929687500118e+02,-7.754280496457057836e+01
4.680500859375000005e+02,-8.085542641470972569e+01
4.680503789062499891e+02,-7.632813742655251588e+01
4.680506718750000346e+02,-7.820670235177874474e+01
4.680509648437500232e+02,-8.570508464875811683e+01
4.680512578125000118e+02,-9.431557266157041397e+01
4.680515507812500005e+02,-8.100493375230263382e+01
4.680518437499999891e+02,-7.844219883196129217e+01
4.680521367187500346e+02,-8.557538162875631826e+01
4.680524296875000232e+02,-7.714954568092437626e+01
4.680527226562500118e+02,-7.446773025681194724e+01
4.680530156250000005e+02,-7.454034084088780787e+01
4.680533085937499891e+02,-8.428922925397556298e+01
4.680536015625000346e+02,-9.226128928539563390e+01
4.680538945312500232e+02,-1.108622608707286759e+02
4.680541875000000118e+02,-8.439248402569445773e+01
4.680544804687500005e+02,-8.720837828727056262e+01
4.680547734374999891e+02,-8.110817300064256585e+01
4.680550664062500346e+02,-8.479009215744059702e+01
4.680553593750000232e+02,-8.676480870376069277e+01
4.680556523437500118e+02,-8.121862130425157034e+01
4.680559453125000005e+02,-8.373602057337498650e+01
4.680562382812499891e+02,-8.920593366383639022e+01
4.680565312500000346e+02,-8.105159717340947623e+01
4.680568242187500232e+02,-8.008713061207279793e+01
4.680571171875000118e+02,-8.718190617448784963e+01
4.680574101562500005e+02,-8.500172419147105529e+01
4.680577031249999891e+02,-8.212594923559530002e+01
4.680579960937500346e+02,-8.018975258733914302e+01
4.680582890625000232e+02,-8.665398408107853356e+01
4.680585820312500118e+02,-9.466611775243535476e+01
4.680588750000000005e+02,-8.601585227083118923e+01
4.680591679687499891e+02,-8.274090165393387508e+01
4.680594609375000346e+02,-8.385806116730877591e+01
4.680597539062500232e+02,-8.460454318855792621e+01
4.680600468750000118e+02,-8.740487007298060007e+01
4.680603398437500005e+02,-8.142840776754692911e+01
4.680606328124999891e+02,-8.017460808685767404e+01
4.680609257812500346e+02,-8.502548122637215045e+01
4.680612187500000232e+02,-8.789044733387903818e+01
4.680615117187500118e+02,-8.552009896642793763e+01
4.680618046875000005e+02,-8.145511636328323846e+01
4.680620976562499891e+02,-7.664997938547243450e+01
4.680623906250000346e+02,-7.679416287111369854e+01
4.680626835937500232e+02,-8.200910995062967856e+01
4.680629765625000118e+02,-8.520545428107405428e+01
4.680632695312500005e+02,-7.941875019592896479e+01
4.680635624999999891e+02,-8.395815010122780109e+01
4.680638554687500346e+02,-7.658604985289831291e+01
4.680641484375000232e+02,-8.605838770562280615e+01
4.680644414062500118e+02,-1.024161576116106431e+02
4.680647343750000005e+02,-9.370227198335271623e+01
4.680650273437499891e+02,-1.034160614033040702e+02
4.680653203125000346e+02,-8.449090382594236814e+01
4.680656132812500232e+02,-8.198434535946979906e+01
4.680659062500000118e+02,-8.269301204650615489e+01
4.680661992187500005e+02,-9.076497913782796445e+01
4.680664921874999891e+02,-8.690613139568463907e+01
4.680667851562500346e+02,-8.044413094280693599e+01
4.680670781250000232e+02,-8.652937514127613383e+01
4.680673710937500118e+02,-8.556973880942661026e+01
4.680676640625000005e+02,-7.670325822010751438e+01
4.680679570312499891e+02,-7.761802150625477736e+01
4.680682500000000346e+02,-7.838267112248951207e+01
4.680685429687500232e+02,-7.849117432357414259e+01
4.680688359375000118e+02,-8.435878863404413153e+01
4.680691289062500005e+02,-8.538760688977387758e+01
4.680694218749999891e+02,-8.019515382248322055e+01
4.680697148437500346e+02,-7.683758756204581175e+01
4.680700078125000232e+02,-7.645760469089798050e+01
4.680703007812500118e+02,-7.715780995476001181e+01
4.680705937500000005e+02,-1.024449846250267484e+02
4.680708867187499891e+02,-8.423345908807442584e+01
4.680711796875000346e+02,-8.623413291109147849e+01
4.680714726562500232e+02,-9.246345862932597015e+01
4.680717656250000118e+02,-8.566432791317649276e+01
4.680720585937500005e+02,-8.149693680752943692e+01
4.680723515624999891e+02,-8.149064091392146736e+01
4.680726445312500346e+02,-7.854417624636856488e+01
4.680729375000000232e+02,-8.358516791338337271e+01
4.680732304687500118e+02,-9.333420256889704092e+01
4.680735234375000005e+02,-8.186670811628084721e+01
4.680738164062499891e+02,-8.311927609227977598e+01
4.680741093750000346e+02,-8.455589183811015630e+01
4.680744023437500232e+02,-7.944571709278386606e+01
4.680746953125000118e+02,-7.944674134093065732e+01
4.680749882812500005e+02,-8.298566931693420656e+01
4.680752812499999891e+02,-7.757136816011556846e+01
4.680755742187500346e+02,-8.140007891245008409e+01
4.680758671875000232e+02,-9.524588485979576546e+01
4.680761601562500118e+02,-8.813467660056458897e+01
4.680764531250000005e+02,-8.331220481392608690e+01
4.680767460937499891e+02,-8.295669008084239238e+01
4.680770390625000346e+02,-8.657924719965041049e+01
4.680773320312500232e+02,-8.634307341867722130e+01
4.680776250000000118e+02,-8.705016114830038987e+01
4.680779179687500005e+02,-9.119339882978353273e+01
4.680782109374999891e+02,-8.887879135077683657e+01
4.680785039062500346e+02,-8.319909563366900329e+01
4.680787968750000232e+02,-7.947665837022260860e+01
4.680790898437500118e+02,-8.834446468844865308e+01
4.680793828125000005e+02,-8.052697258407697234e+01
4.680796757812499891e+02,-7.703169685532579081e+01
4.680799687500000346e+02,-7.869325973881053926e+01
4.680802617187500232e+02,-8.442827040154696761e+01
4.680805546875000118e+02,-8.693272894723912714e+01
4.680808476562500005e+02,-8.449108713533939863e+01
4.680811406249999891e+02,-8.064749571362837344e+01
4.680814335937500346e+02,-8.739305435899115082e+01
4.680817265625000232e+02,-9.279958114460399088e+01
4.680820195312500118e+02,-8.785888480681606438e+01
4.680823125000000005e+02,-8.598882131552559827e+01
4.680826054687499891e+02,-1.014242586246889601e+02
4.680828984375000346e+02,-9.210138530540837110e+01
4.680831914062500232e+02,-9.156485781299488735e+01
4.680834843750000118e+02,-8.022210689633197944e+01
4.680837773437500005e+02,-8.102731893412423858e+01
4.680840703124999891e+02,-1.008006689227348716e+02
4.680843632812500346e+02,-9.434797662898986914e+01
4.680846562500000232e+02,-8.628577817079465717e+01
4.680849492187500118e+02,-7.613453717554067168e+01
4.680852421875000005e+02,-7.594523334436127016e+01
4.680855351562499891e+02,-7.987110559091796347e+01
4.680858281250000346e+02,-8.567252401696457298e+01
4.680861210937500232e+02,-8.437767268427533907e+01
4.680864140625000118e+02,-8.589667572835901410e+01
4.680867070312500005e+02,-7.996953282325691248e+01
4.680869999999999891e+02,-7.960118957820375840e+01
4.680872929687500346e+02,-8.102474432752825351e+01
4.680875859375000232e+02,-8.486579149685090329e+01
4.680878789062500118e+02,-8.169766377756785403e+01
4.680881718750000005e+02,-7.748808004240048319e+01
4.680884648437499891e+02,-8.057779755703096214e+01
4.680887578125000346e+02,-9.432778606428053081e+01
4.680890507812500232e+02,-9.422119055180428404e+01
4.680893437500000118e+02,-8.204017953313324085e+01
4.680896367187500005e+02,-7.837455282040792781e+01
4.680899296874999891e+02,-8.606219658230858727e+01
4.680902226562500346e+02,-8.513854078762301469e+01
4.680905156250000232e+02,-9.048678870858424261e+01
4.680908085937500118e+02,-8.385620889760929231e+01
4.680911015625000005e+02,-8.308340128045759343e+01
4.680913945312499891e+02,-7.545793358818696106e+01
4.680916875000000346e+02,-7.777076975404926884e+01
4.680919804687500232e+02,-8.821213523205656770e+01
4.680922734375000118e+02,-7.752819577722772237e+01
4.680925664062500005e+02,-8.006814958484480371e+01
4.680928593749999891e+02,-9.769478725096108462e+01
4.680931523437500346e+02,-9.127722614166989956e+01
4.680934453125000232e+02,-9.496841515881889961e+01
4.680937382812500118e+02,-8.900890041218229953e+01
4.680940312500000005e+02,-8.552535562780326472e+01
4.680943242187499891e+02,-8.074578169330990818e+01
4.680946171875000346e+02,-7.579803520350168355e+01
4.680949101562500232e+02,-7.914946305581084118e+01
4.680952031250000118e+02,-7.975822178087490499e+01
4.680954960937500005e+02,-7.973651294455871152e+01
4.680957890624999891e+02,-7.832294601634913533e+01
4.680960820312500346e+02,-8.325850492142461690e+01
4.680963750000000232e+02,-8.502816464723763090e+01
4.680966679687500118e+02,-8.584695189925074033e+01
4.680969609375000005e+02,-8.886212360943817146e+01
4.680972539062499891e+02,-8.910632359220943499e+01
4.680975468750000346e+02,-8.815320800641077881e+01
4.680978398437500232e+02,-7.873396955095323335e+01
4.680981328125000118e+02,-7.646699432244012939e+01
4.680984257812500005e+02,-8.365404157837259902e+01
4.680987187499999891e+02,-9.917534965793252866e+01
4.680990117187500346e+02,-8.714177744314054053e+01
4.680993046875000232e+02,-8.226714778686584850e+01
4.680995976562500118e+02,-8.581164187185478909e+01
4.680998906250000005e+02,-8.985717078932304958e+01
4.681001835937499891e+02,-8.928205694687370908e+01
4.681004765625000346e+02,-8.653732633583935296e+01
4.681007695312500232e+02,-9.516213931129328785e+01
4.681010625000000118e+02,-8.933839508550649100e+01
4.681013554687500005e+02,-8.159207738114680808e+01
4.681016484374999891e+02,-8.051847383141470971e+01
4.681019414062500346e+02,-8.926264602858672959e+01
4.681022343750000232e+02,-9.050688720464414416e+01
4.681025273437500118e+02,-8.655633995571503192e+01
4.681028203125000005e+02,-9.398049809699966772e+01
4.681031132812499891e+02,-9.397900997549372448e+01
4.681034062500000346e+02,-8.343584106482262541e+01
4.681036992187500232e+02,-8.479808649235799578e+01
4.681039921875000118e+02,-8.345457963473199925e+01
4.681042851562500005e+02,-8.398703626300581959e+01
4.681045781249999891e+02,-8.061454342721070532e+01
4.681048710937500346e+02,-8.486770847734705114e+01
4.681051640625000232e+02,-8.118071488321767504e+01
4.681054570312500118e+02,-8.402134387073476773e+01
4.681057500000000005e+02,-8.656717855374184012e+01
4.681060429687499891e+02,-8.395267013266615663e+01
4.681063359375000346e+02,-8.894197500635043241e+01
4.681066289062500232e+02,-8.473645202794764941e+01
4.681069218750000118e+02,-8.833275324081881763e+01
4.681072148437500005e+02,-8.941192230368976368e+01
4.681075078124999891e+02,-1.096033163934626771e+02
4.681078007812500346e+02,-8.593253432644657153e+01
4.681080937500000232e+02,-8.333715446348688261e+01
4.681083867187500118e+02,-8.715792024842940577e+01
4.681086796875000005e+02,-8.578672695757491340e+01
4.681089726562499891e+02,-9.217947337973676269e+01
4.681092656250000346e+02,-8.025601120486629725e+01
4.681095585937500232e+02,-8.357801931538837437e+01
4.681098515625000118e+02,-8.147763110635919759e+01
4.681101445312500005e+02,-8.314446833140215176e+01
4.681104374999999891e+02,-8.173330998674501302e+01
4.681107304687500346e+02,-8.012387904255874105e+01
4.681110234375000232e+02,-9.100936654304227602e+01
4.681113164062500118e+02,-8.258899499327993965e+01
4.681116093750000005e+02,-7.912187767042944131e+01
4.681119023437499891e+02,-8.714608992829323597e+01
4.681121953125000346e+02,-1.101062546123311137e+02
4.681124882812500232e+02,-1.007209042398955745e+02
4.681127812500000118e+02,-8.231449443113388043e+01
4.681130742187500005e+02,-8.068622195198531699e+01
4.681133671874999891e+02,-8.237229299197223042e+01
4.681136601562500346e+02,-8.904644740300753369e+01
4.681139531250000232e+02,-8.540316686689718040e+01
4.681142460937500118e+02,-9.094894084042847737e+01
4.681145390625000005e+02,-8.145562531530885053e+01
4.681148320312499891e+02,-8.448626221019029003e+01
4.681151250000000346e+02,-8.876548154825421477e+01
4.681154179687500232e+02,-8.294541098227637121e+01
4.681157109375000118e+02,-8.812612712430839679e+01
4.681160039062500005e+02,-8.578280133516841488e+01
4.681162968749999891e+02,-8.251374328177993789e+01
4.681165898437500346e+02,-8.638722189486483671e+01
4.681168828125000232e+02,-9.065853370058663074e+01
4.681171757812500118e+02,-7.518627776316098732e+01
4.681174687500000005e+02,-7.641660692840557090e+01
4.681177617187499891e+02,-9.371034088889828695e+01
4.681180546875000346e+02,-8.868902711330478894e+01
4.681183476562500232e+02,-9.391334784271128910e+01
4.681186406250000118e+02,-9.131162037891843397e+01
4.681189335937500005e+02,-8.677170483522090194e+01
4.681192265624999891e+02,-9.321957828082609865e+01
4.681195195312500346e+02,-8.646731487287195250e+01
4.681198125000000232e+02,-8.859719000885547757e+01
4.681201054687500118e+02,-9.254003443004087615e+01
4.681203984375000005e+02,-9.753976338019340631e+01
4.681206914062499891e+02,-8.258399059708800394e+01
4.681209843750000346e+02,-7.828477376571588309e+01
4.681212773437500232e+02,-7.690526114903462940e+01
4.681215703125000118e+02,-8.293850225941699250e+01
4.681218632812500005e+02,-9.055262313471531854e+01
4.681221562499999891e+02,-8.049816796213833925e+01
4.681224492187500346e+02,-7.882742447783618900e+01
4.681227421875000232e+02,-7.893324286968316983e+01
4.681230351562500118e+02,-9.283615972427472229e+01
4.681233281250000005e+02,-8.756513771559437487e+01
4.681236210937499891e+02,-8.398153503775321838e+01
4.681239140625000346e+02,-8.116035370100402702e+01
4.681242070312500232e+02,-8.242669564119134407e+01
4.681245000000000118e+02,-8.544712187096524758e+01
4.681247929687500005e+02,-8.388016436137448295e+01
4.681250859374999891e+02,-8.242026942699253311e+01
4.681253789062500346e+02,-8.305441043135670043e+01
4.681256718750000232e+02,-8.213774070324259924e+01
4.681259648437500118e+02,-8.367776395838055237e+01
4.681262578125000005e+02,-9.502369266215225707e+01
4.681265507812499891e+02,-9.227276446829918655e+01
4.681268437500000346e+02,-8.766411929714308826e+01
4.681271367187500232e+02,-8.218207120469514848e+01
4.681274296875000118e+02,-7.972659181218632796e+01
4.681277226562500005e+02,-7.919910974211619248e+01
4.681280156249999891e+02,-8.199754657401041413e+01
4.681283085937500346e+02,-8.225250647421339067e+01
4.681286015625000232e+02,-8.207917875732624680e+01
4.681288945312500118e+02,-8.730561860835898358e+01
4.681291875000000005e+02,-9.131220072412853028e+01
4.681294804687499891e+02,-8.922406255129602926e+01
4.681297734375000346e+02,-9.169218752237912895e+01
4.681300664062500232e+02,-8.829136697231943742e+01
4.681303593750000118e+02,-8.329027596988512983e+01
4.681306523437500005e+02,-8.593482273557910389e+01
4.681309453124999891e+02,-8.390323630419402434e+01
4.681312382812500346e+02,-8.533375117893449158e+01
4.681315312500000232e+02,-8.748492429458245567e+01
4.681318242187500118e+02,-9.330885358388876227e+01
4.681321171875000005e+02,-8.663689717498870380e+01
4.681324101562499891e+02,-7.958556445731662166e+01
4.681327031250000346e+02,-8.477839410189216096e+01
4.681329960937500232e+02,-8.261575751331815809e+01
4.681332890625000118e+02,-8.012935699641144538e+01
4.681335820312500005e+02,-8.196085355521105953e+01
4.681338749999999891e+02,-8.032059224609577086e+01
4.681341679687500346e+02,-7.924228782698564544e+01
4.681344609375000232e+02,-8.262071782256194297e+01
4.681347539062500118e+02,-8.948878739146599059e+01
4.681350468750000005e+02,-9.288024960038784172e+01
4.681353398437499891e+02,-9.426752064468657011e+01
4.681356328125000346e+02,-9.412278140024278628e+01
4.681359257812500232e+02,-8.758789612906613797e+01
4.681362187500000118e+02,-8.806659246497989102e+01
4.681365117187500005e+02,-8.659754590558273435e+01
4.681368046874999891e+02,-8.297208320557106731e+01
4.681370976562500346e+02,-1.097765596363268799e+02
4.681373906250000232e+02,-1.038444750123030076e+02
4.681376835937500118e+02,-8.211963469597216658e+01
4.681379765625000005e+02,-7.911219974624204099e+01
4.681382695312499891e+02,-8.145487057714268531e+01
4.681385625000000346e+02,-8.460657817618070453e+01
4.681388554687500232e+02,-8.072551259809583257e+01
4.681391484375000118e+02,-7.815973365730529565e+01
4.681394414062500005e+02,-8.229494450966012664e+01
4.681397343749999891e+02,-1.009028834518831843e+02
4.681400273437500346e+02,-8.498524335151304854e+01
4.681403203125000232e+02,-8.594002293605117870e+01
4.681406132812500118e+02,-7.971622546718865010e+01
4.681409062500000005e+02,-7.990972341029349479e+01
4.681411992187499891e+02,-9.086437659186276505e+01
4.681414921875000346e+02,-8.996267906256554170e+01
4.681417851562500232e+02,-8.667643531785957123e+01
4.681420781250000118e+02,-8.342178539174486218e+01
4.681423710937500005e+02,-7.975208657565134729e+01
4.681426640624999891e+02,-8.336559085290494409e+01
4.681429570312500346e+02,-9.050488172600682901e+01
4.681432500000000232e+02,-9.165120004691794975e+01
4.681435429687500118e+02,-8.798823523661668844e+01
4.681438359375000005e+02,-8.172413146504665349e+01
4.681441289062499891e+02,-8.252929004267974733e+01
4.681444218750000346e+02,-9.246188499652458859e+01
4.681447148437500232e+02,-9.332733402402114109e+01
4.681450078125000118e+02,-9.432332686878054062e+01
4.681453007812500005e+02,-8.925418782918512761e+01
4.681455937499999891e+02,-8.762457364318865416e+01
4.681458867187500346e+02,-8.203440036255479129e+01
4.681461796875000232e+02,-7.890539943326623984e+01
4.681464726562500118e+02,-9.077749345357736388e+01
4.681467656250000005e+02,-8.496647541833141304e+01
4.681470585937499891e+02,-8.557704143521148410e+01
4.681473515625000346e+02,-9.769020642010144684e+01
4.681476445312500232e+02,-8.599814328128579177e+01
4.681479375000000118e+02,-8.864857974158388743e+01
4.681482304687500005e+02,-8.710836325646428691e+01
4.681485234374999891e+02,-9.026576396087021692e+01
4.681488164062500346e+02,-8.744396407670706139e+01
4.681491093750000232e+02,-9.016634395338422792e+01
4.681494023437500118e+02,-8.785509948817370685e+01
4.681496953125000005e+02,-8.092096859468342984e+01
4.681499882812499891e+02,-8.615275047369904371e+01
4.681502812500000346e+02,-8.201340542855209037e+01
4.681505742187500232e+02,-8.045962404038611737e+01
4.681508671875000118e+02,-9.030901759503898063e+01
4.681511601562500005e+02,-8.729403890058792115e+01
4.681514531249999891e+02,-9.599160603108552436e+01
4.681517460937500346e+02,-8.293787966758146979e+01
4.681520390625000232e+02,-8.404598435310867899e+01
4.681523320312500118e+02,-7.939759746489724535e+01
4.681526250000000005e+02,-7.812141437136502020e+01
4.681529179687499891e+02,-8.555250420592416560e+01
4.681532109375000346e+02,-8.231541929154880677e+01
4.681535039062500232e+02,-8.330462535625417786e+01
4.681537968750000118e+02,-8.458584692958962137e+01
4.681540898437500005e+02,-7.868290456710180081e+01
4.681543828124999891e+02,-8.050245846192227361e+01
4.681546757812500346e+02,-9.146774907744773486e+01
4.681549687500000232e+02,-9.321786909976465552e+01
4.681552617187500118e+02,-8.174889506011210472e+01
4.681555546875000005e+02,-8.212413672654497532e+01
4.681558476562499891e+02,-8.702244333596480885e+01
4.681561406250000346e+02,-8.857968691191750565e+01
4.681564335937500232e+02,-8.845509685026884483e+01
4.681567265625000118e+02,-9.487835269040941455e+01
4.681570195312500005e+02,-9.083011856259629724e+01
4.681573124999999891e+02,-9.167649246361834514e+01
4.681576054687500346e+02,-9.986295530004926491e+01
4.681578984375000232e+02,-8.233798256410800320e+01
4.681581914062500118e+02,-8.508380061924241033e+01
4.681584843750000005e+02,-8.682683860555110300e+01
4.681587773437499891e+02,-8.427608985919819418e+01
4.681590703125000346e+02,-8.296899978165512834e+01
4.681593632812500232e+02,-8.427688452603915437e+01
4.681596562500000118e+02,-8.355484706669923867e+01
4.681599492187500005e+02,-8.849506606172248269e+01
4.681602421874999891e+02,-8.621763565331640677e+01
4.681605351562500346e+02,-9.002629331349479003e+01
4.681608281250000232e+02,-8.422062512815810464e+01
4.681611210937500118e+02,-8.593017645900340540e+01
4.681614140625000005e+02,-9.709831173795518566e+01
4.681617070312499891e+02,-9.195177428256485541e+01
4.681620000000000346e+02,-9.706657514886877891e+01
4.681622929687500232e+02,-8.643602145832002748e+01
4.681625859375000118e+02,-9.090907634892082001e+01
4.681628789062500005e+02,-8.500262356058831870e+01
4.681631718749999891e+02,-8.192497613260839273e+01
4.681634648437500346e+02,-8.300711556041227368e+01
4.681637578125000232e+02,-8.436079216832995087e+01
4.681640507812500118e+02,-8.898420002735198864e+01
4.681643437500000005e+02,-8.191676811076773390e+01
4.681646367187499891e+02,-7.792317500354459980e+01
4.681649296875000346e+02,-7.777513151637407418e+01
4.681652226562500232e+02,-8.367971405490669667e+01
4.681655156250000118e+02,-8.648255320603962559e+01
4.681658085937500005e+02,-8.169717701036015001e+01
4.681661015624999891e+02,-8.012720691103167781e+01
4.681663945312500346e+02,-8.271919800213981944e+01
4.681666875000000232e+02,-8.650680717674786990e+01
4.681669804687500118e+02,-9.064796420642942110e+01
4.681672734375000005e+02,-8.747333474497594352e+01
4.681675664062499891e+02,-8.576690581558976589e+01
4.681678593750000346e+02,-8.391242961779536813e+01
4.681681523437500232e+02,-9.006478582900030005e+01
4.681684453125000118e+02,-8.830779127041500942e+01
4.681687382812500005e+02,-8.736150237592863732e+01
4.681690312499999891e+02,-1.006807695012841180e+02
4.681693242187500346e+02,-8.801453886013815975e+01
4.681696171875000232e+02,-9.510088879001214934e+01
4.681699101562500118e+02,-9.121606704132670984e+01
4.681702031250000005e+02,-8.724513598722531071e+01
4.681704960937499891e+02,-8.046708893484992586e+01
4.681707890625000346e+02,-7.685266594303415388e+01
4.681710820312500232e+02,-8.072199202046105881e+01
4.681713750000000118e+02,-1.016748497781259175e+02
4.681716679687500005e+02,-9.291622761653714235e+01
4.681719609374999891e+02,-9.142741405270975008e+01
4.681722539062500346e+02,-9.449401886243379067e+01
4.681725468750000232e+02,-8.050212530126005106e+01
4.681728398437500118e+02,-7.873994392572114975e+01
4.681731328125000005e+02,-8.163960742137103921e+01
4.681734257812499891e+02,-8.008607115987243219e+01
4.681737187500000346e+02,-7.983026231751097157e+01
4.681740117187500232e+02,-8.161206609578520954e+01
4.681743046875000118e+02,-8.437312295659364736e+01
4.681745976562500005e+02,-8.024291820341775860e+01
4.681748906249999891e+02,-8.731417786877977960e+01
4.681751835937500346e+02,-8.902676736927128331e+01
4.681754765625000232e+02,-8.446431840480565256e+01
4.681757695312500118e+02,-8.691547035362852114e+01
4.681760625000000005e+02,-9.729699318477729264e+01
4.681763554687499891e+02,-9.403233574601989631e+01
4.681766484375000346e+02,-8.615298701013715288e+01
4.681769414062500232e+02,-8.442993296670928771e+01
4.681772343750000118e+02,-8.420179161390169043e+01
4.681775273437500005e+02,-8.082005643139254403e+01
4.681778203124999891e+02,-8.488578979891521215e+01
4.681781132812500346e+02,-8.699759548167097023e+01
4.681784062500000232e+02,-8.363998748309441567e+01
4.681786992187500118e+02,-8.670186689477021957e+01
4.681789921875000005e+02,-8.345957148488061250e+01
4.681792851562499891e+02,-8.981912769644971206e+01
4.681795781250000346e+02,-8.594818651168665724e+01
4.681798710937500232e+02,-8.374651307750652052e+01
4.681801640625000118e+02,-9.444882112350528303e+01
4.681804570312500005e+02,-8.469630502443766318e+01
4.681807499999999891e+02,-8.117821967698222352e+01
4.681810429687500346e+02,-8.193746605916318515e+01
4.681813359375000232e+02,-8.552606419221055489e+01
4.681816289062500118e+02,-9.014910878606150391e+01
4.681819218750000005e+02,-8.281996556901738415e+01
4.681822148437499891e+02,-9.294539831233527138e+01
4.681825078125000346e+02,-8.589503579998684302e+01
4.681828007812500232e+02,-9.035802229623952542e+01
4.681830937500000118e+02,-7.885164367425241494e+01
4.681833867187500005e+02,-8.727422827272177130e+01
4.681836796874999891e+02,-8.807592189188427767e+01
4.681839726562500346e+02,-9.145846257504896926e+01
4.681842656250000232e+02,-9.094628221686750180e+01
4.681845585937500118e+02,-8.516347716015395974e+01
4.681848515625000005e+02,-8.703375212659008753e+01
4.681851445312499891e+02,-8.562808009604573556e+01
4.681854375000000346e+02,-8.226796360210256864e+01
4.681857304687500232e+02,-8.213943938174010384e+01
4.681860234375000118e+02,-8.056367458300587714e+01
4.681863164062500005e+02,-8.171403472865875983e+01
4.681866093749999891e+02,-8.642787532549805007e+01
4.681869023437500346e+02,-9.384973267809752429e+01
4.681871953125000232e+02,-9.523536649384163866e+01
4.681874882812500118e+02,-8.136228853041863829e+01
4.681877812500000005e+02,-8.116105154403297206e+01
4.681880742187499891e+02,-8.168764447438363163e+01
4.681883671875000346e+02,-8.129351000968398466e+01
4.681886601562500232e+02,-8.732083097205516253e+01
4.681889531250000118e+02,-8.231384519528745614e+01
4.681892460937500005e+02,-8.858154470398991975e+01
4.681895390624999891e+02,-9.032102013269133067e+01
4.681898320312500346e+02,-8.705222791975828045e+01
4.681901250000000232e+02,-9.331111616723431723e+01
4.681904179687500118e+02,-8.846862399293951285e+01
4.681907109375000005e+02,-1.013503826122762916e+02
4.681910039062499891e+02,-8.571565288837506102e+01
4.681912968750000346e+02,-8.452019817848059802e+01
4.681915898437500232e+02,-8.392660737290376005e+01
4.681918828125000118e+02,-9.052171568619529296e+01
4.681921757812500005e+02,-8.496694441266495801e+01
4.681924687499999891e+02,-8.396875842584550753e+01
4.681927617187500346e+02,-8.118194226467922192e+01
4.681930546875000232e+02,-8.174418693469607433e+01
4.681933476562500118e+02,-9.395175833738710480e+01
4.681936406250000005e+02,-7.981202869527096766e+01
4.681939335937499891e+02,-8.957059103807368672e+01
4.681942265625000346e+02,-8.963060548016132145e+01
4.681945195312500232e+02,-8.341196543846498912e+01
4.681948125000000118e+02,-8.327751961401800429e+01
4.681951054687500005e+02,-8.328847944986718232e+01
4.681953984374999891e+02,-8.298630057241300051e+01
4.681956914062500346e+02,-8.259736349580178683e+01
4.681959843750000232e+02,-8.089732999724999729e+01
4.681962773437500118e+02,-8.468970662168888452e+01
4.681965703125000005e+02,-8.414850183182828403e+01
4.681968632812499891e+02,-7.710498204500582631e+01
4.681971562500000346e+02,-7.759431530977606428e+01
4.681974492187500232e+02,-8.388829177325393971e+01
4.681977421875000118e+02,-8.639590601753056376e+01
4.681980351562500005e+02,-8.815838610329490166e+01
4.681983281249999891e+02,-8.554484352982510131e+01
4.681986210937500346e+02,-8.105974703108897472e+01
4.681989140625000232e+02,-8.520752428149515367e+01
4.681992070312500118e+02,-8.942900170953150507e+01
4.681995000000000005e+02,-9.282564987215027941e+01
4.681997929687499891e+02,-8.379735548870668538e+01
4.682000859375000346e+02,-8.530839279112591100e+01
4.682003789062500232e+02,-8.955597585804380856e+01
4.682006718750000118e+02,-9.371736338727465920e+01
4.682009648437500005e+02,-8.749634126589512562e+01
4.682012578124999891e+02,-9.618482793297017963e+01
4.682015507812500346e+02,-8.583033046667240740e+01
4.682018437500000232e+02,-8.440179651536142558e+01
4.682021367187500118e+02,-7.808227734459885028e+01
4.682024296875000005e+02,-7.772386869134030007e+01
4.682027226562499891e+02,-7.995581541994148722e+01
4.682030156250000346e+02,-7.833323826843435711e+01
4.682033085937500232e+02,-8.659881168460401568e+01
4.682036015625000118e+02,-7.871508349528400572e+01
4.682038945312500005e+02,-8.686740580552738322e+01
4.682041874999999891e+02,-9.007523350210988156e+01
4.682044804687500346e+02,-8.448465252055160590e+01
4.682047734375000232e+02,-8.413600901686452005e+01
4.682050664062500118e+02,-8.544408127637370853e+01
4.682053593750000005e+02,-8.934201445194949542e+01
4.682056523437499891e+02,-8.706155129581033236e+01
4.682059453125000346e+02,-9.731636795688496022e+01
4.682062382812500232e+02,-8.656618280689099265e+01
4.682065312500000118e+02,-8.629791414762229351e+01
4.682068242187500005e+02,-8.313528321035249746e+01
4.682071171874999891e+02,-9.091856975557712417e+01
4.682074101562500346e+02,-8.361186877382478144e+01
4.682077031250000232e+02,-8.637351885714549837e+01
4.682079960937500118e+02,-8.069050091608154673e+01
4.682082890625000005e+02,-8.296832134529782365e+01
4.682085820312499891e+02,-8.660867461529876721e+01
4.682088750000000346e+02,-8.840175388986119742e+01
4.682091679687500232e+02,-9.411831992702389016e+01
4.682094609375000118e+02,-9.402551015018187286e+01
4.682097539062500005e+02,-8.794257015543401224e+01
4.682100468749999891e+02,-8.433904242685805741e+01
4.682103398437500346e+02,-8.642384035440052514e+01
4.682106328125000232e+02,-8.498751872298710452e+01
4.682109257812500118e+02,-8.481811817495817252e+01
4.682112187500000005e+02,-8.673945409744447943e+01
4.682115117187499891e+02,-8.878291198765327863e+01
4.682118046875000346e+02,-8.842484492050078870e+01
4.682120976562500232e+02,-8.452217716956447191e+01
4.682123906250000118e+02,-8.209347175691030429e+01
4.682126835937500005e+02,-9.452739929024528465e+01
4.682129765624999891e+02,-8.641120924385580793e+01
4.682132695312500346e+02,-8.447372364217275731e+01
4.682135625000000232e+02,-8.502584014106490429e+01
4.682138554687500118e+02,-8.497018330758930915e+01
4.682141484375000005e+02,-8.140747743225344379e+01
4.682144414062499891e+02,-8.396069134900977815e+01
4.682147343750000346e+02,-8.643126981972432077e+01
4.682150273437500232e+02,-8.391091102485363251e+01
4.682153203125000118e+02,-8.244591519404463043e+01
4.682156132812500005e+02,-8.437380271946872767e+01
4.682159062499999891e+02,-8.621160476278782880e+01
4.682161992187500346e+02,-8.755133973387253832e+01
4.682164921875000232e+02,-1.017738286767041700e+02
4.682167851562500118e+02,-9.010681940347525654e+01
4.682170781250000005e+02,-8.340019854524453535e+01
4.682173710937499891e+02,-8.237744018599649110e+01
4.682176640625000346e+02,-8.388591319169991323e+01
4.682179570312500232e+02,-9.254676380641932099e+01
4.682182500000000118e+02,-9.955842751197781126e+01
4.682185429687500005e+02,-8.991769330089915968e+01
4.682188359374999891e+02,-8.707300296060473954e+01
4.682191289062500346e+02,-9.023295194408474629e+01
4.682194218750000232e+02,-8.824330189873310815e+01
4.682197148437500118e+02,-8.977599774889444006e+01
4.682200078125000005e+02,-8.458326376575378447e+01
4.682203007812499891e+02,-8.949554519083436332e+01
4.682205937500000346e+02,-8.435877159330622987e+01
4.682208867187500232e+02,-8.111974460080310223e+01
4.682211796875000118e+02,-8.079280228910030814e+01
4.682214726562500005e+02,-8.585731425657857585e+01
4.682217656249999891e+02,-8.417540263521841837e+01
4.682220585937500346e+02,-8.902204558136587309e+01
4.682223515625000232e+02,-8.166971143123504362e+01
4.682226445312500118e+02,-9.578362338580899404e+01
4.682229375000000005e+02,-8.242924449880545978e+01
4.682232304687499891e+02,-7.849941072474830150e+01
4.682235234375000346e+02,-7.828679064818271627e+01
4.682238164062500232e+02,-8.164975809293599696e+01
4.682241093750000118e+02,-8.543513432937857033e+01
4.682244023437500005e+02,-8.362014580539141662e+01
4.682246953124999891e+02,-9.083990391956288590e+01
4.682249882812500346e+02,-8.933174007183427534e+01
4.682252812500000232e+02,-9.212147015650091930e+01
4.682255742187500118e+02,-8.254927212561287320e+01
4.682258671875000005e+02,-8.023200994626790816e+01
4.682261601562499891e+02,-8.784864881919082791e+01
4.682264531250000346e+02,-8.136547063288492154e+01
4.682267460937500232e+02,-8.072578094487001010e+01
4.682270390625000118e+02,-8.623466811670446930e+01
4.682273320312500005e+02,-8.710178223367967121e+01
4.682276249999999891e+02,-8.093410423646552943e+01
4.682279179687500346e+02,-1.011610581988604736e+02
4.682282109375000232e+02,-8.245744613277891233e+01
4.682285039062500118e+02,-7.955070328692622184e+01
4.682287968750000005e+02,-7.947144595926721422e+01
4.682290898437499891e+02,-8.846272728962937038e+01
4.682293828125000346e+02,-8.616439259827524211e+01
4.682296757812500232e+02,-8.153996578347073410e+01
4.682299687500000118e+02,-8.117660908967893363e+01
4.682302617187500005e+02,-8.393978304320705774e+01
4.682305546874999891e+02,-8.243037935982150088e+01
4.682308476562500346e+02,-7.952993800827266568e+01
4.682311406250000232e+02,-8.284965199168277650e+01
4.682314335937500118e+02,-1.022597525479715586e+02
4.682317265625000005e+02,-8.183378381492141784e+01
4.682320195312499891e+02,-8.389059569476137312e+01
4.682323125000000346e+02,-8.288162593945257584e+01
4.682326054687500232e+02,-9.217284091874644503e+01
4.682328984375000118e+02,-8.893453779587488839e+01
4.682331914062500005e+02,-8.955337572686362080e+01
4.682334843749999891e+02,-8.607654710450076152e+01
4.682337773437500346e+02,-9.262036653499046679e+01
4.682340703125000232e+02,-9.210236927912450255e+01
4.682343632812500118e+02,-8.307659792799901766e+01
4.682346562500000005e+02,-8.409951266669634151e+01
4.682349492187499891e+02,-8.265504052088147091e+01
4.682352421875000346e+02,-8.605043298656565298e+01
4.682355351562500232e+02,-8.158152643846021590e+01
4.682358281250000118e+02,-8.478981558796613172e+01
4.682361210937500005e+02,-8.366573660519131295e+01
4.682364140624999891e+02,-8.379855448347021252e+01
4.682367070312500346e+02,-8.386165923838200342e+01
4.682370000000000232e+02,-7.993076266961308818e+01
4.682372929687500118e+02,-8.019430654126595925e+01
4.682375859375000005e+02,-8.167269287867738115e+01
4.682378789062499891e+02,-8.068439541349788158e+01
4.682381718750000346e+02,-8.652774371654470542e+01
4.682384648437500232e+02,-8.653993736490073729e+01
4.682387578125000118e+02,-7.907337741565130784e+01
4.682390507812500005e+02,-8.172520213611362294e+01
4.682393437499999891e+02,-8.190573161402153346e+01
4.682396367187500346e+02,-8.551904521012642135e+01
4.682399296875000232e+02,-9.635704860906470515e+01
4.682402226562500118e+02,-8.385855492203745598e+01
4.682405156250000005e+02,-8.189330347144021971e+01
4.682408085937499891e+02,-8.191309832049921624e+01
4.682411015625000346e+02,-8.379977256300148269e+01
4.682413945312500232e+02,-8.124331511013093632e+01
4.682416875000000118e+02,-8.018011723938663238e+01
4.682419804687500005e+02,-9.016559231113745909e+01
4.682422734374999891e+02,-8.550548164839570120e+01
4.682425664062500346e+02,-8.766493828787319842e+01
4.682428593750000232e+02,-8.806026229394672100e+01
4.682431523437500118e+02,-7.928764281861370478e+01
4.682434453125000005e+02,-8.109877892247612863e+01
4.682437382812499891e+02,-8.403209613235875963e+01
4.682440312500000346e+02,-1.006837290979835871e+02
4.682443242187500232e+02,-8.275799458397830222e+01
4.682446171875000118e+02,-7.998629779674421059e+01
4.682449101562500005e+02,-8.148427576073271439e+01
4.682452031249999891e+02,-8.266307452380777931e+01
4.682454960937500346e+02,-8.482110492886678799e+01
4.682457890625000232e+02,-8.794399326354584900e+01
4.682460820312500118e+02,-8.817041069034803513e+01
4.682463750000000005e+02,-8.920959375454110329e+01
4.682466679687499891e+02,-8.696417484402510922e+01
4.682469609375000346e+02,-8.295308722235917287e+01
4.682472539062500232e+02,-9.268053907785743206e+01
4.682475468750000118e+02,-8.836100675166468932e+01
4.682478398437500005e+02,-8.828343133907733886e+01
4.682481328124999891e+02,-9.162713665775271465e+01
4.682484257812500346e+02,-9.490493706242921235e+01
4.682487187500000232e+02,-9.091656000418402073e+01
4.682490117187500118e+02,-9.371431960966563679e+01
4.682493046875000005e+02,-8.792573522780271844e+01
4.682495976562499891e+02,-8.120306772909195558e+01
4.682498906250000346e+02,-7.781153628503082587e+01
4.682501835937500232e+02,-7.883910988448506885e+01
4.682504765625000118e+02,-8.695170504810920420e+01
4.682507695312500005e+02,-8.614300196906592078e+01
4.682510624999999891e+02,-7.878396957133173828e+01
4.682513554687500346e+02,-8.753333132262977756e+01
4.682516484375000232e+02,-9.168054775147389535e+01
4.682519414062500118e+02,-8.573805301488157227e+01
4.682522343750000005e+02,-8.673567701799038332e+01
4.682525273437499891e+02,-9.655695457224170752e+01
4.682528203125000346e+02,-9.386305114171062769e+01
4.682531132812500232e+02,-9.917157045887387312e+01
4.682534062500000118e+02,-9.026529408478849348e+01
4.682536992187500005e+02,-8.488268519382455679e+01
4.682539921874999891e+02,-7.903220973856582532e+01
4.682542851562500346e+02,-8.121439981935479580e+01
4.682545781250000232e+02,-8.945264035685829640e+01
4.682548710937500118e+02,-9.830368079715444196e+01
4.682551640625000005e+02,-8.135386341511838282e+01
4.682554570312499891e+02,-8.006254878063275271e+01
4.682557500000000346e+02,-8.240232779531422125e+01
4.682560429687500232e+02,-9.603337889459807286e+01
4.682563359375000118e+02,-8.278568294942965622e+01
4.682566289062500005e+02,-8.456485348552698156e+01
4.682569218749999891e+02,-8.801481640828612285e+01
4.682572148437500346e+02,-9.359614681473357223e+01
4.682575078125000232e+02,-1.010679132132336520e+02
4.682578007812500118e+02,-9.879645113353751640e+01
4.682580937500000005e+02,-9.081725313720953352e+01
4.682583867187499891e+02,-9.087445620148785963e+01
4.682586796875000346e+02,-9.463681752752489729e+01
4.682589726562500232e+02,-8.354830788031034672e+01
4.682592656250000118e+02,-7.981782586459439699e+01
4.682595585937500005e+02,-8.225224741974996334e+01
4.682598515624999891e+02,-8.227896273350199863e+01
4.682601445312500346e+02,-8.359049815841244424e+01
4.682604375000000232e+02,-8.477514855676366778e+01
4.682607304687500118e+02,-8.695156864657433005e+01
4.682610234375000005e+02,-8.752237013545746436e+01
4.682613164062499891e+02,-9.242327212727698793e+01
4.682616093750000346e+02,-8.690360080323299030e+01
4.682619023437500232e+02,-8.410900526159090873e+01
4.682621953125000118e+02,-9.173931609106114138e+01
4.682624882812500005e+02,-8.988997735782749032e+01
4.682627812499999891e+02,-9.675264905727843256e+01
4.682630742187500346e+02,-9.054499851087985007e+01
4.682633671875000232e+02,-1.014147425419815818e+02
4.682636601562500118e+02,-8.455735555672829662e+01
4.682639531250000005e+02,-8.637166348175045982e+01
4.682642460937499891e+02,-8.760245929988741409e+01
4.682645390625000346e+02,-8.464444380486565933e+01
4.682648320312500232e+02,-9.078459336305033389e+01
4.682651250000000118e+02,-8.979133200185378882e+01
4.682654179687500005e+02,-8.034295779974289076e+01
4.682657109374999891e+02,-7.754418221142474010e+01
4.682660039062500346e+02,-8.179574830376138550e+01
4.682662968750000232e+02,-8.484518929132404708e+01
4.682665898437500118e+02,-8.831509312705775017e+01
4.682668828125000005e+02,-8.116394405593744921e+01
4.682671757812499891e+02,-8.182179041016277665e+01
4.682674687500000346e+02,-7.941896747383776756e+01
4.682677617187500232e+02,-8.137209087411541475e+01
4.682680546875000118e+02,-8.433173785465055516e+01
4.682683476562500005e+02,-8.512283830989154865e+01
4.682686406249999891e+02,-9.675225548531933839e+01
4.682689335937500346e+02,-8.648625848970083041e+01
4.682692265625000232e+02,-8.280621748603719823e+01
4.682695195312500118e+02,-8.247846754019454352e+01
4.682698125000000005e+02,-8.914392824934820680e+01
4.682701054687499891e+02,-9.837851156981331258e+01
4.682703984375000346e+02,-9.596672466732869111e+01
4.682706914062500232e+02,-8.889184317333771901e+01
4.682709843750000118e+02,-8.453894515465144366e+01
4.682712773437500005e+02,-8.867867733641884342e+01
4.682715703124999891e+02,-9.163339036050970776e+01
4.682718632812500346e+02,-8.514903607018106868e+01
4.682721562500000232e+02,-8.637659431925695230e+01
4.682724492187500118e+02,-8.817209316909973893e+01
4.682727421875000005e+02,-8.006224997239085894e+01
4.682730351562499891e+02,-7.842764140069409962e+01
4.682733281250000346e+02,-8.106551638941684246e+01
4.682736210937500232e+02,-8.273370304295211497e+01
4.682739140625000118e+02,-7.935572921102679800e+01
4.682742070312500005e+02,-7.918558768901944234e+01
4.682744999999999891e+02,-8.948627255101258982e+01
4.682747929687500346e+02,-1.053713486495445295e+02
4.682750859375000232e+02,-8.352219817040280248e+01
4.682753789062500118e+02,-7.939578135082811627e+01
4.682756718750000005e+02,-7.835816095198914866e+01
4.682759648437499891e+02,-8.159854929107555677e+01
4.682762578125000346e+02,-8.412995654566799431e+01
4.682765507812500232e+02,-8.850296846233902670e+01
4.682768437500000118e+02,-8.815110193366004410e+01
4.682771367187500005e+02,-8.385170029215467480e+01
4.682774296874999891e+02,-8.531290655716378524e+01
4.682777226562500346e+02,-8.246986539816043660e+01
4.682780156250000232e+02,-8.431095834493497421e+01
4.682783085937500118e+02,-8.934719865614863465e+01
4.682786015625000005e+02,-8.410842977701570078e+01
4.682788945312499891e+02,-8.004949666348871062e+01
4.682791875000000346e+02,-7.844650266739022015e+01
4.682794804687500232e+02,-8.236372651326200867e+01
4.682797734375000118e+02,-8.359340631097749963e+01
4.682800664062500005e+02,-8.379227035551393499e+01
4.682803593749999891e+02,-8.213313341902333775e+01
4.682806523437500346e+02,-7.989261851882594101e+01
4.682809453125000232e+02,-8.116974376498161803e+01
4.682812382812500118e+02,-8.914183844411400059e+01
4.682815312500000005e+02,-8.610501938074983741e+01
4.682818242187499891e+02,-8.389767203517747873e+01
4.682821171875000346e+02,-8.511438053969621365e+01
4.682824101562500232e+02,-8.893174028367623407e+01
4.682827031250000118e+02,-8.742449518663497088e+01
4.682829960937500005e+02,-8.622388595611398898e+01
4.682832890624999891e+02,-8.224815927902277224e+01
4.682835820312500346e+02,-8.442565125355939415e+01
4.682838750000000232e+02,-9.803124733514394507e+01
4.682841679687500118e+02,-8.657318967721246850e+01
4.682844609375000005e+02,-8.022765322930938225e+01
4.682847539062499891e+02,-8.367986744059612647e+01
4.682850468750000346e+02,-8.392342023811539775e+01
4.682853398437500232e+02,-8.336521243196608566e+01
4.682856328125000118e+02,-8.719678365499325423e+01
4.682859257812500005e+02,-8.823368743384634172e+01
4.682862187499999891e+02,-8.181903583443431671e+01
4.682865117187500346e+02,-8.574504846100651889e+01
4.682868046875000232e+02,-8.505277631661185467e+01
4.682870976562500118e+02,-8.868136174923513693e+01
4.682873906250000005e+02,-8.068902340316319055e+01
4.682876835937499891e+02,-8.374944137528385113e+01
4.682879765625000346e+02,-9.209805223942024099e+01
4.682882695312500232e+02,-8.452021875046295918e+01
4.682885625000000118e+02,-9.012352116647689115e+01
4.682888554687500005e+02,-8.152964717925131310e+01
4.682891484374999891e+02,-8.254987365798172050e+01
4.682894414062500346e+02,-1.007190249610936092e+02
4.682897343750000232e+02,-8.474414872317508696e+01
4.682900273437500118e+02,-8.225225779155857708e+01
4.682903203125000005e+02,-1.075930251078698632e+02
4.682906132812499891e+02,-8.698569816829240153e+01
4.682909062500000346e+02,-8.870848430943172502e+01
4.682911992187500232e+02,-8.567827631122172249e+01
4.682914921875000118e+02,-8.477988615378991710e+01
4.682917851562500005e+02,-8.161371729034098621e+01
4.682920781249999891e+02,-8.864578010391375074e+01
4.682923710937500346e+02,-8.316178908896345945e+01
4.682926640625000232e+02,-8.111172767095473546e+01
4.682929570312500118e+02,-8.549883776546137426e+01
4.682932500000000005e+02,-8.958474518518499963e+01
4.682935429687499891e+02,-9.174801107780096743e+01
4.682938359375000346e+02,-9.097615174595306087e+01
4.682941289062500232e+02,-9.035527497673021458e+01
4.682944218750000118e+02,-8.660768810225499692e+01
4.682947148437500005e+02,-8.741722380153113647e+01
4.682950078124999891e+02,-8.329638954260127548e+01
4.682953007812500346e+02,-8.431002268724529358e+01
4.682955937500000232e+02,-8.663092774130961971e+01
4.682958867187500118e+02,-9.317602364222609879e+01
4.682961796875000005e+02,-8.899555677082125271e+01
4.682964726562499891e+02,-8.250379787963149170e+01
4.682967656250000346e+02,-7.957398777884797880e+01
4.682970585937500232e+02,-8.035605375147650875e+01
4.682973515625000118e+02,-7.770366708190496752e+01
4.682976445312500005e+02,-7.784560400961655091e+01
4.682979374999999891e+02,-8.192386722854627124e+01
4.682982304687500346e+02,-9.213830003063810636e+01
4.682985234375000232e+02,-8.369607937186763991e+01
4.682988164062500118e+02,-8.715350756184184888e+01
4.682991093750000005e+02,-8.228565629064762277e+01
4.682994023437499891e+02,-8.357550983959154678e+01
4.682996953125000346e+02,-8.734945326658781539e+01
4.682999882812500232e+02,-9.662031648179527110e+01
4.683002812500000118e+02,-8.987354423742897325e+01
4.683005742187500005e+02,-8.953144173353514645e+01
4.683008671874999891e+02,-8.941894418432788427e+01
4.683011601562500346e+02,-8.334504719020372931e+01
4.683014531250000232e+02,-8.601495730736223777e+01
4.683017460937500118e+02,-8.287285548216240727e+01
4.683020390625000005e+02,-8.628349593220868030e+01
4.683023320312499891e+02,-1.087415812789777476e+02
4.683026250000000346e+02,-9.133594645891778896e+01
4.683029179687500232e+02,-8.592737258305092496e+01
4.683032109375000118e+02,-8.461836085484200964e+01
4.683035039062500005e+02,-8.297108743515538265e+01
4.683037968749999891e+02,-8.839076106275987854e+01
4.683040898437500346e+02,-8.827370094540179934e+01
4.683043828125000232e+02,-8.915088134118653329e+01
4.683046757812500118e+02,-9.374112863698762510e+01
4.683049687500000005e+02,-8.669577973354847700e+01
4.683052617187499891e+02,-9.770763163206166269e+01
4.683055546875000346e+02,-8.909619672570471494e+01
4.683058476562500232e+02,-8.854904885548862126e+01
4.683061406250000118e+02,-8.419345416757506939e+01
4.683064335937500005e+02,-8.521859682190293483e+01
4.683067265624999891e+02,-9.600080547731657532e+01
4.683070195312500346e+02,-8.887827780205297756e+01
4.683073125000000232e+02,-8.793983526624785441e+01
4.683076054687500118e+02,-8.822099909448704125e+01
4.683078984375000005e+02,-8.495589531741907763e+01
4.683081914062499891e+02,-8.362269766610820909e+01
4.683084843750000346e+02,-8.368356596228062472e+01
4.683087773437500232e+02,-7.894965968507457887e+01
4.683090703125000118e+02,-8.384519814672800919e+01
4.683093632812500005e+02,-8.958966942435586134e+01
4.683096562499999891e+02,-8.404845650090547338e+01
4.683099492187500346e+02,-8.110475081717842727e+01
4.683102421875000232e+02,-8.154716790145336347e+01
4.683105351562500118e+02,-8.701959932858572699e+01
4.683108281250000005e+02,-8.597500572819120634e+01
4.683111210937499891e+02,-8.630800682664789747e+01
4.683114140625000346e+02,-8.474806024868131260e+01
4.683117070312500232e+02,-9.053044531261798511e+01
4.683120000000000118e+02,-8.363591761346850717e+01
4.683122929687500005e+02,-8.355678145632063547e+01
4.683125859374999891e+02,-9.926718050140750904e+01
4.683128789062500346e+02,-9.289407075516812995e+01
4.683131718750000232e+02,-8.632791148391697789e+01
4.683134648437500118e+02,-9.490840785125672596e+01
4.683137578125000005e+02,-8.079899506990743419e+01
4.683140507812499891e+02,-8.199739051725588013e+01
4.683143437500000346e+02,-8.851705997180856400e+01
4.683146367187500232e+02,-8.196056175935137844e+01
4.683149296875000118e+02,-8.295853398832878156e+01
4.683152226562500005e+02,-8.018621321629436238e+01
4.683155156249999891e+02,-8.089688231640701588e+01
4.683158085937500346e+02,-8.593634773849018416e+01
4.683161015625000232e+02,-8.812978623144722690e+01
4.683163945312500118e+02,-9.412865397080838648e+01
4.683166875000000005e+02,-8.690518514926844773e+01
4.683169804687499891e+02,-9.101170881335433194e+01
4.683172734375000346e+02,-8.247599172364623143e+01
4.683175664062500232e+02,-8.175160755663698353e+01
4.683178593750000118e+02,-7.878836047630213102e+01
4.683181523437500005e+02,-8.179567148965021772e+01
4.683184453124999891e+02,-8.753110683418861981e+01
4.683187382812500346e+02,-9.258855691269731381e+01
4.683190312500000232e+02,-9.032720980484809559e+01
4.683193242187500118e+02,-8.196915853884185310e+01
4.683196171875000005e+02,-8.434559204861207604e+01
4.683199101562499891e+02,-9.035349653228438171e+01
4.683202031250000346e+02,-8.990706168305528934e+01
4.683204960937500232e+02,-8.503387434379899901e+01
4.683207890625000118e+02,-8.672456312855445049e+01
4.683210820312500005e+02,-7.830409502424753043e+01
4.683213749999999891e+02,-8.112909647476323016e+01
4.683216679687500346e+02,-8.476263848848543603e+01
4.683219609375000232e+02,-8.711851630151684844e+01
4.683222539062500118e+02,-8.991621164517900411e+01
4.683225468750000005e+02,-8.612658576345575057e+01
4.683228398437499891e+02,-1.005935598708596501e+02
4.683231328125000346e+02,-8.293043290771549891e+01
4.683234257812500232e+02,-8.484140731997244700e+01
4.683237187500000118e+02,-8.909482648307263730e+01
4.683240117187500005e+02,-9.107375710590784479e+01
4.683243046874999891e+02,-8.812804694976642850e+01
4.683245976562500346e+02,-8.583815260940822611e+01
4.683248906250000232e+02,-9.319886138432876521e+01
4.683251835937500118e+02,-9.640544776716075148e+01
4.683254765625000005e+02,-9.287210566268447565e+01
4.683257695312499891e+02,-9.655409968640555007e+01
4.683260625000000346e+02,-8.433886481554060310e+01
4.683263554687500232e+02,-8.176664673188415122e+01
4.683266484375000118e+02,-8.492875210895762450e+01
4.683269414062500005e+02,-8.776356108089379404e+01
4.683272343749999891e+02,-8.400532640946562424e+01
4.683275273437500346e+02,-8.156652432935862862e+01
4.683278203125000232e+02,-8.988743198684377944e+01
4.683281132812500118e+02,-8.974367790506198617e+01
4.683284062500000005e+02,-8.302924568560975160e+01
4.683286992187499891e+02,-1.074005708512584647e+02
4.683289921875000346e+02,-9.514586882201412266e+01
4.683292851562500232e+02,-9.134212823620632093e+01
4.683295781250000118e+02,-9.027204156727418649e+01
4.683298710937500005e+02,-8.578204796139476684e+01
4.683301640624999891e+02,-9.304888763934440021e+01
4.683304570312500346e+02,-8.733719914466595924e+01
4.683307500000000232e+02,-8.435362750032021495e+01
4.683310429687500118e+02,-9.561257149964671953e+01
4.683313359375000005e+02,-8.094199084052092985e+01
4.683316289062499891e+02,-8.044638647676183041e+01
4.683319218750000346e+02,-8.071180502485837849e+01
4.683322148437500232e+02,-8.138236114556778489e+01
4.683325078125000118e+02,-8.394946016179864046e+01
4.683328007812500005e+02,-8.323195815149622945e+01
4.683330937499999891e+02,-7.891581132049971359e+01
4.683333867187500346e+02,-8.374901838842120583e+01
4.683336796875000232e+02,-8.603598194376436936e+01
4.683339726562500118e+02,-8.343940498897303826e+01
4.683342656250000005e+02,-9.679645525318494492e+01
4.683345585937499891e+02,-8.280836007862374970e+01
4.683348515625000346e+02,-8.397398041986910755e+01
4.683351445312500232e+02,-8.868961133641170136e+01
4.683354375000000118e+02,-1.005342082863804620e+02
4.683357304687500005e+02,-8.869719066175092337e+01
4.683360234374999891e+02,-1.018778831385422023e+02
4.683363164062500346e+02,-9.176510152810563170e+01
4.683366093750000232e+02,-8.777350758558087307e+01
4.683369023437500118e+02,-8.483009325189678407e+01
4.683371953125000005e+02,-8.480634501614611054e+01
4.683374882812499891e+02,-8.930153331837679787e+01
4.683377812500000346e+02,-8.630816006920896655e+01
4.683380742187500232e+02,-7.895190295847660877e+01
4.683383671875000118e+02,-8.843912185594086850e+01
4.683386601562500005e+02,-9.927834625848468875e+01
4.683389531249999891e+02,-8.785569356062465829e+01
4.683392460937500346e+02,-9.035884873761516189e+01
4.683395390625000232e+02,-8.544141104083068683e+01
4.683398320312500118e+02,-8.064875336057343702e+01
4.683401250000000005e+02,-7.980201129483815237e+01
4.683404179687499891e+02,-8.452499095611969437e+01
4.683407109375000346e+02,-9.297851172025247024e+01
4.683410039062500232e+02,-9.302378101289190226e+01
4.683412968750000118e+02,-8.902923309831386689e+01
4.683415898437500005e+02,-8.135234572932876063e+01
4.683418828124999891e+02,-7.912551211329733292e+01
4.683421757812500346e+02,-8.775064996181002641e+01
4.683424687500000232e+02,-8.619154812583167313e+01
4.683427617187500118e+02,-8.567921199958124134e+01
4.683430546875000005e+02,-9.162988620918433469e+01
4.683433476562499891e+02,-9.782098716788858894e+01
4.683436406250000346e+02,-9.441530031071202700e+01
4.683439335937500232e+02,-9.278914568608085744e+01
4.683442265625000118e+02,-8.848302643153039071e+01
4.683445195312500005e+02,-8.318388039027996683e+01
4.683448124999999891e+02,-8.722402120954031091e+01
4.683451054687500346e+02,-8.916205971720948753e+01
4.683453984375000232e+02,-9.329499151644415633e+01
4.683456914062500118e+02,-1.005638407673052654e+02
4.683459843750000005e+02,-8.942460462299342794e+01
4.683462773437499891e+02,-9.079044841556910228e+01
4.683465703125000346e+02,-9.830919240635522272e+01
4.683468632812500232e+02,-9.961838119423212845e+01
4.683471562500000118e+02,-8.517062801437097619e+01
4.683474492187500005e+02,-8.241862928446082037e+01
4.683477421874999891e+02,-8.074795592979094749e+01
4.683480351562500346e+02,-8.540429976237260234e+01
4.683483281250000232e+02,-8.915006742571975451e+01
4.683486210937500118e+02,-8.680458710320888827e+01
4.683489140625000005e+02,-8.785558515488145304e+01
4.683492070312499891e+02,-9.741269904074744090e+01
4.683495000000000346e+02,-8.585878628464449491e+01
4.683497929687500232e+02,-8.159199571478480095e+01
4.683500859375000118e+02,-8.543485864917752792e+01
4.683503789062500005e+02,-8.322783018352039619e+01
4.683506718749999891e+02,-8.245212408503157064e+01
4.683509648437500346e+02,-8.253300738633325295e+01
4.683512578125000232e+02,-8.546168542814675106e+01
4.683515507812500118e+02,-8.969403039003913136e+01
4.683518437500000005e+02,-9.352428164859887261e+01
4.683521367187499891e+02,-9.112729409685812243e+01
4.683524296875000346e+02,-8.903973268746126735e+01
4.683527226562500232e+02,-8.669141205338496547e+01
4.683530156250000118e+02,-9.126009634071138521e+01
4.683533085937500005e+02,-8.311758314173309259e+01
4.683536015624999891e+02,-8.400194590642280446e+01
4.683538945312500346e+02,-8.771535786985441518e+01
4.683541875000000232e+02,-8.110201257384926521e+01
4.683544804687500118e+02,-8.532065189122371862e+01
4.683547734375000005e+02,-8.867853299581382487e+01
4.683550664062499891e+02,-9.088624253020093136e+01
4.683553593750000346e+02,-8.244696610748805199e+01
4.683556523437500232e+02,-8.985940299505165285e+01
4.683559453125000118e+02,-8.680591463354788573e+01
4.683562382812500005e+02,-7.946196237750056923e+01
4.683565312499999891e+02,-7.914091456393283863e+01
4.683568242187500346e+02,-8.582545372175161447e+01
4.683571171875000232e+02,-9.735701085198709848e+01
4.683574101562500118e+02,-8.812736030510016860e+01
4.683577031250000005e+02,-9.665738347074169212e+01
4.683579960937499891e+02,-9.407171963393403757e+01
4.683582890625000346e+02,-9.535572567511343323e+01
4.683585820312500232e+02,-8.620111217390343938e+01
4.683588750000000118e+02,-8.636009730440991916e+01
4.683591679687500005e+02,-8.618581424921694634e+01
4.683594609374999891e+02,-8.982230468859518169e+01
4.683597539062500346e+02,-8.701210713381330208e+01
4.683600468750000232e+02,-8.343769493123926395e+01
4.683603398437500118e+02,-8.487407123372543083e+01
4.683606328125000005e+02,-8.728383069347688661e+01
4.683609257812499891e+02,-8.613430647466373102e+01
4.683612187500000346e+02,-8.126514368409503675e+01
4.683615117187500232e+02,-8.848950422761227230e+01
4.683618046875000118e+02,-8.387809870301251181e+01
4.683620976562500005e+02,-8.139764733668492624e+01
4.683623906249999891e+02,-8.351010964731834463e+01
4.683626835937500346e+02,-8.313647351249812800e+01
4.683629765625000232e+02,-8.412023702820516746e+01
4.683632695312500118e+02,-8.714053503060895878e+01
4.683635625000000005e+02,-8.989782049237312833e+01
4.683638554687499891e+02,-8.623472619946042528e+01
4.683641484375000346e+02,-9.246961697543210335e+01
4.683644414062500232e+02,-9.092774365009526605e+01
4.683647343750000118e+02,-8.909618218223079111e+01
4.683650273437500005e+02,-8.961277611715266289e+01
4.683653203124999891e+02,-1.061841937144350823e+02
4.683656132812500346e+02,-9.160992001661975337e+01
4.683659062500000232e+02,-9.281976902464862178e+01
4.683661992187500118e+02,-8.910141828586864676e+01
4.683664921875000005e+02,-8.514112682635798990e+01
4.683667851562499891e+02,-8.350600917460448613e+01
4.683670781250000346e+02,-8.402912379221147887e+01
4.683673710937500232e+02,-8.761676407430427105e+01
4.683676640625000118e+02,-8.397276440013571630e+01
4.683679570312500005e+02,-9.486807961772669273e+01
4.683682499999999891e+02,-8.769227892512080302e+01
4.683685429687500346e+02,-8.483754390263854361e+01
4.683688359375000232e+02,-8.377818931069325004e+01
4.683691289062500118e+02,-8.290790312850047883e+01
4.683694218750000005e+02,-8.252974484165849844e+01
4.683697148437499891e+02,-8.237515996977282384e+01
4.683700078125000346e+02,-8.879624929186697102e+01
4.683703007812500232e+02,-8.947765504635752620e+01
4.683705937500000118e+02,-9.606041847759678376e+01
4.683708867187500005e+02,-8.554448610563825639e+01
4.683711796874999891e+02,-8.565025990116417631e+01
4.683714726562500346e+02,-1.068296586260173058e+02
4.683717656250000232e+02,-8.442891558057438317e+01
4.683720585937500118e+02,-8.541553488308983333e+01
4.683723515625000005e+02,-1.032685220457210420e+02
4.683726445312499891e+02,-8.834674930986315644e+01
4.683729375000000346e+02,-8.871403968188069200e+01
4.683732304687500232e+02,-9.584464136687792291e+01
4.683735234375000118e+02,-9.107577686356749780e+01
4.683738164062500005e+02,-9.580445757693996711e+01
4.683741093749999891e+02,-8.696341681923405531e+01
4.683744023437500346e+02,-8.536036112389787434e+01
4.683746953125000232e+02,-8.441773522266238672e+01
4.683749882812500118e+02,-9.475810463750541146e+01
4.683752812500000005e+02,-8.003579456708486362e+01
4.683755742187499891e+02,-7.698103143738356380e+01
4.683758671875000346e+02,-7.868726613121522462e+01
4.683761601562500232e+02,-8.440556129346539649e+01
4.683764531250000118e+02,-9.091064980477048607e+01
4.683767460937500005e+02,-8.594029908526425743e+01
4.683770390624999891e+02,-8.425833278334960141e+01
4.683773320312500346e+02,-8.344783673446427485e+01
4.683776250000000232e+02,-8.952277265440022802e+01
4.683779179687500118e+02,-8.366051581917164981e+01
4.683782109375000005e+02,-9.030185435086217183e+01
4.683785039062499891e+02,-9.991380019759263575e+01
4.683787968750000346e+02,-8.668727223097094736e+01
4.683790898437500232e+02,-8.793997358144304144e+01
4.683793828125000118e+02,-8.493617054351568640e+01
4.683796757812500005e+02,-8.883395093188153169e+01
4.683799687499999891e+02,-9.500189254862819155e+01
4.683802617187500346e+02,-9.821338990727616647e+01
4.683805546875000232e+02,-8.516369249245616402e+01
4.683808476562500118e+02,-8.453335336127435085e+01
4.683811406250000005e+02,-8.760502145233536453e+01
4.683814335937499891e+02,-8.506935121037564329e+01
4.683817265625000346e+02,-9.283932650793730090e+01
4.683820195312500232e+02,-8.514055923634953160e+01
4.683823125000000118e+02,-8.664037611276496875e+01
4.683826054687500005e+02,-8.761097661154221328e+01
4.683828984374999891e+02,-9.604549727909696344e+01
4.683831914062500346e+02,-9.081557901792309906e+01
4.683834843750000232e+02,-1.093696122359677076e+02
4.683837773437500118e+02,-8.885205553918977728e+01
4.683840703125000005e+02,-8.421509798289754656e+01
4.683843632812499891e+02,-8.247954426273807371e+01
4.683846562500000346e+02,-8.485460837793370104e+01
4.683849492187500232e+02,-8.362426326768488138e+01
4.683852421875000118e+02,-8.564245985645990800e+01
4.683855351562500005e+02,-9.075167417191474328e+01
4.683858281249999891e+02,-8.397134737485087896e+01
4.683861210937500346e+02,-8.401586249594272715e+01
4.683864140625000232e+02,-8.102116768984620876e+01
4.683867070312500118e+02,-8.162194982986369496e+01
4.683870000000000005e+02,-8.727688717558437759e+01
4.683872929687499891e+02,-8.509077762059578731e+01
4.683875859375000346e+02,-8.756285938545785541e+01
4.683878789062500232e+02,-9.484900602339983777e+01
4.683881718750000118e+02,-1.053122592499834553e+02
4.683884648437500005e+02,-8.988794289279466909e+01
4.683887578124999891e+02,-9.234303636330659515e+01
4.683890507812500346e+02,-9.287838910242712132e+01
4.683893437500000232e+02,-8.343781678245494504e+01
4.683896367187500118e+02,-9.177532475836316905e+01
4.683899296875000005e+02,-8.567641000305927435e+01
4.683902226562499891e+02,-8.372273981980436020e+01
4.683905156250000346e+02,-9.380422870687171155e+01
4.683908085937500232e+02,-8.988973661293496775e+01
4.683911015625000118e+02,-8.359210505260776358e+01
4.683913945312500005e+02,-8.352717010846902213e+01
4.683916874999999891e+02,-9.085017586527057176e+01
4.683919804687500346e+02,-8.156679202732379963e+01
4.683922734375000232e+02,-7.804829870779158796e+01
4.683925664062500118e+02,-7.914960844277064211e+01
4.683928593750000005e+02,-9.074329319358946577e+01
4.683931523437499891e+02,-9.325398001612404641e+01
4.683934453125000346e+02,-8.938513345787880837e+01
4.683937382812500232e+02,-8.907962198448873892e+01
4.683940312500000118e+02,-8.620640481748347383e+01
4.683943242187500005e+02,-8.965723631350343226e+01
4.683946171874999891e+02,-9.546852405784702000e+01
4.683949101562500346e+02,-8.676698329905208595e+01
4.683952031250000232e+02,-8.999182120958025166e+01
4.683954960937500118e+02,-9.548295246237526612e+01
4.683957890625000005e+02,-9.109868217916890387e+01
4.683960820312499891e+02,-8.791340472311327403e+01
4.683963750000000346e+02,-8.556685847360253661e+01
4.683966679687500232e+02,-8.051776714626313947e+01
4.683969609375000118e+02,-8.359903399072700836e+01
4.683972539062500005e+02,-9.268306760905670671e+01
4.683975468749999891e+02,-9.377216382798842176e+01
4.683978398437500346e+02,-9.168117054989826897e+01
4.683981328125000232e+02,-9.418520971354739402e+01
4.683984257812500118e+02,-8.227655132305997654e+01
4.683987187500000005e+02,-8.307811378207279063e+01
4.683990117187499891e+02,-8.122436884185648864e+01
4.683993046875000346e+02,-8.692843788011825268e+01
4.683995976562500232e+02,-8.329189220157415718e+01
4.683998906250000118e+02,-8.337400561592932036e+01
4.684001835937500005e+02,-8.958740788325151527e+01
4.684004765624999891e+02,-9.069608753239330667e+01
4.684007695312500346e+02,-8.918640681253410207e+01
4.684010625000000232e+02,-9.077152694933693056e+01
4.684013554687500118e+02,-8.553979294490211771e+01
4.684016484375000005e+02,-9.541216896634195166e+01
4.684019414062499891e+02,-8.940126167682576863e+01
4.684022343750000346e+02,-9.491108185293505528e+01
4.684025273437500232e+02,-9.250064962500826482e+01
4.684028203125000118e+02,-8.295613965578647253e+01
4.684031132812500005e+02,-8.314294790241004307e+01
4.684034062499999891e+02,-8.290608952530006093e+01
4.684036992187500346e+02,-8.099791722213137746e+01
4.684039921875000232e+02,-8.044337886185117270e+01
4.684042851562500118e+02,-8.056258473261542008e+01
4.684045781250000005e+02,-8.250460290132227215e+01
4.684048710937499891e+02,-8.158158250091486252e+01
4.684051640625000346e+02,-8.199729220745243197e+01
4.684054570312500232e+02,-8.490809879346426214e+01
4.684057500000000118e+02,-9.479781697888549274e+01
4.684060429687500005e+02,-8.625098797209480495e+01
4.684063359374999891e+02,-8.514492116454312054e+01
4.684066289062500346e+02,-8.019470183479867842e+01
4.684069218750000232e+02,-7.859737571597318606e+01
4.684072148437500118e+02,-8.883133869676819927e+01
4.684075078125000005e+02,-9.022561738010796262e+01
4.684078007812499891e+02,-8.852236644941386601e+01
4.684080937500000346e+02,-9.051649672775280919e+01
4.684083867187500232e+02,-8.711569984610044060e+01
4.684086796875000118e+02,-9.068524697233743836e+01
4.684089726562500005e+02,-8.827394430417118087e+01
4.684092656249999891e+02,-9.693202938759908704e+01
4.684095585937500346e+02,-1.007537800615539112e+02
4.684098515625000232e+02,-9.991997910375290814e+01
4.684101445312500118e+02,-8.989728181032060661e+01
4.684104375000000005e+02,-8.569952065534690178e+01
4.684107304687499891e+02,-8.169494922538589776e+01
4.684110234375000346e+02,-8.924966042769187879e+01
4.684113164062500232e+02,-8.256749050074304819e+01
4.684116093750000118e+02,-8.347136943948862609e+01
4.684119023437500005e+02,-9.082663517438516010e+01
4.684121953124999891e+02,-9.512257396349356497e+01
4.684124882812500346e+02,-9.060857558203393580e+01
4.684127812500000232e+02,-1.132177283744258318e+02
4.684130742187500118e+02,-9.072581359766500952e+01
4.684133671875000005e+02,-8.290956751460940666e+01
4.684136601562499891e+02,-9.410768679870402309e+01
4.684139531250000346e+02,-8.604456034201108139e+01
4.684142460937500232e+02,-8.678670232031407750e+01
4.684145390625000118e+02,-9.112479571535162393e+01
4.684148320312500005e+02,-8.781570871721334015e+01
4.684151249999999891e+02,-8.999488828504681237e+01
4.684154179687500346e+02,-8.851222983280463552e+01
4.684157109375000232e+02,-9.002858263076805656e+01
4.684160039062500118e+02,-9.139303112542138763e+01
4.684162968750000005e+02,-8.716962359668626448e+01
4.684165898437499891e+02,-8.160841586525847902e+01
4.684168828125000346e+02,-8.242820425884572444e+01
4.684171757812500232e+02,-8.679741941545948691e+01
4.684174687500000118e+02,-9.070523964218038770e+01
4.684177617187500005e+02,-8.298136179996156159e+01
4.684180546874999891e+02,-8.181108226718521337e+01
4.684183476562500346e+02,-8.336104654648485734e+01
4.684186406250000232e+02,-9.282546644191498331e+01
4.684189335937500118e+02,-8.299976521528731155e+01
4.684192265625000005e+02,-8.366597641814809094e+01
4.684195195312499891e+02,-8.767820761275841335e+01
4.684198125000000346e+02,-9.959278104924685238e+01
4.684201054687500232e+02,-8.990519329511545266e+01
4.684203984375000118e+02,-1.049633214206553333e+02
4.684206914062500005e+02,-9.152782167816395997e+01
4.684209843749999891e+02,-8.981673013547508333e+01
4.684212773437500346e+02,-8.409006311176497661e+01
4.684215703125000232e+02,-9.406344961773342561e+01
4.684218632812500118e+02,-9.213885680386214005e+01
4.684221562500000005e+02,-9.501745282568883511e+01
4.684224492187499891e+02,-8.567854441806404964e+01
4.684227421875000346e+02,-8.436890400885816632e+01
4.684230351562500232e+02,-8.513650405199749116e+01
4.684233281250000118e+02,-8.680094101350672986e+01
4.684236210937500005e+02,-8.817256521613734321e+01
4.684239140624999891e+02,-8.602939801320444246e+01
4.684242070312500346e+02,-8.359517204820318170e+01
4.684245000000000232e+02,-8.913332956192398626e+01
4.684247929687500118e+02,-8.844539949559919023e+01
4.684250859375000005e+02,-8.515546504513038428e+01
4.684253789062499891e+02,-8.532224401435713901e+01
4.684256718750000346e+02,-9.850553161328286933e+01
4.684259648437500232e+02,-9.489798303643871691e+01
4.684262578125000118e+02,-9.617583690970667476e+01
4.684265507812500005e+02,-9.290502139986594443e+01
4.684268437499999891e+02,-8.846965230250476964e+01
4.684271367187500346e+02,-9.084056904328642190e+01
4.684274296875000232e+02,-8.861040616035336370e+01
4.684277226562500118e+02,-8.599782536884445960e+01
4.684280156250000005e+02,-9.589821650775905937e+01
4.684283085937499891e+02,-8.187068567066701519e+01
4.684286015625000346e+02,-8.960480529102262892e+01
4.684288945312500232e+02,-8.872009672230569777e+01
4.684291875000000118e+02,-9.147737319459368166e+01
4.684294804687500005e+02,-8.489548755456702622e+01
4.684297734374999891e+02,-8.233464392760440376e+01
4.684300664062500346e+02,-8.501744252787261757e+01
4.684303593750000232e+02,-9.376194460122059127e+01
4.684306523437500118e+02,-8.589307527849473445e+01
4.684309453125000005e+02,-8.951868955037227238e+01
4.684312382812499891e+02,-9.428788684148740629e+01
4.684315312500000346e+02,-9.049039915344974361e+01
4.684318242187500232e+02,-8.420863968771828922e+01
4.684321171875000118e+02,-9.667544753168515115e+01
4.684324101562500005e+02,-8.935681452909362577e+01
4.684327031249999891e+02,-8.087625685985750579e+01
4.684329960937500346e+02,-8.199939682161874543e+01
4.684332890625000232e+02,-8.603491680508219019e+01
4.684335820312500118e+02,-8.354759451289919525e+01
4.684338750000000005e+02,-8.506042729569919914e+01
4.684341679687499891e+02,-9.218910584995990121e+01
4.684344609375000346e+02,-9.228388828761606533e+01
4.684347539062500232e+02,-8.825889097034674080e+01
4.684350468750000118e+02,-8.979545316671607225e+01
4.684353398437500005e+02,-8.217257318652124809e+01
4.684356328124999891e+02,-8.014238130328061516e+01
4.684359257812500346e+02,-8.460159487627930730e+01
4.684362187500000232e+02,-9.341037967678329323e+01
4.684365117187500118e+02,-9.018591901668241917e+01
4.684368046875000005e+02,-9.207256353009890404e+01
4.684370976562499891e+02,-9.231683075048778164e+01
4.684373906250000346e+02,-9.024540620247464062e+01
4.684376835937500232e+02,-8.528306150832383992e+01
4.684379765625000118e+02,-9.259898932571073260e+01
4.684382695312500005e+02,-9.444888614675518568e+01
4.684385624999999891e+02,-8.831675226145270585e+01
4.684388554687500346e+02,-9.136608239289876110e+01
4.684391484375000232e+02,-8.894051311426622419e+01
4.684394414062500118e+02,-9.166978499964288574e+01
4.684397343750000005e+02,-8.772831333720773728e+01
4.684400273437499891e+02,-8.444292871774698028e+01
4.684403203125000346e+02,-8.777936969598044925e+01
4.684406132812500232e+02,-9.252178586818817507e+01
4.684409062500000118e+02,-8.579387819856934527e+01
4.684411992187500005e+02,-9.295163223296393085e+01
4.684414921874999891e+02,-8.632796694785140801e+01
4.684417851562500346e+02,-9.110953942426371555e+01
4.684420781250000232e+02,-8.547362489316381584e+01
4.684423710937500118e+02,-8.591400366257093424e+01
4.684426640625000005e+02,-8.746186993917123687e+01
4.684429570312499891e+02,-8.679808913557312167e+01
4.684432500000000346e+02,-8.363500440292006033e+01
4.684435429687500232e+02,-8.678965480916554043e+01
4.684438359375000118e+02,-9.116210314174924179e+01
4.684441289062500005e+02,-8.754660344000757277e+01
4.684444218749999891e+02,-8.593429189059375517e+01
4.684447148437500346e+02,-8.000600284525447137e+01
4.684450078125000232e+02,-8.212692568049789088e+01
4.684453007812500118e+02,-8.286605368881522793e+01
4.684455937500000005e+02,-8.105860669944800634e+01
4.684458867187499891e+02,-8.749205555176624216e+01
4.684461796875000346e+02,-8.252333732272211364e+01
4.684464726562500232e+02,-8.573606062538466688e+01
4.684467656250000118e+02,-8.873431539947583246e+01
4.684470585937500005e+02,-8.831679114055553725e+01
4.684473515624999891e+02,-9.162083053011649270e+01
4.684476445312500346e+02,-8.620413294530193582e+01
4.684479375000000232e+02,-8.793694890116164231e+01
4.684482304687500118e+02,-8.409762537110175629e+01
4.684485234375000005e+02,-8.050448457616789710e+01
4.684488164062499891e+02,-8.191460998069872801e+01
4.684491093750000346e+02,-8.636247640480507926e+01
4.684494023437500232e+02,-8.579258943339715415e+01
4.684496953125000118e+02,-8.850087386989928007e+01
4.684499882812500005e+02,-9.215811481494048962e+01
4.684502812499999891e+02,-8.933084840908604463e+01
4.684505742187500346e+02,-8.319994839142415799e+01
4.684508671875000232e+02,-8.283678938172707262e+01
4.684511601562500118e+02,-8.492417776176439759e+01
4.684514531250000005e+02,-8.886156630583597860e+01
4.684517460937499891e+02,-9.800715048546413755e+01
4.684520390625000346e+02,-9.116745833863350867e+01
4.684523320312500232e+02,-9.147775446721428239e+01
4.684526250000000118e+02,-8.420516344283745980e+01
4.684529179687500005e+02,-8.471981830437493954e+01
4.684532109374999891e+02,-1.040995880978401829e+02
4.684535039062500346e+02,-1.069497369708946621e+02
4.684537968750000232e+02,-8.472341394614406340e+01
4.684540898437500118e+02,-7.948056392989732899e+01
4.684543828125000005e+02,-7.987492162247114891e+01
4.684546757812499891e+02,-8.878674744096620941e+01
4.684549687500000346e+02,-9.031316658724858826e+01
4.684552617187500232e+02,-8.809245306249505347e+01
4.684555546875000118e+02,-9.641022898211708991e+01
4.684558476562500005e+02,-8.314147175976829374e+01
4.684561406249999891e+02,-8.341989006728968548e+01
4.684564335937500346e+02,-9.743953839124260696e+01
4.684567265625000232e+02,-8.466207812391974130e+01
4.684570195312500118e+02,-8.809293909922817534e+01
4.684573125000000005e+02,-9.200770286284019051e+01
4.684576054687499891e+02,-9.290540589828901830e+01
4.684578984375000346e+02,-8.894183516639756704e+01
4.684581914062500232e+02,-8.853760887325351803e+01
4.684584843750000118e+02,-8.880686848532009492e+01
4.684587773437500005e+02,-9.179982555064987082e+01
4.684590703124999891e+02,-9.158242000876860800e+01
4.684593632812500346e+02,-8.642332601983824247e+01
4.684596562500000232e+02,-8.509384047915661142e+01
4.684599492187500118e+02,-9.630635398311082440e+01
4.684602421875000005e+02,-8.472416535095956647e+01
4.684605351562499891e+02,-8.567658888671920181e+01
4.684608281250000346e+02,-8.304389546926927324e+01
4.684611210937500232e+02,-9.256698226015657838e+01
4.684614140625000118e+02,-8.704324024190026421e+01
4.684617070312500005e+02,-9.109675156597036505e+01
4.684619999999999891e+02,-1.065852072707978095e+02
4.684622929687500346e+02,-9.172994600711123780e+01
4.684625859375000232e+02,-9.528151311710007576e+01
4.684628789062500118e+02,-8.722527668715697757e+01
4.684631718750000005e+02,-8.792626305047350854e+01
4.684634648437499891e+02,-9.932112719779729559e+01
4.684637578125000346e+02,-8.587453525098871410e+01
4.684640507812500232e+02,-8.271274147368707474e+01
4.684643437500000118e+02,-8.981669419991291647e+01
4.684646367187500005e+02,-8.906104088935806828e+01
4.684649296874999891e+02,-8.866141082314663890e+01
4.684652226562500346e+02,-8.834737171478998619e+01
4.684655156250000232e+02,-9.743491861647271435e+01
4.684658085937500118e+02,-8.548912864013504986e+01
4.684661015625000005e+02,-9.596889294946025473e+01
4.684663945312499891e+02,-9.190313073113310338e+01
4.684666875000000346e+02,-9.851863212994574326e+01
4.684669804687500232e+02,-8.607456286371457566e+01
4.684672734375000118e+02,-8.465106247019376440e+01
4.684675664062500005e+02,-8.200246976761911810e+01
4.684678593749999891e+02,-8.629931405309514503e+01
4.684681523437500346e+02,-9.543546072549291637e+01
4.684684453125000232e+02,-9.460595444321222658e+01
4.684687382812500118e+02,-8.463093264358184342e+01
4.684690312500000005e+02,-8.768618640792286101e+01
4.684693242187499891e+02,-8.522970459450242231e+01
4.684696171875000346e+02,-8.389705279149666239e+01
4.684699101562500232e+02,-8.933320925045183003e+01
4.684702031250000118e+02,-9.933169921005556091e+01
4.684704960937500005e+02,-9.102444582448455890e+01
4.684707890624999891e+02,-9.690654525121078677e+01
4.684710820312500346e+02,-9.647460232991106466e+01
4.684713750000000232e+02,-8.542334394261571617e+01
4.684716679687500118e+02,-8.386665022079283460e+01
4.684719609375000005e+02,-8.951767838808636668e+01
4.684722539062499891e+02,-8.743470191198541386e+01
4.684725468750000346e+02,-9.069702830871659671e+01
4.684728398437500232e+02,-8.174631867600169244e+01
4.684731328125000118e+02,-8.235366156411856764e+01
4.684734257812500005e+02,-9.362174044429110609e+01
4.684737187499999891e+02,-8.671447574581870299e+01
4.684740117187500346e+02,-1.008354886994564481e+02
4.684743046875000232e+02,-8.484315698567615982e+01
4.684745976562500118e+02,-8.668905892985586092e+01
4.684748906250000005e+02,-8.168580347696865829e+01
4.684751835937499891e+02,-7.854433616108273952e+01
4.684754765625000346e+02,-7.987406912919597346e+01
4.684757695312500232e+02,-8.240953358072448509e+01
4.684760625000000118e+02,-8.959501140379794037e+01
4.684763554687500005e+02,-1.006623198661539220e+02
4.684766484374999891e+02,-8.866644750312050860e+01
4.684769414062500346e+02,-8.917391111915604540e+01
4.684772343750000232e+02,-8.657761796506568430e+01
4.684775273437500118e+02,-8.854436153689105993e+01
4.684778203125000005e+02,-9.556043499656468043e+01
4.684781132812499891e+02,-8.721439370684181824e+01
4.684784062500000346e+02,-1.009698489289061598e+02
4.684786992187500232e+02,-8.765995757243031505e+01
4.684789921875000118e+02,-8.514672315592123653e+01
4.684792851562500005e+02,-9.451645161789029714e+01
4.684795781249999891e+02,-9.293092024044467792e+01
4.684798710937500346e+02,-8.840441354939423491e+01
4.684801640625000232e+02,-8.298838654387871827e+01
4.684804570312500118e+02,-9.818812859808789995e+01
4.684807500000000005e+02,-1.039309088958093099e+02
4.684810429687499891e+02,-9.494722540777777908e+01
4.684813359375000346e+02,-8.255033320778190387e+01
4.684816289062500232e+02,-8.712341973669146000e+01
4.684819218750000118e+02,-9.676292640624289731e+01
4.684822148437500005e+02,-9.597557289077525411e+01
4.684825078124999891e+02,-8.984813203681989080e+01
4.684828007812500346e+02,-9.349808752411340151e+01
4.684830937500000232e+02,-8.839783875308739880e+01
4.684833867187500118e+02,-8.752488180196542089e+01
4.684836796875000005e+02,-9.176464862743091544e+01
4.684839726562499891e+02,-9.119205887206408079e+01
4.684842656250000346e+02,-9.241200864103382173e+01
4.684845585937500232e+02,-9.213465995758552651e+01
4.684848515625000118e+02,-9.478489342157124042e+01
4.684851445312500005e+02,-9.015524353395562684e+01
4.684854374999999891e+02,-9.115548617734265235e+01
4.684857304687500346e+02,-1.056741950052873733e+02
4.684860234375000232e+02,-9.078521055008694418e+01
4.684863164062500118e+02,-9.054435901889135607e+01
4.684866093750000005e+02,-8.806452477837450488e+01
4.684869023437499891e+02,-8.174223058112514195e+01
4.684871953125000346e+02,-8.088918986378602938e+01
4.684874882812500232e+02,-8.453378997265110684e+01
4.684877812500000118e+02,-9.353741815326736742e+01
4.684880742187500005e+02,-9.144609004831865207e+01
4.684883671874999891e+02,-9.548299742195125361e+01
4.684886601562500346e+02,-8.312945011512104543e+01
4.684889531250000232e+02,-8.416704827100653574e+01
4.684892460937500118e+02,-8.727980987382792932e+01
4.684895390625000005e+02,-9.250427664277152928e+01
4.684898320312499891e+02,-9.109262675186474212e+01
4.684901250000000346e+02,-8.802275708776394936e+01
4.684904179687500232e+02,-8.844605856365448915e+01
4.684907109375000118e+02,-9.665565885865639473e+01
4.684910039062500005e+02,-8.599361754048939588e+01
4.684912968749999891e+02,-1.058897474899202109e+02
4.684915898437500346e+02,-8.968247813206417618e+01
4.684918828125000232e+02,-9.195767897528250501e+01
4.684921757812500118e+02,-8.720106118970920761e+01
4.684924687500000005e+02,-8.579494107930527491e+01
4.684927617187499891e+02,-8.720125393015143800e+01
4.684930546875000346e+02,-1.007100040087679531e+02
4.684933476562500232e+02,-8.704177595638924458e+01
4.684936406250000118e+02,-9.275992954894967113e+01
4.684939335937500005e+02,-9.673015855804823104e+01
4.684942265624999891e+02,-9.006728689825975209e+01
4.684945195312500346e+02,-8.454323868012781418e+01
4.684948125000000232e+02,-8.378616776874112304e+01
4.684951054687500118e+02,-9.146768227063003565e+01
4.684953984375000005e+02,-8.802559584398790093e+01
4.684956914062499891e+02,-8.659427506156985999e+01
4.684959843750000346e+02,-8.220217242460293505e+01
4.684962773437500232e+02,-8.412392223248505729e+01
4.684965703125000118e+02,-8.770106387052935304e+01
4.684968632812500005e+02,-8.612931944738504342e+01
4.684971562499999891e+02,-8.372656797416888708e+01
4.684974492187500346e+02,-9.429881271641653484e+01
4.684977421875000232e+02,-8.585996889762270712e+01
4.684980351562500118e+02,-9.448519759709883203e+01
4.684983281250000005e+02,-9.442636377737534303e+01
4.684986210937499891e+02,-9.474828132697837191e+01
4.684989140625000346e+02,-8.994959598434734005e+01
4.684992070312500232e+02,-9.573432798537476174e+01
4.684995000000000118e+02,-9.351170072720114490e+01
4.684997929687500005e+02,-8.575385906794303992e+01
4.685000859374999891e+02,-9.494997391489459915e+01
4.685003789062500346e+02,-8.537225757700626616e+01
4.685006718750000232e+02,-8.911195010207160294e+01
4.685009648437500118e+02,-8.921898531774377261e+01
4.685012578125000005e+02,-9.008755197477647414e+01
4.685015507812499891e+02,-8.428679175559609860e+01
4.685018437500000346e+02,-8.160497335507841399e+01
4.685021367187500232e+02,-8.146222523576618357e+01
4.685024296875000118e+02,-8.293550149648888237e+01
4.685027226562500005e+02,-8.840875493863430279e+01
4.685030156249999891e+02,-9.250276375393126216e+01
4.685033085937500346e+02,-8.630494192469184611e+01
4.685036015625000232e+02,-8.795916790342226932e+01
4.685038945312500118e+02,-8.464523635347384811e+01
4.685041875000000005e+02,-8.425777496008561229e+01
4.685044804687499891e+02,-9.412840605081940737e+01
4.685047734375000346e+02,-8.904820614892693698e+01
4.685050664062500232e+02,-8.914160837643733259e+01
4.685053593750000118e+02,-9.634825120052269654e+01
4.685056523437500005e+02,-8.614488042994625516e+01
4.685059453124999891e+02,-8.828407555329975764e+01
4.685062382812500346e+02,-9.199836302122585607e+01
4.685065312500000232e+02,-8.527546194211339525e+01
4.685068242187500118e+02,-8.623586598116074242e+01
4.685071171875000005e+02,-1.029612909274684114e+02
4.685074101562499891e+02,-1.008180050308865674e+02
4.685077031250000346e+02,-9.796786943452838159e+01
4.685079960937500232e+02,-9.135638566780436065e+01
4.685082890625000118e+02,-8.422971005026587932e+01
4.685085820312500005e+02,-8.259703555929520746e+01
4.685088749999999891e+02,-8.772881852397981106e+01
4.685091679687500346e+02,-8.640284863716276220e+01
4.685094609375000232e+02,-8.359839483082171796e+01
4.685097539062500118e+02,-9.111751579329438755e+01
4.685100468750000005e+02,-9.408359996996979646e+01
4.685103398437499891e+02,-8.402859102197452046e+01
4.685106328125000346e+02,-8.979777707942572818e+01
4.685109257812500232e+02,-9.762078384774648043e+01
4.685112187500000118e+02,-8.653904332749478101e+01
4.685115117187500005e+02,-8.706469271412785815e+01
4.685118046874999891e+02,-8.863100730632275770e+01
4.685120976562500346e+02,-8.163908759716372288e+01
4.685123906250000232e+02,-9.411401409600797763e+01
4.685126835937500118e+02,-9.044740449373398405e+01
4.685129765625000005e+02,-8.749250937521313176e+01
4.685132695312499891e+02,-9.570406974212252749e+01
4.685135625000000346e+02,-9.847720490223133538e+01
4.685138554687500232e+02,-9.830864802578449257e+01
4.685141484375000118e+02,-8.838103647539674057e+01
4.685144414062500005e+02,-9.068028002764009443e+01
4.685147343749999891e+02,-8.570786356661147920e+01
4.685150273437500346e+02,-8.357338305538547729e+01
4.685153203125000232e+02,-8.593549248179222388e+01
4.685156132812500118e+02,-8.449852549033806781e+01
4.685159062500000005e+02,-9.493997135355544970e+01
4.685161992187499891e+02,-8.699072162771489047e+01
4.685164921875000346e+02,-8.433321328476466761e+01
4.685167851562500232e+02,-8.798957950400270533e+01
4.685170781250000118e+02,-8.505518513801396807e+01
4.685173710937500005e+02,-8.504202717844493975e+01
4.685176640624999891e+02,-8.418695228207300829e+01
4.685179570312500346e+02,-8.637869170837961974e+01
4.685182500000000232e+02,-8.836994708400489174e+01
4.685185429687500118e+02,-8.284330275544191124e+01
4.685188359375000005e+02,-9.078575343055283042e+01
4.685191289062499891e+02,-8.357962526867595443e+01
4.685194218750000346e+02,-8.170450253739682012e+01
4.685197148437500232e+02,-8.832808333913875742e+01
4.685200078125000118e+02,-8.550947373962996778e+01
4.685203007812500005e+02,-8.162596800240996231e+01
4.685205937499999891e+02,-9.154780963345992006e+01
4.685208867187500346e+02,-8.619351441109274958e+01
4.685211796875000232e+02,-9.446779806383742084e+01
4.685214726562500118e+02,-9.596859815828808848e+01
4.685217656250000005e+02,-9.552754558059700685e+01
4.685220585937499891e+02,-8.373471576205980682e+01
4.685223515625000346e+02,-8.795838598792398955e+01
4.685226445312500232e+02,-8.728614967323395035e+01
4.685229375000000118e+02,-9.145274480633430869e+01
4.685232304687500005e+02,-9.348054425009877377e+01
4.685235234374999891e+02,-1.013637016831452087e+02
4.685238164062500346e+02,-8.903882431575758005e+01
4.685241093750000232e+02,-9.172204235503059522e+01
4.685244023437500118e+02,-9.627442652049559513e+01
4.685246953125000005e+02,-9.354001777166912746e+01
4.685249882812499891e+02,-8.658124284248613378e+01
4.685252812500000346e+02,-8.552097780712911401e+01
4.685255742187500232e+02,-9.626241547539741816e+01
4.685258671875000118e+02,-9.269184102320653551e+01
4.685261601562500005e+02,-9.816554956971555157e+01
4.685264531249999891e+02,-9.910248692670944592e+01
4.685267460937500346e+02,-8.662134853851695482e+01
4.685270390625000232e+02,-8.696930174436292305e+01
4.685273320312500118e+02,-9.774750783408114785e+01
4.685276250000000005e+02,-9.008795870437332098e+01
4.685279179687499891e+02,-9.026952616500487636e+01
4.685282109375000346e+02,-9.064054662601270707e+01
4.685285039062500232e+02,-9.612166792572895702e+01
4.685287968750000118e+02,-9.000576158426410700e+01
4.685290898437500005e+02,-9.249586625449281030e+01
4.685293828124999891e+02,-1.075056321278116087e+02
4.685296757812500346e+02,-8.897447377402023960e+01
4.685299687500000232e+02,-9.629338625513865679e+01
4.685302617187500118e+02,-8.648788927471792931e+01
4.685305546875000005e+02,-8.824589611410902990e+01
4.685308476562499891e+02,-1.003813279943496042e+02
4.685311406250000346e+02,-8.204917605624173405e+01
4.685314335937500232e+02,-8.197334923765639303e+01
4.685317265625000118e+02,-8.610950040979291487e+01
4.685320195312500005e+02,-8.364003201127286502e+01
4.685323124999999891e+02,-8.811637905879186405e+01
4.685326054687500346e+02,-8.909511681092295987e+01
4.685328984375000232e+02,-9.251731433805676375e+01
4.685331914062500118e+02,-9.620730441789250165e+01
4.685334843750000005e+02,-8.847986342496164980e+01
4.685337773437499891e+02,-9.356627883048987826e+01
4.685340703125000346e+02,-1.046668505822231907e+02
4.685343632812500232e+02,-8.916278806728769268e+01
4.685346562500000118e+02,-8.672476989600787078e+01
4.685349492187500005e+02,-9.211745908174648889e+01
4.685352421874999891e+02,-9.375725311921459593e+01
4.685355351562500346e+02,-8.806520889953620213e+01
4.685358281250000232e+02,-9.018282668808919311e+01
4.685361210937500118e+02,-9.041537105455478240e+01
4.685364140625000005e+02,-8.928971851910642954e+01
4.685367070312499891e+02,-9.165678068433840053e+01
4.685370000000000346e+02,-8.684644069852943460e+01
4.685372929687500232e+02,-8.747875351270425881e+01
4.685375859375000118e+02,-8.731059023316919365e+01
4.685378789062500005e+02,-8.046559530023009188e+01
4.685381718749999891e+02,-8.016518817542802822e+01
4.685384648437500346e+02,-8.322108025926314667e+01
4.685387578125000232e+02,-8.733266515007051112e+01
4.685390507812500118e+02,-9.659564610894754821e+01
4.685393437500000005e+02,-9.996868029652476650e+01
4.685396367187499891e+02,-9.626881532659317031e+01
4.685399296875000346e+02,-8.941191697246188141e+01
4.685402226562500232e+02,-8.763514693054915483e+01
4.685405156250000118e+02,-9.194158723527411325e+01
4.685408085937500005e+02,-9.336918547295246640e+01
4.685411015624999891e+02,-9.060841463005920104e+01
4.685413945312500346e+02,-9.287913116941025748e+01
4.685416875000000232e+02,-8.281338903704623533e+01
4.685419804687500118e+02,-8.487545760951053353e+01
4.685422734375000005e+02,-9.918304988215234630e+01
4.685425664062499891e+02,-9.255043711939501350e+01
4.685428593750000346e+02,-8.880710081924729593e+01
4.685431523437500232e+02,-1.016415354480333804e+02
4.685434453125000118e+02,-9.247206054546957432e+01
4.685437382812500005e+02,-9.142234465378800223e+01
4.685440312499999891e+02,-8.430397674766011562e+01
4.685443242187500346e+02,-7.915355151250548715e+01
4.685446171875000232e+02,-8.120886884575631370e+01
4.685449101562500118e+02,-9.476854084037101700e+01
4.685452031250000005e+02,-9.715153499003206150e+01
4.685454960937499891e+02,-9.857902334622662011e+01
4.685457890625000346e+02,-9.752775059948183412e+01
4.685460820312500232e+02,-8.646661125789529478e+01
4.685463750000000118e+02,-8.764693646783392467e+01
4.685466679687500005e+02,-8.878790616350104870e+01
4.685469609374999891e+02,-8.713111908964100394e+01
4.685472539062500346e+02,-9.180262042075837314e+01
4.685475468750000232e+02,-8.501120697437119134e+01
4.685478398437500118e+02,-8.820767138029896159e+01
4.685481328125000005e+02,-8.186582730529605101e+01
4.685484257812499891e+02,-8.546314915021775960e+01
4.685487187500000346e+02,-9.253776114260833197e+01
4.685490117187500232e+02,-9.805121577049172288e+01
4.685493046875000118e+02,-8.958422021636059185e+01
4.685495976562500005e+02,-8.659342835254022930e+01
4.685498906249999891e+02,-8.445060161643641550e+01
4.685501835937500346e+02,-8.659752341433340916e+01
4.685504765625000232e+02,-8.685517070021160180e+01
4.685507695312500118e+02,-8.393667611065549750e+01
4.685510625000000005e+02,-9.088931976240976951e+01
4.685513554687499891e+02,-8.664849612692944447e+01
4.685516484375000346e+02,-8.534553851843097050e+01
4.685519414062500232e+02,-8.310355007859064358e+01
4.685522343750000118e+02,-8.941762457726466096e+01
4.685525273437500005e+02,-8.928791922991777597e+01
4.685528203124999891e+02,-8.869792490617780345e+01
4.685531132812500346e+02,-8.968137471836016061e+01
4.685534062500000232e+02,-8.769758862661902299e+01
4.685536992187500118e+02,-9.475169495515346796e+01
4.685539921875000005e+02,-9.171593841926309665e+01
4.685542851562499891e+02,-9.357015520747000892e+01
4.685545781250000346e+02,-8.520495654143915942e+01
4.685548710937500232e+02,-8.689188862684765979e+01
4.685551640625000118e+02,-1.063474887781407290e+02
4.685554570312500005e+02,-9.586470407938050187e+01
4.685557499999999891e+02,-8.683320266002915844e+01
4.685560429687500346e+02,-8.732521868374148255e+01
4.685563359375000232e+02,-8.378399968780962581e+01
4.685566289062500118e+02,-8.847534993338032905e+01
4.685569218750000005e+02,-8.989039246339218892e+01
4.685572148437499891e+02,-8.781765390949944106e+01
4.685575078125000346e+02,-9.154229894894737640e+01
4.685578007812500232e+02,-8.370711386145450206e+01
4.685580937500000118e+02,-8.392985718592727551e+01
4.685583867187500005e+02,-8.886864396773393082e+01
4.685586796874999891e+02,-1.020589261815913460e+02
4.685589726562500346e+02,-9.249135895280426212e+01
4.685592656250000232e+02,-9.515755162562848568e+01
4.685595585937500118e+02,-9.014086348286227235e+01
4.685598515625000005e+02,-8.718800353636702027e+01
4.685601445312499891e+02,-8.867805471030278852e+01
4.685604375000000346e+02,-9.038704180742874428e+01
4.685607304687500232e+02,-8.527945484928339681e+01
4.685610234375000118e+02,-8.266418553348586329e+01
4.685613164062500005e+02,-8.534036020071411599e+01
4.685616093749999891e+02,-9.318371471749124169e+01
4.685619023437500346e+02,-8.952087834653738696e+01
4.685621953125000232e+02,-8.893585006664595483e+01
4.685624882812500118e+02,-8.196738418852346797e+01
4.685627812500000005e+02,-8.273907422575220494e+01
4.685630742187499891e+02,-9.460369039303802197e+01
4.685633671875000346e+02,-8.752125151800566982e+01
4.685636601562500232e+02,-8.659477483993617852e+01
4.685639531250000118e+02,-8.676781360578290503e+01
4.685642460937500005e+02,-9.382942837413553150e+01
4.685645390624999891e+02,-9.387651915969804861e+01
4.685648320312500346e+02,-9.123167465006252996e+01
4.685651250000000232e+02,-9.064834205106096476e+01
4.685654179687500118e+02,-8.484291582443572111e+01
4.685657109375000005e+02,-8.504070235326040006e+01
4.685660039062499891e+02,-9.733139648871721761e+01
4.685662968750000346e+02,-8.959520657279286127e+01
4.685665898437500232e+02,-9.573510734450491100e+01
4.685668828125000118e+02,-9.116490659284548315e+01
4.685671757812500005e+02,-8.656620780118956304e+01
4.685674687499999891e+02,-8.398608772422699076e+01
4.685677617187500346e+02,-8.520404951354788636e+01
4.685680546875000232e+02,-9.319052074777745531e+01
4.685683476562500118e+02,-9.536875362479392493e+01
4.685686406250000005e+02,-9.404527246917780303e+01
4.685689335937499891e+02,-9.059279335665385702e+01
4.685692265625000346e+02,-8.551075021630350648e+01
4.685695195312500232e+02,-1.004670024583789996e+02
4.685698125000000118e+02,-8.895187836304017992e+01
4.685701054687500005e+02,-8.442060867846939232e+01
4.685703984374999891e+02,-8.730964897294475691e+01
4.685706914062500346e+02,-9.041563743843528300e+01
4.685709843750000232e+02,-8.956509022362794781e+01
4.685712773437500118e+02,-9.800998131416039882e+01
4.685715703125000005e+02,-9.449100268909313627e+01
4.685718632812499891e+02,-9.785179726330474637e+01
4.685721562500000346e+02,-8.908228250444851426e+01
4.685724492187500232e+02,-8.886253615113078297e+01
4.685727421875000118e+02,-8.772919403611504663e+01
4.685730351562500005e+02,-8.682085642218362409e+01
4.685733281249999891e+02,-9.160052861535069724e+01
4.685736210937500346e+02,-8.387197932609279860e+01
4.685739140625000232e+02,-8.089060508491704127e+01
4.685742070312500118e+02,-9.707724401136019310e+01
4.685745000000000005e+02,-8.714625269048576683e+01
4.685747929687499891e+02,-9.551193210705605452e+01
4.685750859375000346e+02,-8.979458867461333682e+01
4.685753789062500232e+02,-8.385846308328950727e+01
4.685756718750000118e+02,-8.540761340748146324e+01
4.685759648437500005e+02,-8.957166278308797303e+01
4.685762578124999891e+02,-9.162774392166116399e+01
4.685765507812500346e+02,-8.956177100440964978e+01
4.685768437500000232e+02,-9.246310773246035808e+01
4.685771367187500118e+02,-9.146664293639446441e+01
4.685774296875000005e+02,-8.878654434731222977e+01
4.685777226562499891e+02,-8.479391846046911496e+01
4.685780156250000346e+02,-8.514339539679460245e+01
4.685783085937500232e+02,-8.737639807160030614e+01
4.685786015625000118e+02,-8.788351353090709495e+01
4.685788945312500005e+02,-9.265869956650890060e+01
4.685791874999999891e+02,-9.625134377357247217e+01
4.685794804687500346e+02,-9.327234992533129798e+01
4.685797734375000232e+02,-9.113582668479691051e+01
4.685800664062500118e+02,-8.227385431631986989e+01
4.685803593750000005e+02,-8.086720833573311040e+01
4.685806523437499891e+02,-8.894975796300178672e+01
4.685809453125000346e+02,-9.007738377711235955e+01
4.685812382812500232e+02,-8.255253794081680496e+01
4.685815312500000118e+02,-8.722173187423335605e+01
4.685818242187500005e+02,-8.780860682866760669e+01
4.685821171874999891e+02,-1.002895052814110244e+02
4.685824101562500346e+02,-9.052465112298860106e+01
4.685827031250000232e+02,-8.768012959771310477e+01
4.685829960937500118e+02,-9.302150378066198755e+01
4.685832890625000005e+02,-1.017753836172547608e+02
4.685835820312499891e+02,-1.002457345212527855e+02
4.685838750000000346e+02,-8.892244532974419258e+01
4.685841679687500232e+02,-8.473933142191013701e+01
4.685844609375000118e+02,-8.541929188146211516e+01
4.685847539062500005e+02,-8.584602386892804304e+01
4.685850468749999891e+02,-8.798144140048762551e+01
4.685853398437500346e+02,-8.309779257129811469e+01
4.685856328125000232e+02,-8.729387392463765138e+01
4.685859257812500118e+02,-8.577158134902401798e+01
4.685862187500000005e+02,-8.303853610088373216e+01
4.685865117187499891e+02,-8.355938633558588435e+01
4.685868046875000346e+02,-8.594189795267324428e+01
4.685870976562500232e+02,-9.650206317667542066e+01
4.685873906250000118e+02,-9.015876921770350805e+01
4.685876835937500005e+02,-9.305383992895701795e+01
4.685879765624999891e+02,-8.605907152676353178e+01
4.685882695312500346e+02,-1.068535067754103096e+02
4.685885625000000232e+02,-8.841031304702440252e+01
4.685888554687500118e+02,-8.614172281526620623e+01
4.685891484375000005e+02,-8.486894110523738277e+01
4.685894414062499891e+02,-9.384309968580001282e+01
4.685897343750000346e+02,-9.081050388246507055e+01
4.685900273437500232e+02,-8.641845070103698845e+01
4.685903203125000118e+02,-9.036175636176501769e+01
4.685906132812500005e+02,-8.208890901200321366e+01
4.685909062499999891e+02,-8.168293436246089811e+01
4.685911992187500346e+02,-9.532067762450090243e+01
4.685914921875000232e+02,-8.680758622661086576e+01
4.685917851562500118e+02,-8.827081929992149867e+01
4.685920781250000005e+02,-8.502183637165043706e+01
4.685923710937499891e+02,-8.132761526853269629e+01
4.685926640625000346e+02,-8.414360608572791023e+01
4.685929570312500232e+02,-9.778047917997787408e+01
4.685932500000000118e+02,-1.023770689588598373e+02
4.685935429687500005e+02,-9.376181941088694316e+01
4.685938359374999891e+02,-9.245166980936147638e+01
4.685941289062500346e+02,-9.649966641085698882e+01
4.685944218750000232e+02,-9.211268274736711703e+01
4.685947148437500118e+02,-9.405930081694378941e+01
4.685950078125000005e+02,-9.496586281800530571e+01
4.685953007812499891e+02,-8.824569589193720276e+01
4.685955937500000346e+02,-8.776999675514993271e+01
4.685958867187500232e+02,-9.104691055824252999e+01
4.685961796875000118e+02,-9.312985355736748261e+01
4.685964726562500005e+02,-8.755067503847251942e+01
4.685967656249999891e+02,-8.940913709969386503e+01
4.685970585937500346e+02,-8.513582806221410237e+01
4.685973515625000232e+02,-8.628932995015742335e+01
4.685976445312500118e+02,-1.058491065763412564e+02
4.685979375000000005e+02,-9.706210834133759136e+01
4.685982304687499891e+02,-9.717962995047649599e+01
4.685985234375000346e+02,-9.614902057970053306e+01
4.685988164062500232e+02,-8.953645504467590399e+01
4.685991093750000118e+02,-8.955745234443685376e+01
4.685994023437500005e+02,-1.011701725819850850e+02
4.685996953124999891e+02,-9.070427224138910560e+01
4.685999882812500346e+02,-9.155025599179626283e+01
4.686002812500000232e+02,-8.778862411635209639e+01
4.686005742187500118e+02,-8.523546057774564133e+01
4.686008671875000005e+02,-9.234193617609805926e+01
4.686011601562499891e+02,-8.666440164813414526e+01
4.686014531250000346e+02,-9.130687466930773155e+01
4.686017460937500232e+02,-9.698945885224240726e+01
4.686020390625000118e+02,-8.682240099863372507e+01
4.686023320312500005e+02,-8.487941891558415364e+01
4.686026249999999891e+02,-8.916296797736737290e+01
4.686029179687500346e+02,-8.960354025985947146e+01
4.686032109375000232e+02,-8.240255904642359042e+01
4.686035039062500118e+02,-8.344760350481949729e+01
4.686037968750000005e+02,-8.171268912068599377e+01
4.686040898437499891e+02,-8.609740624634360984e+01
4.686043828125000346e+02,-8.896715727926407169e+01
4.686046757812500232e+02,-8.883569597269453766e+01
4.686049687500000118e+02,-9.350314032174071599e+01
4.686052617187500005e+02,-8.754063228216747916e+01
4.686055546874999891e+02,-1.021748728100115216e+02
4.686058476562500346e+02,-8.267406847637487033e+01
4.686061406250000232e+02,-8.765643501140716864e+01
4.686064335937500118e+02,-9.227632359857750544e+01
4.686067265625000005e+02,-9.220322594592892074e+01
4.686070195312499891e+02,-9.447374310792974939e+01
4.686073125000000346e+02,-9.314197643344242294e+01
4.686076054687500232e+02,-9.115193227304970947e+01
4.686078984375000118e+02,-8.922351246990884022e+01
4.686081914062500005e+02,-8.765566010328956281e+01
4.686084843749999891e+02,-8.515521225977927600e+01
4.686087773437500346e+02,-9.499666702099409576e+01
4.686090703125000232e+02,-9.196612526975678747e+01
4.686093632812500118e+02,-9.180374614408020761e+01
4.686096562500000005e+02,-8.652798280296705968e+01
4.686099492187499891e+02,-8.537969316998189129e+01
4.686102421875000346e+02,-8.528704727448470635e+01
4.686105351562500232e+02,-8.761221256804242330e+01
4.686108281250000118e+02,-9.003912134887060859e+01
4.686111210937500005e+02,-1.031226299231854853e+02
4.686114140624999891e+02,-9.888224424575584237e+01
4.686117070312500346e+02,-8.596561962602302742e+01
4.686120000000000232e+02,-9.402816933830723656e+01
4.686122929687500118e+02,-8.327153961437150542e+01
4.686125859375000005e+02,-9.025100222111760218e+01
4.686128789062499891e+02,-9.091575897320645083e+01
4.686131718750000346e+02,-9.241088887370197824e+01
4.686134648437500232e+02,-9.515629554612436891e+01
4.686137578125000118e+02,-9.248609673146040677e+01
4.686140507812500005e+02,-9.147658013205020211e+01
4.686143437499999891e+02,-9.484612659497528853e+01
4.686146367187500346e+02,-8.703099895712598766e+01
4.686149296875000232e+02,-8.827261936730776881e+01
4.686152226562500118e+02,-9.217158332295427670e+01
4.686155156250000005e+02,-8.992582799267819382e+01
4.686158085937499891e+02,-8.983455825212296020e+01
4.686161015625000346e+02,-8.747408878248583619e+01
4.686163945312500232e+02,-8.730700531817740284e+01
4.686166875000000118e+02,-8.656943012210456345e+01
4.686169804687500005e+02,-8.636700290035589944e+01
4.686172734374999891e+02,-8.828913213734563215e+01
4.686175664062500346e+02,-9.152911409347724714e+01
4.686178593750000232e+02,-8.851888741652850001e+01
4.686181523437500118e+02,-9.683587269253243335e+01
4.686184453125000005e+02,-9.147304532195124693e+01
4.686187382812499891e+02,-8.703524299666723607e+01
4.686190312500000346e+02,-9.615182150508779557e+01
4.686193242187500232e+02,-9.334630816829948685e+01
4.686196171875000118e+02,-9.397801957644279014e+01
4.686199101562500005e+02,-9.170567610780321388e+01
4.686202031249999891e+02,-8.946252918694912637e+01
4.686204960937500346e+02,-9.380803195308448039e+01
4.686207890625000232e+02,-9.005364827870913302e+01
4.686210820312500118e+02,-9.755737142737737599e+01
4.686213750000000005e+02,-8.592226175683728684e+01
4.686216679687499891e+02,-8.311350541021835170e+01
4.686219609375000346e+02,-8.630270350395845469e+01
4.686222539062500232e+02,-1.002163980110854880e+02
4.686225468750000118e+02,-9.155386556018348188e+01
4.686228398437500005e+02,-1.007717303997244187e+02
4.686231328124999891e+02,-9.069658705573921509e+01
4.686234257812500346e+02,-8.490243334502363837e+01
4.686237187500000232e+02,-8.334971306764632004e+01
4.686240117187500118e+02,-9.124967882134851038e+01
4.686243046875000005e+02,-9.026241869013531982e+01
4.686245976562499891e+02,-8.497921077229122488e+01
4.686248906250000346e+02,-8.901047441885015132e+01
4.686251835937500232e+02,-8.343091807987821085e+01
4.686254765625000118e+02,-8.642404622438134254e+01
4.686257695312500005e+02,-1.122725630600714339e+02
4.686260624999999891e+02,-9.230624075727143918e+01
4.686263554687500346e+02,-9.963843340612692145e+01
4.686266484375000232e+02,-8.747578815200880342e+01
4.686269414062500118e+02,-8.445976663609982893e+01
4.686272343750000005e+02,-8.593880399530293346e+01
4.686275273437499891e+02,-8.779617133304108734e+01
4.686278203125000346e+02,-9.001661361718156229e+01
4.686281132812500232e+02,-8.539112554386959175e+01
4.686284062500000118e+02,-8.666250491681876156e+01
4.686286992187500005e+02,-9.526497064186793295e+01
4.686289921874999891e+02,-8.836776044375912420e+01
4.686292851562500346e+02,-9.385053676398945299e+01
4.686295781250000232e+02,-8.832802256945747388e+01
4.686298710937500118e+02,-8.546562737631566620e+01
4.686301640625000005e+02,-8.804387914371295665e+01
4.686304570312499891e+02,-1.009680114727366913e+02
4.686307500000000346e+02,-9.477732067276434691e+01
4.686310429687500232e+02,-8.346145165418400325e+01
4.686313359375000118e+02,-8.429235495604174844e+01
4.686316289062500005e+02,-8.674834789956759096e+01
4.686319218749999891e+02,-8.597255449979994069e+01
4.686322148437500346e+02,-9.592282510581725319e+01
4.686325078125000232e+02,-8.548491105661776146e+01
4.686328007812500118e+02,-8.577987297429061186e+01
4.686330937500000005e+02,-8.543932264030348733e+01
4.686333867187499891e+02,-8.837810502926396339e+01
4.686336796875000346e+02,-8.758384507513386552e+01
4.686339726562500232e+02,-9.030005277587905255e+01
4.686342656250000118e+02,-9.211560633316651092e+01
4.686345585937500005e+02,-8.916562612813079625e+01
4.686348515624999891e+02,-8.763909809401540940e+01
4.686351445312500346e+02,-9.696548529771678204e+01
4.686354375000000232e+02,-9.133895049823186696e+01
4.686357304687500118e+02,-1.012969518428206328e+02
4.686360234375000005e+02,-9.013516286695825386e+01
4.686363164062499891e+02,-8.685439538476697408e+01
4.686366093750000346e+02,-9.241036403772689312e+01
4.686369023437500232e+02,-9.288577286548560608e+01
4.686371953125000118e+02,-8.760258116756547508e+01
4.686374882812500005e+02,-8.976955943116723802e+01
4.686377812499999891e+02,-9.155817129547838817e+01
4.686380742187500346e+02,-9.079014947926923185e+01
4.686383671875000232e+02,-9.509427176170271423e+01
4.686386601562500118e+02,-9.544968007352095185e+01
4.686389531250000005e+02,-8.557238635439824748e+01
4.686392460937499891e+02,-8.408199581266632094e+01
4.686395390625000346e+02,-8.348033178969808432e+01
4.686398320312500232e+02,-8.301771464698425973e+01
4.686401250000000118e+02,-8.729034241615340761e+01
4.686404179687500005e+02,-8.890152810904133673e+01
4.686407109374999891e+02,-9.174001004154885663e+01
4.686410039062500346e+02,-9.281486455472972352e+01
4.686412968750000232e+02,-9.399932153470601293e+01
4.686415898437500118e+02,-9.058449293116856893e+01
4.686418828125000005e+02,-9.088246499704673909e+01
4.686421757812499891e+02,-9.288179925641559009e+01
4.686424687500000346e+02,-9.000614016618789037e+01
4.686427617187500232e+02,-8.738285959517881452e+01
4.686430546875000118e+02,-9.065513722469614777e+01
4.686433476562500005e+02,-1.008516268626708836e+02
4.686436406249999891e+02,-9.984095157474654059e+01
4.686439335937500346e+02,-8.728675496299418057e+01
4.686442265625000232e+02,-8.784364915104779925e+01
4.686445195312500118e+02,-9.466729844284242290e+01
4.686448125000000005e+02,-9.395699621553859515e+01
4.686451054687499891e+02,-1.103706444985784856e+02
4.686453984375000346e+02,-9.433402766460883981e+01
4.686456914062500232e+02,-9.435923418917495553e+01
4.686459843750000118e+02,-8.870862520347660052e+01
4.686462773437500005e+02,-8.177056047495609903e+01
4.686465703124999891e+02,-8.298773793326574832e+01
4.686468632812500346e+02,-8.830647740030860859e+01
4.686471562500000232e+02,-8.824476449793178290e+01
4.686474492187500118e+02,-9.176097653940774990e+01
4.686477421875000005e+02,-8.855789307032998181e+01
4.686480351562499891e+02,-8.868109636556485498e+01
4.686483281250000346e+02,-8.795944773055342125e+01
4.686486210937500232e+02,-9.949899963952292126e+01
4.686489140625000118e+02,-8.663982841676620694e+01
4.686492070312500005e+02,-8.749041761537466755e+01
4.686494999999999891e+02,-9.133292671869136825e+01
4.686497929687500346e+02,-8.970993672949801123e+01
4.686500859375000232e+02,-8.935122444378589535e+01
4.686503789062500118e+02,-9.185581851296980460e+01
4.686506718750000005e+02,-8.942676837345214835e+01
4.686509648437499891e+02,-8.997544177589568903e+01
4.686512578125000346e+02,-9.501085204890598845e+01
4.686515507812500232e+02,-8.429093942022147701e+01
4.686518437500000118e+02,-8.652462239871331917e+01
4.686521367187500005e+02,-9.420797230859683680e+01
4.686524296874999891e+02,-9.263155831156103659e+01
4.686527226562500346e+02,-9.447931107802654083e+01
4.686530156250000232e+02,-8.997531382673247435e+01
4.686533085937500118e+02,-8.489598149323695964e+01
4.686536015625000005e+02,-9.018566798357504410e+01
4.686538945312499891e+02,-1.022022640549910193e+02
4.686541875000000346e+02,-9.791827129652263295e+01
4.686544804687500232e+02,-9.240790823216384808e+01
4.686547734375000118e+02,-8.604089589426577334e+01
4.686550664062500005e+02,-8.952438418302877210e+01
4.686553593749999891e+02,-9.373423456996172831e+01
4.686556523437500346e+02,-8.949446855284739399e+01
4.686559453125000232e+02,-8.888373384171387670e+01
4.686562382812500118e+02,-9.098906834969460533e+01
4.686565312500000005e+02,-8.551698535452771921e+01
4.686568242187499891e+02,-8.374023705788374627e+01
4.686571171875000346e+02,-8.620350693298181000e+01
4.686574101562500232e+02,-8.475791989147067795e+01
4.686577031250000118e+02,-8.792089734584742189e+01
4.686579960937500005e+02,-9.573552262467526930e+01
4.686582890624999891e+02,-1.060557314529865209e+02
4.686585820312500346e+02,-9.120740799553999523e+01
4.686588750000000232e+02,-8.666407664502168018e+01
4.686591679687500118e+02,-8.509235291142246638e+01
4.686594609375000005e+02,-8.755739978882671437e+01
4.686597539062499891e+02,-8.774889418753861037e+01
4.686600468750000346e+02,-9.601850119855890853e+01
4.686603398437500232e+02,-9.471636066933504594e+01
4.686606328125000118e+02,-9.068516681020922476e+01
4.686609257812500005e+02,-9.051657949813494497e+01
4.686612187499999891e+02,-8.739254423223985668e+01
4.686615117187500346e+02,-8.780498298951621905e+01
4.686618046875000232e+02,-9.036507848284004751e+01
4.686620976562500118e+02,-9.586521892823515145e+01
4.686623906250000005e+02,-9.670893193725710546e+01
4.686626835937499891e+02,-9.044457180770494631e+01
4.686629765625000346e+02,-8.921021162515873471e+01
4.686632695312500232e+02,-8.312441893497094725e+01
4.686635625000000118e+02,-8.590270598914688094e+01
4.686638554687500005e+02,-8.845753490158044485e+01
4.686641484374999891e+02,-8.722343508380154731e+01
4.686644414062500346e+02,-8.943295379626020747e+01
4.686647343750000232e+02,-8.738985775280667667e+01
4.686650273437500118e+02,-8.240898819794766439e+01
4.686653203125000005e+02,-8.643043386398582584e+01
4.686656132812499891e+02,-1.094684947127377228e+02
4.686659062500000346e+02,-9.129925457087867358e+01
4.686661992187500232e+02,-9.359432030457131191e+01
4.686664921875000118e+02,-9.097868583433242406e+01
4.686667851562500005e+02,-8.723008373501116353e+01
4.686670781249999891e+02,-9.410359656237844206e+01
4.686673710937500346e+02,-8.969836468745769764e+01
4.686676640625000232e+02,-8.104279968456745564e+01
4.686679570312500118e+02,-8.500713917303500011e+01
4.686682500000000005e+02,-9.905307528958076091e+01
4.686685429687499891e+02,-9.369316712226209631e+01
4.686688359375000346e+02,-9.322060599629733701e+01
4.686691289062500232e+02,-8.850352146404505049e+01
4.686694218750000118e+02,-8.501602224001730690e+01
4.686697148437500005e+02,-8.371335314640865022e+01
4.686700078124999891e+02,-8.959803859058182240e+01
4.686703007812500346e+02,-9.344015054605594628e+01
4.686705937500000232e+02,-9.108759744368779820e+01
4.686708867187500118e+02,-9.354078442700151186e+01
4.686711796875000005e+02,-8.930835407141414350e+01
4.686714726562499891e+02,-8.416404992961956566e+01
4.686717656250000346e+02,-8.988841607153936764e+01
4.686720585937500232e+02,-9.088906382510612048e+01
4.686723515625000118e+02,-1.020672445826325827e+02
4.686726445312500005e+02,-9.254058687103587033e+01
4.686729374999999891e+02,-1.061730016328462796e+02
4.686732304687500346e+02,-8.599966385300747618e+01
4.686735234375000232e+02,-8.646162652964690665e+01
4.686738164062500118e+02,-8.658857908710503182e+01
4.686741093750000005e+02,-8.581060209577530884e+01
4.686744023437499891e+02,-8.538917744110456454e+01
4.686746953125000346e+02,-8.801766953954421524e+01
4.686749882812500232e+02,-9.241239490695789982e+01
4.686752812500000118e+02,-9.139989546540995491e+01
4.686755742187500005e+02,-8.498801184539794917e+01
4.686758671874999891e+02,-8.262145463723427952e+01
4.686761601562500346e+02,-8.405593055091125620e+01
4.686764531250000232e+02,-9.103508138287932638e+01
4.686767460937500118e+02,-9.346802324129087935e+01
4.686770390625000005e+02,-9.028179861373035919e+01
4.686773320312499891e+02,-9.011974121800514581e+01
4.686776250000000346e+02,-8.749365839258962296e+01
4.686779179687500232e+02,-9.931610643178578357e+01
4.686782109375000118e+02,-1.069044694184020869e+02
4.686785039062500005e+02,-9.012013146642863148e+01
4.686787968749999891e+02,-8.626334913993400733e+01
4.686790898437500346e+02,-8.767540934359642790e+01
4.686793828125000232e+02,-9.295836049755615704e+01
4.686796757812500118e+02,-8.804631914836475914e+01
4.686799687500000005e+02,-8.378540338262962450e+01
4.686802617187499891e+02,-8.273268443335170730e+01
4.686805546875000346e+02,-8.425885681441801012e+01
4.686808476562500232e+02,-9.018641283221136007e+01
4.686811406250000118e+02,-8.745063789181395464e+01
4.686814335937500005e+02,-9.074634088149353772e+01
4.686817265624999891e+02,-9.975482355548903968e+01
4.686820195312500346e+02,-9.061522102559506209e+01
4.686823125000000232e+02,-8.592335867790919224e+01
4.686826054687500118e+02,-8.632693760750231604e+01
4.686828984375000005e+02,-8.743473414805541211e+01
4.686831914062499891e+02,-8.543400357035989146e+01
4.686834843750000346e+02,-8.783020461027916781e+01
4.686837773437500232e+02,-9.207189523478004389e+01
4.686840703125000118e+02,-8.889958884871069245e+01
4.686843632812500005e+02,-8.816384294794664811e+01
4.686846562499999891e+02,-8.961112698935899346e+01
4.686849492187500346e+02,-9.969034447928136444e+01
4.686852421875000232e+02,-9.175077962872853732e+01
4.686855351562500118e+02,-8.831085014060886351e+01
4.686858281250000005e+02,-8.989351799111508967e+01
4.686861210937499891e+02,-8.922076181803525685e+01
4.686864140625000346e+02,-1.107489089913430149e+02
4.686867070312500232e+02,-1.012306266502716880e+02
4.686870000000000118e+02,-9.055132322444808324e+01
4.686872929687500005e+02,-9.636179422899286351e+01
4.686875859374999891e+02,-9.483516794551546525e+01
4.686878789062500346e+02,-1.086658567091974419e+02
4.686881718750000232e+02,-9.637003221480881621e+01
4.686884648437500118e+02,-8.759486819545413994e+01
4.686887578125000005e+02,-8.456092850647507930e+01
4.686890507812499891e+02,-8.519539239382261542e+01
4.686893437500000346e+02,-9.093934063543304092e+01
4.686896367187500232e+02,-8.385544993431180671e+01
4.686899296875000118e+02,-8.353261968512501312e+01
4.686902226562500005e+02,-9.342844078131344077e+01
4.686905156249999891e+02,-9.122466658304617226e+01
4.686908085937500346e+02,-8.153847970782656773e+01
4.686911015625000232e+02,-8.653194600469817033e+01
4.686913945312500118e+02,-8.986790103332103286e+01
4.686916875000000005e+02,-9.658813749375914881e+01
4.686919804687499891e+02,-8.788180949131228203e+01
4.686922734375000346e+02,-9.331935661922926784e+01
4.686925664062500232e+02,-8.559015379696590742e+01
4.686928593750000118e+02,-8.821648674183806804e+01
4.686931523437500005e+02,-9.728299990615371939e+01
4.686934453124999891e+02,-9.194663714825063039e+01
4.686937382812500346e+02,-8.940234923562744029e+01
4.686940312500000232e+02,-9.188356525432979538e+01
4.686943242187500118e+02,-8.992976962838250188e+01
4.686946171875000005e+02,-9.099627552364324856e+01
4.686949101562499891e+02,-9.138256397385146101e+01
4.686952031250000346e+02,-8.724983427497940625e+01
4.686954960937500232e+02,-8.895795117065566160e+01
4.686957890625000118e+02,-9.445153320577303191e+01
4.686960820312500005e+02,-9.527553888688098027e+01
4.686963749999999891e+02,-8.746171959894041947e+01
4.686966679687500346e+02,-8.643638175112336341e+01
4.686969609375000232e+02,-8.636643254890101673e+01
4.686972539062500118e+02,-8.464231312112647743e+01
4.686975468750000005e+02,-9.035051794491693045e+01
4.686978398437499891e+02,-8.776269228509366371e+01
4.686981328125000346e+02,-9.211860960371650719e+01
4.686984257812500232e+02,-8.984705735733113841e+01
4.686987187500000118e+02,-8.315877957798198850e+01
4.686990117187500005e+02,-8.171642774536628906e+01
4.686993046874999891e+02,-8.543388562727616886e+01
4.686995976562500346e+02,-8.915063725483753387e+01
4.686998906250000232e+02,-8.652042217615267816e+01
4.687001835937500118e+02,-8.877211556921069757e+01
4.687004765625000005e+02,-9.377808683994675221e+01
4.687007695312499891e+02,-9.052828466763392612e+01
4.687010625000000346e+02,-8.617583335216055218e+01
4.687013554687500232e+02,-8.431077180281768335e+01
4.687016484375000118e+02,-9.265616938777164080e+01
4.687019414062500005e+02,-1.067766563095759835e+02
4.687022343749999891e+02,-8.889331525215661145e+01
4.687025273437500346e+02,-9.232554938602048367e+01
4.687028203125000232e+02,-8.624793990705002500e+01
4.687031132812500118e+02,-8.096820056984830671e+01
4.687034062500000005e+02,-8.491100736771107904e+01
4.687036992187499891e+02,-9.017347565926682762e+01
4.687039921875000346e+02,-8.858596016823503305e+01
4.687042851562500232e+02,-9.381020583211511621e+01
4.687045781250000118e+02,-9.239070837689921234e+01
4.687048710937500005e+02,-8.729616544836389380e+01
4.687051640624999891e+02,-8.401522636510748043e+01
4.687054570312500346e+02,-8.552213584825175019e+01
4.687057500000000232e+02,-8.657562389147402371e+01
4.687060429687500118e+02,-8.585626941347962315e+01
4.687063359375000005e+02,-8.624466592295442524e+01
4.687066289062499891e+02,-8.535014895566047244e+01
4.687069218750000346e+02,-8.987971647561235500e+01
4.687072148437500232e+02,-9.134334888756990267e+01
4.687075078125000118e+02,-8.686212302354613257e+01
4.687078007812500005e+02,-9.522695969957224804e+01
4.687080937499999891e+02,-8.883302525080024736e+01
4.687083867187500346e+02,-8.878212794505404304e+01
4.687086796875000232e+02,-9.623223418931664241e+01
4.687089726562500118e+02,-9.744293479146647030e+01
4.687092656250000005e+02,-9.534461260272939853e+01
4.687095585937499891e+02,-8.315593531257648863e+01
4.687098515625000346e+02,-8.406178971923182530e+01
4.687101445312500232e+02,-8.629130731516177377e+01
4.687104375000000118e+02,-9.116986024920683462e+01
4.687107304687500005e+02,-9.348851870004993714e+01
4.687110234374999891e+02,-9.326950374222106177e+01
4.687113164062500346e+02,-1.045174836762608237e+02
4.687116093750000232e+02,-1.095795631328459905e+02
4.687119023437500118e+02,-8.963513825690044712e+01
4.687121953125000005e+02,-8.780113806141105215e+01
4.687124882812499891e+02,-8.547473171741573594e+01
4.687127812500000346e+02,-8.628577426633070502e+01
4.687130742187500232e+02,-8.780685394488835982e+01
4.687133671875000118e+02,-9.147517805016829584e+01
4.687136601562500005e+02,-9.902885767351128266e+01
4.687139531249999891e+02,-9.464554781586093668e+01
4.687142460937500346e+02,-9.527385740233590639e+01
4.687145390625000232e+02,-9.624801529477838358e+01
4.687148320312500118e+02,-9.396261788135487336e+01
4.687151250000000005e+02,-9.188688823716501020e+01
4.687154179687499891e+02,-8.864605968938062119e+01
4.687157109375000346e+02,-8.428784469446594585e+01
4.687160039062500232e+02,-8.375767880403310528e+01
4.687162968750000118e+02,-8.737436763199016809e+01
4.687165898437500005e+02,-8.978251357055043513e+01
4.687168828124999891e+02,-9.549170644738872227e+01
4.687171757812500346e+02,-9.395612072874232013e+01
4.687174687500000232e+02,-8.958771411428664067e+01
4.687177617187500118e+02,-1.010100494130359436e+02
4.687180546875000005e+02,-9.453180574624343535e+01
4.687183476562499891e+02,-8.985721303816015393e+01
4.687186406250000346e+02,-8.360321783428506137e+01
4.687189335937500232e+02,-8.565443926447545664e+01
4.687192265625000118e+02,-8.506701580692471509e+01
4.687195195312500005e+02,-8.248023812583197412e+01
4.687198124999999891e+02,-8.795187081269050111e+01
4.687201054687500346e+02,-9.348703342250320247e+01
4.687203984375000232e+02,-9.413509721576440370e+01
4.687206914062500118e+02,-8.705995137550225138e+01
4.687209843750000005e+02,-8.740619467252811603e+01
4.687212773437499891e+02,-8.870717321298690194e+01
4.687215703125000346e+02,-9.043311175319450967e+01
4.687218632812500232e+02,-8.779301602628970613e+01
4.687221562500000118e+02,-8.419092424905868199e+01
4.687224492187500005e+02,-8.528640279315199280e+01
4.687227421874999891e+02,-8.560632918804671476e+01
4.687230351562500346e+02,-9.092410754234087733e+01
4.687233281250000232e+02,-8.618782103172969755e+01
4.687236210937500118e+02,-9.063494785340421345e+01
4.687239140625000005e+02,-8.613311083761081477e+01
4.687242070312499891e+02,-9.141323335958568919e+01
4.687245000000000346e+02,-9.489619275518455765e+01
4.687247929687500232e+02,-9.498323284618265916e+01
4.687250859375000118e+02,-9.952174464071434556e+01
4.687253789062500005e+02,-8.805034949295175295e+01
4.687256718749999891e+02,-8.971171739353314933e+01
4.687259648437500346e+02,-8.979847331644944575e+01
4.687262578125000232e+02,-9.648558874912252747e+01
4.687265507812500118e+02,-8.823106338140313198e+01
4.687268437500000005e+02,-8.365235293929754334e+01
4.687271367187499891e+02,-8.584935933618632475e+01
4.687274296875000346e+02,-8.456975470003591511e+01
4.687277226562500232e+02,-8.668373182460678095e+01
4.687280156250000118e+02,-8.704266406989790994e+01
4.687283085937500005e+02,-9.117876226656372296e+01
4.687286015624999891e+02,-9.359110924124001940e+01
4.687288945312500346e+02,-8.564183227378384800e+01
4.687291875000000232e+02,-8.514891330638482714e+01
4.687294804687500118e+02,-9.590309835473249223e+01
4.687297734375000005e+02,-1.027718187570849437e+02
4.687300664062499891e+02,-9.323917143415695818e+01
4.687303593750000346e+02,-9.903713432904666547e+01
4.687306523437500232e+02,-9.738406690427710544e+01
4.687309453125000118e+02,-8.888919998854730409e+01
4.687312382812500005e+02,-9.374255433022577222e+01
4.687315312499999891e+02,-9.115352658019745036e+01
4.687318242187500346e+02,-8.443862715200933167e+01
4.687321171875000232e+02,-8.391015376767799694e+01
4.687324101562500118e+02,-8.885857646067361770e+01
4.687327031250000005e+02,-8.671390008311018960e+01
4.687329960937499891e+02,-8.416310808497372875e+01
4.687332890625000346e+02,-8.262210571749983501e+01
4.687335820312500232e+02,-8.718936480643867526e+01
4.687338750000000118e+02,-9.377425304660691552e+01
4.687341679687500005e+02,-9.454725888786521182e+01
4.687344609374999891e+02,-1.068966405243305218e+02
4.687347539062500346e+02,-8.976672275248274957e+01
4.687350468750000232e+02,-8.646553554602408553e+01
4.687353398437500118e+02,-8.732283473838887744e+01
4.687356328125000005e+02,-8.655425877015311187e+01
4.687359257812499891e+02,-8.431813297714097644e+01
4.687362187500000346e+02,-9.396448072243019567e+01
4.687365117187500232e+02,-9.076567207836856710e+01
4.687368046875000118e+02,-8.853062423048277196e+01
4.687370976562500005e+02,-1.003670713686984755e+02
4.687373906249999891e+02,-9.385800598646690673e+01
4.687376835937500346e+02,-8.852729834702148537e+01
4.687379765625000232e+02,-1.005943898107669838e+02
4.687382695312500118e+02,-9.214940601447976576e+01
4.687385625000000005e+02,-9.616895463413592893e+01
4.687388554687499891e+02,-9.812579899534762262e+01
4.687391484375000346e+02,-9.749465432416292288e+01
4.687394414062500232e+02,-9.644871128290647277e+01
4.687397343750000118e+02,-8.294827213735487703e+01
4.687400273437500005e+02,-8.530535198614995807e+01
4.687403203124999891e+02,-1.032777008133475647e+02
4.687406132812500346e+02,-9.210511718605013698e+01
4.687409062500000232e+02,-9.274634090804667608e+01
4.687411992187500118e+02,-9.082473915279231846e+01
4.687414921875000005e+02,-8.866829742729083819e+01
4.687417851562499891e+02,-8.258238224070328215e+01
4.687420781250000346e+02,-8.393953669697857833e+01
4.687423710937500232e+02,-8.896847555189550860e+01
4.687426640625000118e+02,-8.837329126727546225e+01
4.687429570312500005e+02,-9.011949153887977104e+01
4.687432499999999891e+02,-9.226579067336020046e+01
4.687435429687500346e+02,-8.854224803208835226e+01
4.687438359375000232e+02,-8.422941611443329180e+01
4.687441289062500118e+02,-8.798240469342724168e+01
4.687444218750000005e+02,-1.096124694071304049e+02
4.687447148437499891e+02,-9.160301980931200205e+01
4.687450078125000346e+02,-1.031907927620757732e+02
4.687453007812500232e+02,-8.559783105957623661e+01
4.687455937500000118e+02,-8.969637456666625042e+01
4.687458867187500005e+02,-8.985740189605878925e+01
4.687461796874999891e+02,-8.917710984363731086e+01
4.687464726562500346e+02,-9.857010393576437934e+01
4.687467656250000232e+02,-8.882175319862216156e+01
4.687470585937500118e+02,-8.708319682057239675e+01
4.687473515625000005e+02,-9.325129144017751059e+01
4.687476445312499891e+02,-9.881025374798900884e+01
4.687479375000000346e+02,-8.808169996125867840e+01
4.687482304687500232e+02,-8.423134614138217557e+01
4.687485234375000118e+02,-8.563247945869161981e+01
4.687488164062500005e+02,-8.483393690387109132e+01
4.687491093749999891e+02,-8.875148184336111967e+01
4.687494023437500346e+02,-9.632725106481274224e+01
4.687496953125000232e+02,-9.016214370469710104e+01
4.687499882812500118e+02,-8.800454747005856859e+01
4.687502812500000005e+02,-9.289315784282622701e+01
4.687505742187499891e+02,-1.018820275138826048e+02
4.687508671875000346e+02,-9.289545276438710175e+01
4.687511601562500232e+02,-9.551795443556508758e+01
4.687514531250000118e+02,-9.557086053643823220e+01
4.687517460937500005e+02,-9.882990076863373474e+01
4.687520390624999891e+02,-8.802101477434447929e+01
4.687523320312500346e+02,-8.498080608059019880e+01
4.687526250000000232e+02,-9.101623609994994979e+01
4.687529179687500118e+02,-9.349168103148886644e+01
4.687532109375000005e+02,-8.873977620879726658e+01
4.687535039062499891e+02,-8.978003430754158387e+01
4.687537968750000346e+02,-9.451498143587427592e+01
4.687540898437500232e+02,-9.162463780045749218e+01
4.687543828125000118e+02,-9.141440813312961211e+01
4.687546757812500005e+02,-9.622480337866372224e+01
4.687549687499999891e+02,-8.723488681270779921e+01
4.687552617187500346e+02,-8.603824518681877009e+01
4.687555546875000232e+02,-9.193851908792518657e+01
4.687558476562500118e+02,-9.569207892378757663e+01
4.687561406250000005e+02,-8.765970681572721901e+01
4.687564335937499891e+02,-8.794123785809625815e+01
4.687567265625000346e+02,-9.176176305524636234e+01
4.687570195312500232e+02,-9.683199314331518792e+01
4.687573125000000118e+02,-9.247961528976898649e+01
4.687576054687500005e+02,-1.161624599764471384e+02
4.687578984374999891e+02,-9.764512122519811044e+01
4.687581914062500346e+02,-9.399260375390745992e+01
4.687584843750000232e+02,-9.504229350924148889e+01
4.687587773437500118e+02,-1.000472788891484441e+02
4.687590703125000005e+02,-9.326854015630070194e+01
4.687593632812499891e+02,-9.399143593798710583e+01
4.687596562500000346e+02,-9.556804777201980983e+01
4.687599492187500232e+02,-1.094067045181208329e+02
4.687602421875000118e+02,-9.242227093936749327e+01
4.687605351562500005e+02,-8.758666777784338819e+01
4.687608281249999891e+02,-9.000106729382832782e+01
4.687611210937500346e+02,-1.009757471435520273e+02
4.687614140625000232e+02,-9.509067246831170905e+01
4.687617070312500118e+02,-8.882981622729266746e+01
