Frequency_MHz,Power_dBHz
4.663620000000000232e+02,-1.031559028664606501e+02
4.663622929687500118e+02,-1.082233212869807630e+02
4.663625859375000005e+02,-1.032561955850889603e+02
4.663628789062499891e+02,-1.008265422314238577e+02
4.663631718750000346e+02,-1.015574119354974698e+02
4.663634648437500232e+02,-1.077316962593796887e+02
4.663637578125000118e+02,-1.070752939454400234e+02
4.663640507812500005e+02,-1.172138266909722262e+02
4.663643437499999891e+02,-1.124232975899047062e+02
4.663646367187500346e+02,-1.084086421886772911e+02
4.663649296875000232e+02,-1.022619117133719158e+02
4.663652226562500118e+02,-1.035828319922287335e+02
4.663655156250000005e+02,-1.058014262776689804e+02
4.663658085937499891e+02,-1.131955862856845982e+02
4.663661015625000346e+02,-1.112994882147216771e+02
4.663663945312500232e+02,-1.095151029942015271e+02
4.663666875000000118e+02,-1.098785217105712206e+02
4.663669804687500005e+02,-1.047226427572134924e+02
4.663672734374999891e+02,-9.979650957741986872e+01
4.663675664062500346e+02,-1.005326573182845493e+02
4.663678593750000232e+02,-1.000046820254025022e+02
4.663681523437500118e+02,-9.825416373396950576e+01
4.663684453125000005e+02,-9.994710529105533681e+01
4.663687382812499891e+02,-1.019607071065870940e+02
4.663690312500000346e+02,-1.035211631446498046e+02
4.663693242187500232e+02,-1.184973291025723086e+02
4.663696171875000118e+02,-1.210710586802710367e+02
4.663699101562500005e+02,-1.086537995322457846e+02
4.663702031249999891e+02,-1.095335911638615158e+02
4.663704960937500346e+02,-1.104353357547071255e+02
4.663707890625000232e+02,-1.026994308593814651e+02
4.663710820312500118e+02,-1.040704482433681619e+02
4.663713750000000005e+02,-1.019349956353718767e+02
4.663716679687499891e+02,-1.041726167343376233e+02
4.663719609375000346e+02,-1.080911431108330447e+02
4.663722539062500232e+02,-1.080272901481581016e+02
4.663725468750000118e+02,-1.022968620246623175e+02
4.663728398437500005e+02,-1.214611492965418336e+02
4.663731328124999891e+02,-1.041028889056978954e+02
4.663734257812500346e+02,-1.023595771878135281e+02
4.663737187500000232e+02,-1.042432520100742011e+02
4.663740117187500118e+02,-1.048009104186069749e+02
4.663743046875000005e+02,-1.054753215171956242e+02
4.663745976562499891e+02,-1.069011814449401641e+02
4.663748906250000346e+02,-1.010340970300096046e+02
4.663751835937500232e+02,-1.129605811162052191e+02
4.663754765625000118e+02,-1.061596756087568281e+02
4.663757695312500005e+02,-1.160513162780983123e+02
4.663760624999999891e+02,-1.048607536566159837e+02
4.663763554687500346e+02,-1.009843860677817560e+02
4.663766484375000232e+02,-1.037212982360550768e+02
4.663769414062500118e+02,-1.131162623148581758e+02
4.663772343750000005e+02,-1.028051583828670346e+02
4.663775273437499891e+02,-1.176867653857208182e+02
4.663778203125000346e+02,-1.071109218272822403e+02
4.663781132812500232e+02,-1.012479704589507321e+02
4.663784062500000118e+02,-1.059965248412063232e+02
4.663786992187500005e+02,-1.034390447172470431e+02
4.663789921874999891e+02,-1.009316787735998133e+02
4.663792851562500346e+02,-9.762179913010656662e+01
4.663795781250000232e+02,-1.007026227675335406e+02
4.663798710937500118e+02,-1.019742652821339561e+02
4.663801640625000005e+02,-1.015231858947208963e+02
4.663804570312499891e+02,-1.168435921848965506e+02
4.663807500000000346e+02,-1.047208672660941886e+02
4.663810429687500232e+02,-1.218440794482467879e+02
4.663813359375000118e+02,-1.055906625631387072e+02
4.663816289062500005e+02,-1.015461616208473288e+02
4.663819218749999891e+02,-9.881862530584018600e+01
4.663822148437500346e+02,-9.679420988361231082e+01
4.663825078125000232e+02,-9.681030428320660519e+01
4.663828007812500118e+02,-1.004831226056675177e+02
4.663830937500000005e+02,-1.055950223825071674e+02
4.663833867187499891e+02,-1.133678540535498769e+02
4.663836796875000346e+02,-1.041592703865265293e+02
4.663839726562500232e+02,-1.054765429516461808e+02
4.663842656250000118e+02,-1.081872553832865265e+02
4.663845585937500005e+02,-1.040926686696957972e+02
4.663848515624999891e+02,-1.003681794563435261e+02
4.663851445312500346e+02,-9.964464068686015707e+01
4.663854375000000232e+02,-1.046452229305157147e+02
4.663857304687500118e+02,-1.075458661970866672e+02
4.663860234375000005e+02,-1.196953112939335284e+02
4.663863164062499891e+02,-1.075410111701627471e+02
4.663866093750000346e+02,-9.871312720393625284e+01
4.663869023437500232e+02,-1.028214539383108530e+02
4.663871953125000118e+02,-1.048435446401169600e+02
4.663874882812500005e+02,-1.058583148918332739e+02
4.663877812499999891e+02,-1.097784797041919944e+02
4.663880742187500346e+02,-1.157502925648296497e+02
4.663883671875000232e+02,-1.074758222127340730e+02
4.663886601562500118e+02,-1.293407634456954440e+02
4.663889531250000005e+02,-1.059120487071087950e+02
4.663892460937499891e+02,-1.073436103566461952e+02
4.663895390625000346e+02,-1.106631459816448313e+02
4.663898320312500232e+02,-1.043885525285251106e+02
4.663901250000000118e+02,-1.016621358374380861e+02
4.663904179687500005e+02,-1.123310570496596767e+02
4.663907109374999891e+02,-1.049145090630919128e+02
4.663910039062500346e+02,-9.773281384788199944e+01
4.663912968750000232e+02,-1.030121024492082569e+02
4.663915898437500118e+02,-1.067603985523801384e+02
4.663918828125000005e+02,-1.046798086851198377e+02
4.663921757812499891e+02,-9.963888636333022930e+01
4.663924687500000346e+02,-1.029274741790898133e+02
4.663927617187500232e+02,-1.046253575073561706e+02
4.663930546875000118e+02,-1.006810936454278504e+02
4.663933476562500005e+02,-1.067338424321461616e+02
4.663936406249999891e+02,-1.083559642654264366e+02
4.663939335937500346e+02,-1.105331249509476095e+02
4.663942265625000232e+02,-1.076433850530728193e+02
4.663945195312500118e+02,-1.026847465651418929e+02
4.663948125000000005e+02,-1.011246733937868498e+02
4.663951054687499891e+02,-9.825379411789667472e+01
4.663953984375000346e+02,-9.818367025048480912e+01
4.663956914062500232e+02,-1.011247954512236618e+02
4.663959843750000118e+02,-1.185977627980042115e+02
4.663962773437500005e+02,-1.135531188018681235e+02
4.663965703124999891e+02,-1.091642859193250104e+02
4.663968632812500346e+02,-1.112200672871207132e+02
4.663971562500000232e+02,-1.145131595648300618e+02
4.663974492187500118e+02,-1.049398272928058731e+02
4.663977421875000005e+02,-1.071480321555390844e+02
4.663980351562499891e+02,-1.091063424807518913e+02
4.663983281250000346e+02,-1.081324056538325920e+02
4.663986210937500232e+02,-1.042616769858119739e+02
4.663989140625000118e+02,-1.114790248801448342e+02
4.663992070312500005e+02,-1.044151271406923058e+02
4.663994999999999891e+02,-9.852316449484838756e+01
4.663997929687500346e+02,-1.004519784673450147e+02
4.664000859375000232e+02,-1.043068259286357886e+02
4.664003789062500118e+02,-1.000462834543935600e+02
4.664006718750000005e+02,-1.014020424353654306e+02
4.664009648437499891e+02,-1.141295727216967890e+02
4.664012578125000346e+02,-1.058981745321136572e+02
4.664015507812500232e+02,-1.039473729302170284e+02
4.664018437500000118e+02,-1.106741885587068310e+02
4.664021367187500005e+02,-1.099807512561599765e+02
4.664024296874999891e+02,-1.030686918496229794e+02
4.664027226562500346e+02,-1.058779490159118382e+02
4.664030156250000232e+02,-1.055915127311708375e+02
4.664033085937500118e+02,-1.092931340344192250e+02
4.664036015625000005e+02,-1.053754842154217073e+02
4.664038945312499891e+02,-1.044314641199514284e+02
4.664041875000000346e+02,-1.063845959672991910e+02
4.664044804687500232e+02,-1.074267724191931279e+02
4.664047734375000118e+02,-1.308140035502015621e+02
4.664050664062500005e+02,-1.061874083536771991e+02
4.664053593749999891e+02,-1.094345720867431169e+02
4.664056523437500346e+02,-1.086800874772679322e+02
4.664059453125000232e+02,-1.051694550754810678e+02
4.664062382812500118e+02,-1.050499995714366861e+02
4.664065312500000005e+02,-9.890573723910159742e+01
4.664068242187499891e+02,-1.027734087245684123e+02
4.664071171875000346e+02,-1.077910825771492256e+02
4.664074101562500232e+02,-1.074816282207908102e+02
4.664077031250000118e+02,-1.021257416482357883e+02
4.664079960937500005e+02,-9.687477719957925615e+01
4.664082890624999891e+02,-1.033044744094503358e+02
4.664085820312500346e+02,-1.036631175157126705e+02
4.664088750000000232e+02,-9.848206253915509478e+01
4.664091679687500118e+02,-9.814621801027445258e+01
4.664094609375000005e+02,-9.766252728264036875e+01
4.664097539062499891e+02,-9.825419817278279311e+01
4.664100468750000346e+02,-1.109582137324001110e+02
4.664103398437500232e+02,-1.131802595890468410e+02
4.664106328125000118e+02,-1.180567001271183187e+02
4.664109257812500005e+02,-1.083007084561637328e+02
4.664112187499999891e+02,-1.131860768075928263e+02
4.664115117187500346e+02,-1.027313516828949389e+02
4.664118046875000232e+02,-1.095685381159336060e+02
4.664120976562500118e+02,-1.124239852230506074e+02
4.664123906250000005e+02,-1.157396811226581121e+02
4.664126835937499891e+02,-1.044381202475172330e+02
4.664129765625000346e+02,-1.049671001407124038e+02
4.664132695312500232e+02,-1.189608517499071354e+02
4.664135625000000118e+02,-1.107515385170874254e+02
4.664138554687500005e+02,-1.084504306917560399e+02
4.664141484374999891e+02,-1.014032411301799783e+02
4.664144414062500346e+02,-1.068789038263701912e+02
4.664147343750000232e+02,-1.101738270809941866e+02
4.664150273437500118e+02,-1.053570979438917732e+02
4.664153203125000005e+02,-1.087327898828080492e+02
4.664156132812499891e+02,-1.077311936209878525e+02
4.664159062500000346e+02,-1.043438727071220740e+02
4.664161992187500232e+02,-9.982906390579928768e+01
4.664164921875000118e+02,-1.014538487317827418e+02
4.664167851562500005e+02,-1.031730180131640111e+02
4.664170781249999891e+02,-9.956275112744981470e+01
4.664173710937500346e+02,-9.996862127301972123e+01
4.664176640625000232e+02,-1.127822368274770923e+02
4.664179570312500118e+02,-1.055747857791388498e+02
4.664182500000000005e+02,-1.107260267419167263e+02
4.664185429687499891e+02,-1.026462560137693174e+02
4.664188359375000346e+02,-9.818097493654549623e+01
4.664191289062500232e+02,-1.042161956099447906e+02
4.664194218750000118e+02,-1.065760690632856154e+02
4.664197148437500005e+02,-1.170508831185060785e+02
4.664200078124999891e+02,-1.085498812549774925e+02
4.664203007812500346e+02,-1.017551940148887724e+02
4.664205937500000232e+02,-1.063658485621959073e+02
4.664208867187500118e+02,-1.029629334103552338e+02
4.664211796875000005e+02,-1.048739251881786174e+02
4.664214726562499891e+02,-1.020716874416716990e+02
4.664217656250000346e+02,-1.047913824012449311e+02
4.664220585937500232e+02,-1.053169386442283439e+02
4.664223515625000118e+02,-1.089159253482497292e+02
4.664226445312500005e+02,-1.044425244446075567e+02
4.664229374999999891e+02,-1.022540841817709776e+02
4.664232304687500346e+02,-1.148476296752878056e+02
4.664235234375000232e+02,-1.106448931080539637e+02
4.664238164062500118e+02,-1.020621235936114886e+02
4.664241093750000005e+02,-9.997678509443539951e+01
4.664244023437499891e+02,-1.023135207870542445e+02
4.664246953125000346e+02,-1.097307784971842182e+02
4.664249882812500232e+02,-1.022760250404021320e+02
4.664252812500000118e+02,-1.113825823909909900e+02
4.664255742187500005e+02,-1.070799374252406722e+02
4.664258671874999891e+02,-1.064977635324614624e+02
4.664261601562500346e+02,-1.060528201912411674e+02
4.664264531250000232e+02,-1.028643035814484108e+02
4.664267460937500118e+02,-1.147311630748805271e+02
4.664270390625000005e+02,-1.151307352234238124e+02
4.664273320312499891e+02,-1.043670650161027282e+02
4.664276250000000346e+02,-1.020709265460562847e+02
4.664279179687500232e+02,-1.058231655889348133e+02
4.664282109375000118e+02,-1.165641424190409055e+02
4.664285039062500005e+02,-1.056751878892021068e+02
4.664287968749999891e+02,-1.010009105082735914e+02
4.664290898437500346e+02,-1.134904346300503022e+02
4.664293828125000232e+02,-1.004871643794807312e+02
4.664296757812500118e+02,-1.100789819167511183e+02
4.664299687500000005e+02,-1.015806115056988403e+02
4.664302617187499891e+02,-9.969845346911476724e+01
4.664305546875000346e+02,-1.045641561606287695e+02
4.664308476562500232e+02,-1.100010751886177047e+02
4.664311406250000118e+02,-1.047678571196726125e+02
4.664314335937500005e+02,-1.177037214682397916e+02
4.664317265624999891e+02,-1.078883429452226608e+02
4.664320195312500346e+02,-1.114969316458120687e+02
4.664323125000000232e+02,-1.194133471326186964e+02
4.664326054687500118e+02,-1.080194107987430954e+02
4.664328984375000005e+02,-1.004267131922811842e+02
4.664331914062499891e+02,-9.972930106005151174e+01
4.664334843750000346e+02,-1.028858068248398183e+02
4.664337773437500232e+02,-1.040884714376406350e+02
4.664340703125000118e+02,-1.133018203473196763e+02
4.664343632812500005e+02,-1.007657103815650714e+02
4.664346562499999891e+02,-1.065425072558702198e+02
4.664349492187500346e+02,-1.022552772182307308e+02
4.664352421875000232e+02,-1.004698517269578133e+02
4.664355351562500118e+02,-9.992504050617434075e+01
4.664358281250000005e+02,-1.015973730395945864e+02
4.664361210937499891e+02,-1.047279264605710694e+02
4.664364140625000346e+02,-1.061107244463566559e+02
4.664367070312500232e+02,-1.147866530093115642e+02
4.664370000000000118e+02,-1.053424445590004979e+02
4.664372929687500005e+02,-1.010351949233528757e+02
4.664375859374999891e+02,-1.046804349106446210e+02
4.664378789062500346e+02,-1.079555927338418400e+02
4.664381718750000232e+02,-1.045345446139704251e+02
4.664384648437500118e+02,-1.105411158197161399e+02
4.664387578125000005e+02,-1.157338536074157958e+02
4.664390507812499891e+02,-1.017062586935222299e+02
4.664393437500000346e+02,-9.741806486680673061e+01
4.664396367187500232e+02,-1.016258859421137402e+02
4.664399296875000118e+02,-1.081534382491115878e+02
4.664402226562500005e+02,-1.092743638338966434e+02
4.664405156249999891e+02,-1.028546707133366738e+02
4.664408085937500346e+02,-9.902785549758404215e+01
4.664411015625000232e+02,-9.889516561378951565e+01
4.664413945312500118e+02,-1.025602149704548935e+02
4.664416875000000005e+02,-1.037127807978788638e+02
4.664419804687499891e+02,-1.044873144327522283e+02
4.664422734375000346e+02,-1.053316958998720310e+02
4.664425664062500232e+02,-1.050194332696857771e+02
4.664428593750000118e+02,-1.020975926860258198e+02
4.664431523437500005e+02,-1.013346194251979853e+02
4.664434453124999891e+02,-1.126144828409559011e+02
4.664437382812500346e+02,-1.129126408610899688e+02
4.664440312500000232e+02,-1.115114307131961056e+02
4.664443242187500118e+02,-1.159345563414486264e+02
4.664446171875000005e+02,-1.049136656961501757e+02
4.664449101562499891e+02,-1.017997625044360177e+02
4.664452031250000346e+02,-9.919275946338856897e+01
4.664454960937500232e+02,-1.045822713202613556e+02
4.664457890625000118e+02,-1.114867842858545686e+02
4.664460820312500005e+02,-1.099115856994255580e+02
4.664463749999999891e+02,-1.029458287865141983e+02
4.664466679687500346e+02,-1.096802776810282154e+02
4.664469609375000232e+02,-1.121147597511668721e+02
4.664472539062500118e+02,-1.065148738084526769e+02
4.664475468750000005e+02,-1.020690435849903963e+02
4.664478398437499891e+02,-1.017145002206206783e+02
4.664481328125000346e+02,-1.055782528999895362e+02
4.664484257812500232e+02,-1.084111331536601455e+02
4.664487187500000118e+02,-1.124834274097513998e+02
4.664490117187500005e+02,-9.964810372976971564e+01
4.664493046874999891e+02,-1.127691699170069626e+02
4.664495976562500346e+02,-1.038397254686857565e+02
4.664498906250000232e+02,-1.070839925578325449e+02
4.664501835937500118e+02,-1.126450403575415180e+02
4.664504765625000005e+02,-1.060597753998769122e+02
4.664507695312499891e+02,-1.032132678941960648e+02
4.664510625000000346e+02,-1.032221265956332132e+02
4.664513554687500232e+02,-1.033765771017457666e+02
4.664516484375000118e+02,-1.004458749902404406e+02
4.664519414062500005e+02,-1.011097888821387158e+02
4.664522343749999891e+02,-1.115955749150505483e+02
4.664525273437500346e+02,-1.035832914624518537e+02
4.664528203125000232e+02,-1.162193462795454479e+02
4.664531132812500118e+02,-1.052671089470087225e+02
4.664534062500000005e+02,-1.109127791153236018e+02
4.664536992187499891e+02,-1.124238074711895479e+02
4.664539921875000346e+02,-1.073008982120757366e+02
4.664542851562500232e+02,-1.032190451203621109e+02
4.664545781250000118e+02,-1.052170189769768029e+02
4.664548710937500005e+02,-1.041256543402481043e+02
4.664551640624999891e+02,-1.065157070082248794e+02
4.664554570312500346e+02,-1.070458586845963964e+02
4.664557500000000232e+02,-1.082083438384454297e+02
4.664560429687500118e+02,-1.039599948552999962e+02
4.664563359375000005e+02,-9.890516131555884272e+01
4.664566289062499891e+02,-1.101980964653865414e+02
4.664569218750000346e+02,-1.053928613963706482e+02
4.664572148437500232e+02,-1.042238472159601628e+02
4.664575078125000118e+02,-1.054484356095747160e+02
4.664578007812500005e+02,-1.073639698348627576e+02
4.664580937499999891e+02,-1.032811941305231898e+02
4.664583867187500346e+02,-1.100028144459629544e+02
4.664586796875000232e+02,-1.039358660743823748e+02
4.664589726562500118e+02,-1.076222561281888375e+02
4.664592656250000005e+02,-1.103364535538131577e+02
4.664595585937499891e+02,-1.065269961136373809e+02
4.664598515625000346e+02,-1.117535632714409815e+02
4.664601445312500232e+02,-1.039851511458124236e+02
4.664604375000000118e+02,-1.053685427097436786e+02
4.664607304687500005e+02,-1.052810234926919719e+02
4.664610234374999891e+02,-1.154364356355028178e+02
4.664613164062500346e+02,-1.004032219328180418e+02
4.664616093750000232e+02,-1.025324568731693660e+02
4.664619023437500118e+02,-1.073645729551758450e+02
4.664621953125000005e+02,-1.102725947143110687e+02
4.664624882812499891e+02,-1.050656280825928377e+02
4.664627812500000346e+02,-1.080373754778102722e+02
4.664630742187500232e+02,-1.048307573308656515e+02
4.664633671875000118e+02,-1.073318840912213403e+02
4.664636601562500005e+02,-1.036828066573400378e+02
4.664639531249999891e+02,-1.007003532306961517e+02
4.664642460937500346e+02,-1.023793412426298488e+02
4.664645390625000232e+02,-1.013811952916955903e+02
4.664648320312500118e+02,-1.014123827500293231e+02
4.664651250000000005e+02,-1.084007102321033500e+02
4.664654179687499891e+02,-9.818520824564500060e+01
4.664657109375000346e+02,-1.010585858218844635e+02
4.664660039062500232e+02,-1.036444248149347800e+02
4.664662968750000118e+02,-9.646032834644444165e+01
4.664665898437500005e+02,-9.914386173891867315e+01
4.664668828124999891e+02,-1.022579308788862136e+02
4.664671757812500346e+02,-1.079309905141057868e+02
4.664674687500000232e+02,-1.177814883595615072e+02
4.664677617187500118e+02,-1.046284399876370941e+02
4.664680546875000005e+02,-1.056146769515002006e+02
4.664683476562499891e+02,-1.038405722402502676e+02
4.664686406250000346e+02,-1.019830948586461119e+02
4.664689335937500232e+02,-1.002929075203857394e+02
4.664692265625000118e+02,-1.068685922445438621e+02
4.664695195312500005e+02,-1.191363492916377567e+02
4.664698124999999891e+02,-9.794154411978303187e+01
4.664701054687500346e+02,-9.818047775944748423e+01
4.664703984375000232e+02,-1.039128279232327259e+02
4.664706914062500118e+02,-1.036325685575749986e+02
4.664709843750000005e+02,-9.950473523029290845e+01
4.664712773437499891e+02,-9.883138717303242515e+01
4.664715703125000346e+02,-1.029546080649573128e+02
4.664718632812500232e+02,-1.106508662956086084e+02
4.664721562500000118e+02,-1.008965530277224900e+02
4.664724492187500005e+02,-1.062894474621042349e+02
4.664727421874999891e+02,-1.006292006773147989e+02
4.664730351562500346e+02,-1.068327584396943308e+02
4.664733281250000232e+02,-1.098698331937631423e+02
4.664736210937500118e+02,-1.065884040569464588e+02
4.664739140625000005e+02,-1.069405074077742768e+02
4.664742070312499891e+02,-1.046696059581476703e+02
4.664745000000000346e+02,-1.013759792729846367e+02
4.664747929687500232e+02,-1.092662025714656124e+02
4.664750859375000118e+02,-9.839124654510484902e+01
4.664753789062500005e+02,-1.061414731712043960e+02
4.664756718749999891e+02,-1.127695263716862115e+02
4.664759648437500346e+02,-1.089779447415003801e+02
4.664762578125000232e+02,-1.150502434408571162e+02
4.664765507812500118e+02,-1.038885171122572757e+02
4.664768437500000005e+02,-1.121624747211808710e+02
4.664771367187499891e+02,-1.053428172283943240e+02
4.664774296875000346e+02,-1.054721466769903913e+02
4.664777226562500232e+02,-1.047057747011201059e+02
4.664780156250000118e+02,-1.060168148103551431e+02
4.664783085937500005e+02,-1.102861265175808683e+02
4.664786015624999891e+02,-1.057932417177393631e+02
4.664788945312500346e+02,-1.002660087702248859e+02
4.664791875000000232e+02,-9.663188144379807909e+01
4.664794804687500118e+02,-9.777364917139379941e+01
4.664797734375000005e+02,-9.820559603788105107e+01
4.664800664062499891e+02,-1.046674374849067419e+02
4.664803593750000346e+02,-1.091214957391858889e+02
4.664806523437500232e+02,-1.133177259495366371e+02
4.664809453125000118e+02,-1.022380167803146946e+02
4.664812382812500005e+02,-1.033075738120142262e+02
4.664815312499999891e+02,-1.027014491949395563e+02
4.664818242187500346e+02,-1.095093582343085217e+02
4.664821171875000232e+02,-1.103699271725993469e+02
4.664824101562500118e+02,-1.070831320722347471e+02
4.664827031250000005e+02,-1.116665951256523215e+02
4.664829960937499891e+02,-1.109856237860948625e+02
4.664832890625000346e+02,-1.024888825433977786e+02
4.664835820312500232e+02,-9.796433975992259491e+01
4.664838750000000118e+02,-1.074780427263395666e+02
4.664841679687500005e+02,-1.055374188112662495e+02
4.664844609374999891e+02,-1.002647423885456703e+02
4.664847539062500346e+02,-1.006085888389042537e+02
4.664850468750000232e+02,-9.908522822780092554e+01
4.664853398437500118e+02,-1.119911660009796037e+02
4.664856328125000005e+02,-1.089228221089380781e+02
4.664859257812499891e+02,-9.803309611816871438e+01
4.664862187500000346e+02,-9.716131143484632560e+01
4.664865117187500232e+02,-1.020019747079074932e+02
4.664868046875000118e+02,-1.034028450863875861e+02
4.664870976562500005e+02,-1.032248957411272130e+02
4.664873906249999891e+02,-1.046139254554456244e+02
4.664876835937500346e+02,-1.066201068582253981e+02
4.664879765625000232e+02,-1.130627650840841767e+02
4.664882695312500118e+02,-1.039875283699466735e+02
4.664885625000000005e+02,-1.040623042647088994e+02
4.664888554687499891e+02,-1.199097799152568911e+02
4.664891484375000346e+02,-1.014036115637759394e+02
4.664894414062500232e+02,-9.845246292346044470e+01
4.664897343750000118e+02,-9.945504582640174362e+01
4.664900273437500005e+02,-9.909633639574268216e+01
4.664903203124999891e+02,-1.028148511707702824e+02
4.664906132812500346e+02,-1.074970809845344490e+02
4.664909062500000232e+02,-1.069728287397466602e+02
4.664911992187500118e+02,-1.067743345701842657e+02
4.664914921875000005e+02,-1.066358129989980483e+02
4.664917851562499891e+02,-1.025167288743971596e+02
4.664920781250000346e+02,-1.128358137829697085e+02
4.664923710937500232e+02,-9.991462305133907762e+01
4.664926640625000118e+02,-1.028667565517451834e+02
4.664929570312500005e+02,-1.176489896642309532e+02
4.664932499999999891e+02,-1.024473535830734363e+02
4.664935429687500346e+02,-1.063853754320000888e+02
4.664938359375000232e+02,-1.139308069302056765e+02
4.664941289062500118e+02,-1.179938789079273533e+02
4.664944218750000005e+02,-1.036485740186487874e+02
4.664947148437499891e+02,-9.825812105271302244e+01
4.664950078125000346e+02,-9.702324525555837909e+01
4.664953007812500232e+02,-1.005684581087997742e+02
4.664955937500000118e+02,-1.008106601046921469e+02
4.664958867187500005e+02,-9.914646112301470282e+01
4.664961796874999891e+02,-1.009769110224092401e+02
4.664964726562500346e+02,-9.872272343530455885e+01
4.664967656250000232e+02,-9.746363078002575264e+01
4.664970585937500118e+02,-9.974815250034461656e+01
4.664973515625000005e+02,-1.086349997584877656e+02
4.664976445312499891e+02,-1.095221159838225446e+02
4.664979375000000346e+02,-1.042323307708948050e+02
4.664982304687500232e+02,-1.065275473339916488e+02
4.664985234375000118e+02,-1.036306075362811328e+02
4.664988164062500005e+02,-1.040835399943466371e+02
4.664991093749999891e+02,-1.111235183418860828e+02
4.664994023437500346e+02,-1.136970790477500515e+02
4.664996953125000232e+02,-1.053328170292732295e+02
4.664999882812500118e+02,-1.013157551485090551e+02
4.665002812500000005e+02,-1.008568989618659089e+02
4.665005742187499891e+02,-1.073091136954413400e+02
4.665008671875000346e+02,-1.083722037943705629e+02
4.665011601562500232e+02,-1.053584397582244776e+02
4.665014531250000118e+02,-1.102736096450540657e+02
4.665017460937500005e+02,-1.116951948076271890e+02
4.665020390624999891e+02,-1.053123154101003678e+02
4.665023320312500346e+02,-1.129066343754597455e+02
4.665026250000000232e+02,-1.015165372249302322e+02
4.665029179687500118e+02,-1.005189880060868859e+02
4.665032109375000005e+02,-1.045783004979922168e+02
4.665035039062499891e+02,-9.849972372736436910e+01
4.665037968750000346e+02,-9.635648103697910472e+01
4.665040898437500232e+02,-9.926427711775164653e+01
4.665043828125000118e+02,-1.021511441811068153e+02
4.665046757812500005e+02,-1.030333929639111545e+02
4.665049687499999891e+02,-1.028234785489726875e+02
4.665052617187500346e+02,-1.039337223162013970e+02
4.665055546875000232e+02,-1.052878070372917136e+02
4.665058476562500118e+02,-1.227185990649153666e+02
4.665061406250000005e+02,-1.046076890062107339e+02
4.665064335937499891e+02,-1.035262025772698991e+02
4.665067265625000346e+02,-1.080336224945012304e+02
4.665070195312500232e+02,-1.001146481293683763e+02
4.665073125000000118e+02,-9.892430043396225869e+01
4.665076054687500005e+02,-1.055346708978235597e+02
4.665078984374999891e+02,-1.110381006094409031e+02
4.665081914062500346e+02,-1.017065791877205356e+02
4.665084843750000232e+02,-1.076763581249086741e+02
4.665087773437500118e+02,-1.061687409457529441e+02
4.665090703125000005e+02,-9.973353817093604334e+01
4.665093632812499891e+02,-1.001251490681053440e+02
4.665096562500000346e+02,-1.024402060628183762e+02
4.665099492187500232e+02,-1.007033532378003429e+02
4.665102421875000118e+02,-1.061718540199368022e+02
4.665105351562500005e+02,-1.026297819565323408e+02
4.665108281249999891e+02,-1.023665970223887882e+02
4.665111210937500346e+02,-1.142330668277336514e+02
4.665114140625000232e+02,-1.029243292490983208e+02
4.665117070312500118e+02,-1.067476351917724458e+02
4.665120000000000005e+02,-1.062126979117631436e+02
4.665122929687499891e+02,-1.100001592712729490e+02
4.665125859375000346e+02,-1.061708233488998303e+02
4.665128789062500232e+02,-1.030416155405843313e+02
4.665131718750000118e+02,-9.885946672230494414e+01
4.665134648437500005e+02,-1.007147596005316643e+02
4.665137578124999891e+02,-1.051312574630883745e+02
4.665140507812500346e+02,-1.103140027645395946e+02
4.665143437500000232e+02,-9.458111473856885709e+01
4.665146367187500118e+02,-9.698377210599113596e+01
4.665149296875000005e+02,-1.046089848053681948e+02
4.665152226562499891e+02,-1.098068821787157958e+02
4.665155156250000346e+02,-1.132842922676619253e+02
4.665158085937500232e+02,-1.057567100908223949e+02
4.665161015625000118e+02,-1.103324453291374425e+02
4.665163945312500005e+02,-1.096465568939946991e+02
4.665166874999999891e+02,-1.062363213551367238e+02
4.665169804687500346e+02,-1.054357663404825587e+02
4.665172734375000232e+02,-1.061221460681685471e+02
4.665175664062500118e+02,-1.093577208009973987e+02
4.665178593750000005e+02,-1.098696143636235831e+02
4.665181523437499891e+02,-1.002954757454117782e+02
4.665184453125000346e+02,-1.099540841659849235e+02
4.665187382812500232e+02,-1.002506870090531521e+02
4.665190312500000118e+02,-1.024893648232968246e+02
4.665193242187500005e+02,-1.047989726219833386e+02
4.665196171874999891e+02,-1.051933203384533186e+02
4.665199101562500346e+02,-1.002672684281394879e+02
4.665202031250000232e+02,-1.087383907371709455e+02
4.665204960937500118e+02,-1.012311575918656956e+02
4.665207890625000005e+02,-9.940508881985762457e+01
4.665210820312499891e+02,-1.002011699465009258e+02
4.665213750000000346e+02,-9.712008789147985510e+01
4.665216679687500232e+02,-9.460009510729386761e+01
4.665219609375000118e+02,-9.640921803622232744e+01
4.665222539062500005e+02,-1.024705353305487989e+02
4.665225468749999891e+02,-9.981549238853888539e+01
4.665228398437500346e+02,-1.026503532297532075e+02
4.665231328125000232e+02,-1.101800194612536075e+02
4.665234257812500118e+02,-9.804274754797140190e+01
4.665237187500000005e+02,-1.030066472913880204e+02
4.665240117187499891e+02,-1.069308303367030533e+02
4.665243046875000346e+02,-1.151712405933459706e+02
4.665245976562500232e+02,-1.150029958921123665e+02
4.665248906250000118e+02,-1.101953609033834738e+02
4.665251835937500005e+02,-1.061327782089509952e+02
4.665254765624999891e+02,-1.119861473281945337e+02
4.665257695312500346e+02,-1.003969917613707992e+02
4.665260625000000232e+02,-1.053882682984249470e+02
4.665263554687500118e+02,-1.035994316024598447e+02
4.665266484375000005e+02,-1.113718081150808530e+02
4.665269414062499891e+02,-1.006142416134439230e+02
4.665272343750000346e+02,-1.088957403746121742e+02
4.665275273437500232e+02,-1.057773622769827853e+02
4.665278203125000118e+02,-1.010781967861962158e+02
4.665281132812500005e+02,-1.020076755214885793e+02
4.665284062499999891e+02,-1.080660542252379059e+02
4.665286992187500346e+02,-1.145935928213652346e+02
4.665289921875000232e+02,-1.098167339690967736e+02
4.665292851562500118e+02,-1.053904811679400098e+02
4.665295781250000005e+02,-9.851750407736268755e+01
4.665298710937499891e+02,-9.608139027146789601e+01
4.665301640625000346e+02,-1.022854265785856001e+02
4.665304570312500232e+02,-1.083548027892314423e+02
4.665307500000000118e+02,-1.009083700571791269e+02
4.665310429687500005e+02,-1.024573046518606390e+02
4.665313359374999891e+02,-1.071294906257764126e+02
4.665316289062500346e+02,-1.106904756990614516e+02
4.665319218750000232e+02,-1.060484745062362038e+02
4.665322148437500118e+02,-1.013460753215359347e+02
4.665325078125000005e+02,-1.079221443274108339e+02
4.665328007812499891e+02,-1.005092818537503092e+02
4.665330937500000346e+02,-1.011458411295991766e+02
4.665333867187500232e+02,-1.096263640939459947e+02
4.665336796875000118e+02,-1.124271388021329443e+02
4.665339726562500005e+02,-1.058193393005209515e+02
4.665342656249999891e+02,-1.033305233092007143e+02
4.665345585937500346e+02,-1.063778775352270429e+02
4.665348515625000232e+02,-1.016391305162579073e+02
4.665351445312500118e+02,-1.095960828480630482e+02
4.665354375000000005e+02,-1.170122272790777913e+02
4.665357304687499891e+02,-1.025045552926090267e+02
4.665360234375000346e+02,-1.029601626163915142e+02
4.665363164062500232e+02,-1.049742112430491261e+02
4.665366093750000118e+02,-1.037199310167564050e+02
4.665369023437500005e+02,-9.877599268867584215e+01
4.665371953124999891e+02,-1.022117550373037602e+02
4.665374882812500346e+02,-1.055289007168451008e+02
4.665377812500000232e+02,-1.096152970349814666e+02
4.665380742187500118e+02,-1.018964511677414748e+02
4.665383671875000005e+02,-1.042083633826855902e+02
4.665386601562499891e+02,-1.020036116316872352e+02
4.665389531250000346e+02,-9.978229527340420191e+01
4.665392460937500232e+02,-9.889673722642908160e+01
4.665395390625000118e+02,-9.812843175145087571e+01
4.665398320312500005e+02,-9.448331395581050174e+01
4.665401249999999891e+02,-1.001555695669805033e+02
4.665404179687500346e+02,-1.065389206143404266e+02
4.665407109375000232e+02,-1.039811172634009040e+02
4.665410039062500118e+02,-1.044769179363954805e+02
4.665412968750000005e+02,-1.066181171318204974e+02
4.665415898437499891e+02,-1.065046495062369729e+02
4.665418828125000346e+02,-9.982760144723583551e+01
4.665421757812500232e+02,-1.039428277839591175e+02
4.665424687500000118e+02,-1.099810432595770351e+02
4.665427617187500005e+02,-1.030399514565766310e+02
4.665430546874999891e+02,-1.045122777760403352e+02
4.665433476562500346e+02,-1.072136445451405820e+02
4.665436406250000232e+02,-1.008020613984118086e+02
4.665439335937500118e+02,-9.940468717160555912e+01
4.665442265625000005e+02,-1.061252245712185243e+02
4.665445195312499891e+02,-9.925197448132287548e+01
4.665448125000000346e+02,-1.013069186534572452e+02
4.665451054687500232e+02,-1.019592410585019024e+02
4.665453984375000118e+02,-1.071995103144627279e+02
4.665456914062500005e+02,-1.040498363735909493e+02
4.665459843749999891e+02,-9.524138569095032381e+01
4.665462773437500346e+02,-1.001980667309938440e+02
4.665465703125000232e+02,-1.080471022687807050e+02
4.665468632812500118e+02,-9.909790935650413246e+01
4.665471562500000005e+02,-9.874223124970761489e+01
4.665474492187499891e+02,-1.048525331894017967e+02
4.665477421875000346e+02,-1.037084614820395387e+02
4.665480351562500232e+02,-9.814116378089343584e+01
4.665483281250000118e+02,-1.030142857742996512e+02
4.665486210937500005e+02,-1.126509887305983568e+02
4.665489140624999891e+02,-1.021678569197450628e+02
4.665492070312500346e+02,-1.045894983631387021e+02
4.665495000000000232e+02,-9.895198473481295309e+01
4.665497929687500118e+02,-9.959587369700598458e+01
4.665500859375000005e+02,-1.062574774252979779e+02
4.665503789062499891e+02,-9.767640280822318744e+01
4.665506718750000346e+02,-1.017129008216412700e+02
4.665509648437500232e+02,-1.071293923343177994e+02
4.665512578125000118e+02,-1.181272813125332419e+02
4.665515507812500005e+02,-1.012184195162078026e+02
4.665518437499999891e+02,-1.080374122381798827e+02
4.665521367187500346e+02,-9.346985122047478001e+01
4.665524296875000232e+02,-9.806459094198119431e+01
4.665527226562500118e+02,-1.061744084427375014e+02
4.665530156250000005e+02,-1.083052893799862773e+02
4.665533085937499891e+02,-1.178919471965946855e+02
4.665536015625000346e+02,-1.011035502138473703e+02
4.665538945312500232e+02,-1.009938252283807714e+02
4.665541875000000118e+02,-9.985948763878413104e+01
4.665544804687500005e+02,-9.813447736202407157e+01
4.665547734374999891e+02,-9.553369209606651680e+01
4.665550664062500346e+02,-1.042534018308687394e+02
4.665553593750000232e+02,-1.063760845224724250e+02
4.665556523437500118e+02,-1.037613421692633153e+02
4.665559453125000005e+02,-9.702822609012608268e+01
4.665562382812499891e+02,-9.766848910050343591e+01
4.665565312500000346e+02,-1.123441355449315608e+02
4.665568242187500232e+02,-9.809805358963549793e+01
4.665571171875000118e+02,-1.004679495829075506e+02
4.665574101562500005e+02,-1.107070525937636489e+02
4.665577031249999891e+02,-1.055684298102448082e+02
4.665579960937500346e+02,-1.016160066653027059e+02
4.665582890625000232e+02,-9.913119096855930934e+01
4.665585820312500118e+02,-1.016004247809664918e+02
4.665588750000000005e+02,-1.067505901260172720e+02
4.665591679687499891e+02,-1.051878409354783628e+02
4.665594609375000346e+02,-1.019093596275729681e+02
4.665597539062500232e+02,-1.008277372963729022e+02
4.665600468750000118e+02,-1.013336872656829826e+02
4.665603398437500005e+02,-1.029005611964891642e+02
4.665606328124999891e+02,-1.081465208723150084e+02
4.665609257812500346e+02,-1.033633223145548641e+02
4.665612187500000232e+02,-1.035217344337684438e+02
4.665615117187500118e+02,-9.505897574814130735e+01
4.665618046875000005e+02,-9.793288450235692721e+01
4.665620976562499891e+02,-1.096005215927803249e+02
4.665623906250000346e+02,-1.074859993166514300e+02
4.665626835937500232e+02,-1.061404150378077986e+02
4.665629765625000118e+02,-1.098344333430870563e+02
4.665632695312500005e+02,-1.077594715349908228e+02
4.665635624999999891e+02,-1.107107503937469346e+02
4.665638554687500346e+02,-1.002079767386529454e+02
4.665641484375000232e+02,-9.883439258507117131e+01
4.665644414062500118e+02,-9.741934252020956819e+01
4.665647343750000005e+02,-9.982365157005018830e+01
4.665650273437499891e+02,-9.973971456984568817e+01
4.665653203125000346e+02,-9.948295906290007906e+01
4.665656132812500232e+02,-9.821558535074424867e+01
4.665659062500000118e+02,-1.030088768531669672e+02
4.665661992187500005e+02,-1.087218090221792579e+02
4.665664921874999891e+02,-9.847775584058716447e+01
4.665667851562500346e+02,-1.047919755266582342e+02
4.665670781250000232e+02,-1.163062091902518205e+02
4.665673710937500118e+02,-1.009902984609668408e+02
4.665676640625000005e+02,-1.050581208838021041e+02
4.665679570312499891e+02,-1.157822439253540381e+02
4.665682500000000346e+02,-1.024537749767991244e+02
4.665685429687500232e+02,-1.012255986165044703e+02
4.665688359375000118e+02,-1.078463765474174636e+02
4.665691289062500005e+02,-9.904520529307183097e+01
4.665694218749999891e+02,-1.023978503807902172e+02
4.665697148437500346e+02,-1.106980011464813458e+02
4.665700078125000232e+02,-1.061765623170694823e+02
4.665703007812500118e+02,-1.036877024889110857e+02
4.665705937500000005e+02,-1.049216483674067604e+02
4.665708867187499891e+02,-1.175597662452366023e+02
4.665711796875000346e+02,-1.004104450256690484e+02
4.665714726562500232e+02,-9.992668057134886794e+01
4.665717656250000118e+02,-1.108231864616262214e+02
4.665720585937500005e+02,-1.044897876742976592e+02
4.665723515624999891e+02,-1.041781430474750323e+02
4.665726445312500346e+02,-1.033526799735653725e+02
4.665729375000000232e+02,-1.025014645790524241e+02
4.665732304687500118e+02,-9.708642564756578963e+01
4.665735234375000005e+02,-1.109693649855457807e+02
4.665738164062499891e+02,-1.010240307825438606e+02
4.665741093750000346e+02,-9.853377764252955728e+01
4.665744023437500232e+02,-1.000812754021603723e+02
4.665746953125000118e+02,-9.826536395177694772e+01
4.665749882812500005e+02,-9.688192581232486589e+01
4.665752812499999891e+02,-1.003146606295234733e+02
4.665755742187500346e+02,-1.122554683784991596e+02
4.665758671875000232e+02,-1.045182332539105232e+02
4.665761601562500118e+02,-1.057587113936159682e+02
4.665764531250000005e+02,-1.084543631699013417e+02
4.665767460937499891e+02,-1.027200932389682606e+02
4.665770390625000346e+02,-1.029061891345833146e+02
4.665773320312500232e+02,-9.484066750240151578e+01
4.665776250000000118e+02,-9.901472643378112082e+01
4.665779179687500005e+02,-1.005100208422439465e+02
4.665782109374999891e+02,-9.921512828480807400e+01
4.665785039062500346e+02,-1.046169537537751069e+02
4.665787968750000232e+02,-9.667374589793261919e+01
4.665790898437500118e+02,-1.003037218962758743e+02
4.665793828125000005e+02,-1.025962585110970480e+02
4.665796757812499891e+02,-1.111015900546703676e+02
4.665799687500000346e+02,-1.059123241436381022e+02
4.665802617187500232e+02,-9.411375787405933124e+01
4.665805546875000118e+02,-1.053376684601828686e+02
4.665808476562500005e+02,-9.437314158024480548e+01
4.665811406249999891e+02,-9.610367076564905631e+01
4.665814335937500346e+02,-9.632335064896977883e+01
4.665817265625000232e+02,-9.394097774644788501e+01
4.665820195312500118e+02,-9.834342994087222678e+01
4.665823125000000005e+02,-1.088107105266108476e+02
4.665826054687499891e+02,-1.035680723555761773e+02
4.665828984375000346e+02,-1.125763648833528237e+02
4.665831914062500232e+02,-1.213650259206191322e+02
4.665834843750000118e+02,-1.046100183717149577e+02
4.665837773437500005e+02,-1.033007343628459438e+02
4.665840703124999891e+02,-1.053170268351652652e+02
4.665843632812500346e+02,-1.063782257888935590e+02
4.665846562500000232e+02,-1.015273981162174266e+02
4.665849492187500118e+02,-1.160203702087597435e+02
4.665852421875000005e+02,-1.087699894760097550e+02
4.665855351562499891e+02,-1.053343375346169921e+02
4.665858281250000346e+02,-1.028384150220666129e+02
4.665861210937500232e+02,-1.026049532051114568e+02
4.665864140625000118e+02,-1.020386375484179666e+02
4.665867070312500005e+02,-9.831342677531624474e+01
4.665869999999999891e+02,-1.047025592102455676e+02
4.665872929687500346e+02,-1.022839778593203164e+02
4.665875859375000232e+02,-9.735855819066648564e+01
4.665878789062500118e+02,-1.040831398297571440e+02
4.665881718750000005e+02,-1.009295384416771668e+02
4.665884648437499891e+02,-9.587741204120099781e+01
4.665887578125000346e+02,-9.665427333714141866e+01
4.665890507812500232e+02,-1.138200747509988986e+02
4.665893437500000118e+02,-1.076359608974773749e+02
4.665896367187500005e+02,-9.976286350391725932e+01
4.665899296874999891e+02,-1.059871854382300000e+02
4.665902226562500346e+02,-1.017575019768784017e+02
4.665905156250000232e+02,-1.011629731482756824e+02
4.665908085937500118e+02,-1.002274234865092950e+02
4.665911015625000005e+02,-9.937158742474510120e+01
4.665913945312499891e+02,-1.003267477312107445e+02
4.665916875000000346e+02,-1.020633962124852019e+02
4.665919804687500232e+02,-1.012704220253444731e+02
4.665922734375000118e+02,-1.011403859557967877e+02
4.665925664062500005e+02,-9.932930039318115689e+01
4.665928593749999891e+02,-1.021229203759959603e+02
4.665931523437500346e+02,-1.104495156734706285e+02
4.665934453125000232e+02,-1.050975257471706215e+02
4.665937382812500118e+02,-1.002499595707475635e+02
4.665940312500000005e+02,-1.035483746851040792e+02
4.665943242187499891e+02,-9.765766861509179364e+01
4.665946171875000346e+02,-9.582920337585900938e+01
4.665949101562500232e+02,-9.752409583088022771e+01
4.665952031250000118e+02,-9.872300298678507602e+01
4.665954960937500005e+02,-1.007468382654106165e+02
4.665957890624999891e+02,-9.848900174556482057e+01
4.665960820312500346e+02,-9.993084842861424022e+01
4.665963750000000232e+02,-1.047942635396709932e+02
4.665966679687500118e+02,-1.015809860488884624e+02
4.665969609375000005e+02,-1.080127638918147568e+02
4.665972539062499891e+02,-1.110766676764021810e+02
4.665975468750000346e+02,-1.025344735742448989e+02
4.665978398437500232e+02,-1.002991596191400561e+02
4.665981328125000118e+02,-1.021326999349835916e+02
4.665984257812500005e+02,-1.046969878816120314e+02
4.665987187499999891e+02,-1.082837844623575307e+02
4.665990117187500346e+02,-1.104786899110984422e+02
4.665993046875000232e+02,-1.004914111542792057e+02
4.665995976562500118e+02,-9.755973951201522709e+01
4.665998906250000005e+02,-1.138865854351199687e+02
4.666001835937499891e+02,-1.034239131877166216e+02
4.666004765625000346e+02,-1.033925953054942113e+02
4.666007695312500232e+02,-1.041048718390835148e+02
4.666010625000000118e+02,-1.087502905211762823e+02
4.666013554687500005e+02,-1.009516390444538274e+02
4.666016484374999891e+02,-9.832512303469685833e+01
4.666019414062500346e+02,-9.751147378708360236e+01
4.666022343750000232e+02,-1.032768582931168879e+02
4.666025273437500118e+02,-1.060923093848038690e+02
4.666028203125000005e+02,-1.039935183417836839e+02
4.666031132812499891e+02,-1.120135934979577854e+02
4.666034062500000346e+02,-1.056576562837795734e+02
4.666036992187500232e+02,-9.746767469135961903e+01
4.666039921875000118e+02,-9.657417017764167610e+01
4.666042851562500005e+02,-1.129382321047214930e+02
4.666045781249999891e+02,-9.913530403347651543e+01
4.666048710937500346e+02,-9.758209347215070295e+01
4.666051640625000232e+02,-9.813299614904373414e+01
4.666054570312500118e+02,-1.027290637436146312e+02
4.666057500000000005e+02,-9.760425298671663086e+01
4.666060429687499891e+02,-9.767579503776747174e+01
4.666063359375000346e+02,-9.534878436628879683e+01
4.666066289062500232e+02,-9.256398486622778421e+01
4.666069218750000118e+02,-9.379773269216852327e+01
4.666072148437500005e+02,-1.014215088977740606e+02
4.666075078124999891e+02,-1.056272220156506307e+02
4.666078007812500346e+02,-1.095331142675007072e+02
4.666080937500000232e+02,-9.903950706693557038e+01
4.666083867187500118e+02,-9.568721599844221259e+01
4.666086796875000005e+02,-1.028903183481914141e+02
4.666089726562499891e+02,-9.949265705025517548e+01
4.666092656250000346e+02,-1.029226928477234821e+02
4.666095585937500232e+02,-1.056703086316338869e+02
4.666098515625000118e+02,-1.047200417647284496e+02
4.666101445312500005e+02,-1.002117205172827425e+02
4.666104374999999891e+02,-9.571219547392587401e+01
4.666107304687500346e+02,-9.584868822769746544e+01
4.666110234375000232e+02,-9.605594724824851482e+01
4.666113164062500118e+02,-9.933726429262949864e+01
4.666116093750000005e+02,-1.009364355050755790e+02
4.666119023437499891e+02,-1.039440687031784307e+02
4.666121953125000346e+02,-1.042340539997802438e+02
4.666124882812500232e+02,-1.030687528018896870e+02
4.666127812500000118e+02,-9.809779768519241827e+01
4.666130742187500005e+02,-9.354720044078688090e+01
4.666133671874999891e+02,-9.275201747214508430e+01
4.666136601562500346e+02,-9.310037682065583908e+01
4.666139531250000232e+02,-9.649122490591935275e+01
4.666142460937500118e+02,-9.949941070801335741e+01
4.666145390625000005e+02,-9.900376668184721041e+01
4.666148320312499891e+02,-1.120871382268676655e+02
4.666151250000000346e+02,-1.026229699023346029e+02
4.666154179687500232e+02,-1.019878540313435735e+02
4.666157109375000118e+02,-1.027029702356247043e+02
4.666160039062500005e+02,-9.586381882742492166e+01
4.666162968749999891e+02,-9.285477723863047572e+01
4.666165898437500346e+02,-9.563135871851176262e+01
4.666168828125000232e+02,-9.724123657578371649e+01
4.666171757812500118e+02,-9.671031132586632850e+01
4.666174687500000005e+02,-9.769475260036101361e+01
4.666177617187499891e+02,-1.020194635819625972e+02
4.666180546875000346e+02,-9.916839931720473089e+01
4.666183476562500232e+02,-1.038733027811316987e+02
4.666186406250000118e+02,-1.014444551647868877e+02
4.666189335937500005e+02,-9.595660945805376230e+01
4.666192265624999891e+02,-9.415818385987817862e+01
4.666195195312500346e+02,-9.786008871890848582e+01
4.666198125000000232e+02,-9.905418517365900755e+01
4.666201054687500118e+02,-9.909169501137540692e+01
4.666203984375000005e+02,-1.116853028258766471e+02
4.666206914062499891e+02,-9.910292093836660854e+01
4.666209843750000346e+02,-9.725954132402945618e+01
4.666212773437500232e+02,-1.016773890145575194e+02
4.666215703125000118e+02,-9.457696037293982272e+01
4.666218632812500005e+02,-9.899479306591030081e+01
4.666221562499999891e+02,-1.017389790340311606e+02
4.666224492187500346e+02,-1.136224917547624358e+02
4.666227421875000232e+02,-1.159610049819907687e+02
4.666230351562500118e+02,-1.027383077942989900e+02
4.666233281250000005e+02,-9.163141399995038228e+01
4.666236210937499891e+02,-9.048024310236526446e+01
4.666239140625000346e+02,-9.920346362009205166e+01
4.666242070312500232e+02,-1.204482578251301419e+02
4.666245000000000118e+02,-9.964181276241008334e+01
4.666247929687500005e+02,-9.922786730380350662e+01
4.666250859374999891e+02,-9.633915787199353531e+01
4.666253789062500346e+02,-9.821035890236112209e+01
4.666256718750000232e+02,-1.032731546713714010e+02
4.666259648437500118e+02,-1.024080563919963254e+02
4.666262578125000005e+02,-1.081792283316890888e+02
4.666265507812499891e+02,-1.005217847472205364e+02
4.666268437500000346e+02,-1.165211114481089538e+02
4.666271367187500232e+02,-1.043444251372797567e+02
4.666274296875000118e+02,-9.965377905207651565e+01
4.666277226562500005e+02,-1.073820657259789755e+02
4.666280156249999891e+02,-9.638846697357045912e+01
4.666283085937500346e+02,-9.462530230523755392e+01
4.666286015625000232e+02,-1.026360898917967575e+02
4.666288945312500118e+02,-1.120719790839459762e+02
4.666291875000000005e+02,-1.023841468196892208e+02
4.666294804687499891e+02,-1.030458486661251669e+02
4.666297734375000346e+02,-1.002417231972087706e+02
4.666300664062500232e+02,-1.061749710424460318e+02
4.666303593750000118e+02,-1.115469565710345137e+02
4.666306523437500005e+02,-1.033236913863430857e+02
4.666309453124999891e+02,-9.723276087819559166e+01
4.666312382812500346e+02,-9.890060991432049775e+01
4.666315312500000232e+02,-1.081324626751487870e+02
4.666318242187500118e+02,-1.148982490393252363e+02
4.666321171875000005e+02,-9.736565679481671509e+01
4.666324101562499891e+02,-9.513440630316985391e+01
4.666327031250000346e+02,-1.009500269995466795e+02
4.666329960937500232e+02,-9.921603727596392730e+01
4.666332890625000118e+02,-1.007589095828869006e+02
4.666335820312500005e+02,-1.008505333021979311e+02
4.666338749999999891e+02,-9.617080790419944947e+01
4.666341679687500346e+02,-9.498164465109468324e+01
4.666344609375000232e+02,-9.854696054839386932e+01
4.666347539062500118e+02,-1.053030752422287435e+02
4.666350468750000005e+02,-1.061123296999175949e+02
4.666353398437499891e+02,-9.825623009774075456e+01
4.666356328125000346e+02,-9.780066381791942831e+01
4.666359257812500232e+02,-9.968348435572907817e+01
4.666362187500000118e+02,-9.646081311991402174e+01
4.666365117187500005e+02,-1.016393918394192042e+02
4.666368046874999891e+02,-1.028000555972521397e+02
4.666370976562500346e+02,-9.620199389510233345e+01
4.666373906250000232e+02,-9.271318032868016701e+01
4.666376835937500118e+02,-9.460032946995974612e+01
4.666379765625000005e+02,-1.100247702752580494e+02
4.666382695312499891e+02,-1.008705385963526311e+02
4.666385625000000346e+02,-1.008015497104164524e+02
4.666388554687500232e+02,-1.009010781475360119e+02
4.666391484375000118e+02,-9.885583887913931278e+01
4.666394414062500005e+02,-1.019419837720581654e+02
4.666397343749999891e+02,-1.022827702456891075e+02
4.666400273437500346e+02,-1.080715613311837444e+02
4.666403203125000232e+02,-9.971210315764426468e+01
4.666406132812500118e+02,-9.857536421853929198e+01
4.666409062500000005e+02,-1.000721246109868616e+02
4.666411992187499891e+02,-1.022556907203846492e+02
4.666414921875000346e+02,-1.051880027866036329e+02
4.666417851562500232e+02,-1.056766676500618871e+02
4.666420781250000118e+02,-9.671507561845788814e+01
4.666423710937500005e+02,-9.712281725178476677e+01
4.666426640624999891e+02,-9.770309170384607000e+01
4.666429570312500346e+02,-1.057450176516069291e+02
4.666432500000000232e+02,-1.030661706615759101e+02
4.666435429687500118e+02,-1.012626357111780635e+02
4.666438359375000005e+02,-9.746041124588593618e+01
4.666441289062499891e+02,-1.067527958046363210e+02
4.666444218750000346e+02,-1.033209994156590312e+02
4.666447148437500232e+02,-1.015377341756546201e+02
4.666450078125000118e+02,-9.787279627228318191e+01
4.666453007812500005e+02,-1.005125164266997331e+02
4.666455937499999891e+02,-1.107247700518263400e+02
4.666458867187500346e+02,-1.022994345321414897e+02
4.666461796875000232e+02,-1.029920511361899855e+02
4.666464726562500118e+02,-9.934270793441798730e+01
4.666467656250000005e+02,-9.444646503861058306e+01
4.666470585937499891e+02,-9.422540399066939187e+01
4.666473515625000346e+02,-9.301732968762506459e+01
4.666476445312500232e+02,-9.808013511299422760e+01
4.666479375000000118e+02,-1.081530727822609208e+02
4.666482304687500005e+02,-1.086043751892593576e+02
4.666485234374999891e+02,-9.881659130221584064e+01
4.666488164062500346e+02,-9.954667617432541249e+01
4.666491093750000232e+02,-9.634110826514962866e+01
4.666494023437500118e+02,-9.385483731779631000e+01
4.666496953125000005e+02,-9.229632364562721136e+01
4.666499882812499891e+02,-9.719893778731747602e+01
4.666502812500000346e+02,-1.009732433125022766e+02
4.666505742187500232e+02,-9.766873912724295792e+01
4.666508671875000118e+02,-1.013982622395626549e+02
4.666511601562500005e+02,-1.010438727662341449e+02
4.666514531249999891e+02,-1.083006965520272331e+02
4.666517460937500346e+02,-1.006183671656368830e+02
4.666520390625000232e+02,-1.023948520067408481e+02
4.666523320312500118e+02,-1.091905492230651191e+02
4.666526250000000005e+02,-1.039786080744081573e+02
4.666529179687499891e+02,-9.618563033135175999e+01
4.666532109375000346e+02,-9.507913512649219001e+01
4.666535039062500232e+02,-9.480005211638331275e+01
4.666537968750000118e+02,-9.351683619905625733e+01
4.666540898437500005e+02,-9.180528264840633312e+01
4.666543828124999891e+02,-9.416126507171499327e+01
4.666546757812500346e+02,-1.095321647181589526e+02
4.666549687500000232e+02,-9.968438688499246325e+01
4.666552617187500118e+02,-1.062367931098336129e+02
4.666555546875000005e+02,-1.249026919947617671e+02
4.666558476562499891e+02,-1.110695987765106736e+02
4.666561406250000346e+02,-1.006872398678922593e+02
4.666564335937500232e+02,-1.033049251512888134e+02
4.666567265625000118e+02,-1.002192676680851804e+02
4.666570195312500005e+02,-1.043257526910731059e+02
4.666573124999999891e+02,-9.312404207068743744e+01
4.666576054687500346e+02,-9.237532508425006483e+01
4.666578984375000232e+02,-9.742905357126002741e+01
4.666581914062500118e+02,-1.039987869896374946e+02
4.666584843750000005e+02,-1.054144839635393112e+02
4.666587773437499891e+02,-9.975119951883043257e+01
4.666590703125000346e+02,-9.825777105274727319e+01
4.666593632812500232e+02,-1.024298468385863714e+02
4.666596562500000118e+02,-1.116758839228299252e+02
4.666599492187500005e+02,-1.092791208674976531e+02
4.666602421874999891e+02,-1.026408983194789357e+02
4.666605351562500346e+02,-1.018983317304223846e+02
4.666608281250000232e+02,-9.731671864902459390e+01
4.666611210937500118e+02,-1.012609471196017807e+02
4.666614140625000005e+02,-1.055102535047939512e+02
4.666617070312499891e+02,-9.788939928788698808e+01
4.666620000000000346e+02,-9.510310445534763346e+01
4.666622929687500232e+02,-1.017221102570086089e+02
4.666625859375000118e+02,-1.124446186021007890e+02
4.666628789062500005e+02,-1.019404290015322090e+02
4.666631718749999891e+02,-9.569892886156019074e+01
4.666634648437500346e+02,-1.011523358069374012e+02
4.666637578125000232e+02,-9.706291353405569566e+01
4.666640507812500118e+02,-1.084349687560510347e+02
4.666643437500000005e+02,-1.018986901842661297e+02
4.666646367187499891e+02,-9.973416730343498671e+01
4.666649296875000346e+02,-9.332387522084177078e+01
4.666652226562500232e+02,-9.598937387693445089e+01
4.666655156250000118e+02,-1.007219116368619609e+02
4.666658085937500005e+02,-9.577929832991728176e+01
4.666661015624999891e+02,-9.710017178064560994e+01
4.666663945312500346e+02,-1.046275947692873274e+02
4.666666875000000232e+02,-1.064588232765048161e+02
4.666669804687500118e+02,-1.013705491771804930e+02
4.666672734375000005e+02,-1.050992475484923148e+02
4.666675664062499891e+02,-1.079645287730737380e+02
4.666678593750000346e+02,-1.055733043546859449e+02
4.666681523437500232e+02,-1.016170891981177959e+02
4.666684453125000118e+02,-9.475938951585838765e+01
4.666687382812500005e+02,-1.005381806931413990e+02
4.666690312499999891e+02,-9.991752953902690138e+01
4.666693242187500346e+02,-1.042902724785092232e+02
4.666696171875000232e+02,-1.155882498721710760e+02
4.666699101562500118e+02,-1.029775443675642350e+02
4.666702031250000005e+02,-9.858904609161683652e+01
4.666704960937499891e+02,-9.814316682397929981e+01
4.666707890625000346e+02,-1.117929408864255691e+02
4.666710820312500232e+02,-9.306947206245260418e+01
4.666713750000000118e+02,-9.479162751501885964e+01
4.666716679687500005e+02,-9.614894043869448126e+01
4.666719609374999891e+02,-9.652441915527634819e+01
4.666722539062500346e+02,-1.050842580313141070e+02
4.666725468750000232e+02,-1.001558274655615435e+02
4.666728398437500118e+02,-1.096967721300137413e+02
4.666731328125000005e+02,-1.006573897070366570e+02
4.666734257812499891e+02,-1.032919272227630927e+02
4.666737187500000346e+02,-9.761110822138682863e+01
4.666740117187500232e+02,-9.828723152236280214e+01
4.666743046875000118e+02,-1.036066283728058011e+02
4.666745976562500005e+02,-1.240344446420956359e+02
4.666748906249999891e+02,-1.060017510179873881e+02
4.666751835937500346e+02,-9.390407539216019472e+01
4.666754765625000232e+02,-9.459988156035288398e+01
4.666757695312500118e+02,-9.707994506345318086e+01
4.666760625000000005e+02,-9.773997542368988434e+01
4.666763554687499891e+02,-9.485522555502964792e+01
4.666766484375000346e+02,-9.639688085891913261e+01
4.666769414062500232e+02,-1.069984168900545853e+02
4.666772343750000118e+02,-9.925712255968980458e+01
4.666775273437500005e+02,-9.901461548678831548e+01
4.666778203124999891e+02,-1.021414476528520936e+02
4.666781132812500346e+02,-1.025834701222827192e+02
4.666784062500000232e+02,-9.891950367685666379e+01
4.666786992187500118e+02,-1.038397616480162213e+02
4.666789921875000005e+02,-9.408921925033422440e+01
4.666792851562499891e+02,-9.398017452893807899e+01
4.666795781250000346e+02,-1.016220606093050947e+02
4.666798710937500232e+02,-9.892537565950675571e+01
4.666801640625000118e+02,-9.118212513849238121e+01
4.666804570312500005e+02,-9.464496240022791085e+01
4.666807499999999891e+02,-9.659960350226631931e+01
4.666810429687500346e+02,-9.924250025048182522e+01
4.666813359375000232e+02,-1.068643383809085066e+02
4.666816289062500118e+02,-9.894866202448929471e+01
4.666819218750000005e+02,-1.030643483331493542e+02
4.666822148437499891e+02,-1.020689000293777440e+02
4.666825078125000346e+02,-1.078134056396389582e+02
4.666828007812500232e+02,-1.089298925554009543e+02
4.666830937500000118e+02,-9.828211901652559845e+01
4.666833867187500005e+02,-9.783502074263427062e+01
4.666836796874999891e+02,-1.015902802134115177e+02
4.666839726562500346e+02,-1.089559585357590379e+02
4.666842656250000232e+02,-1.068145139314103034e+02
4.666845585937500118e+02,-1.052972974120571337e+02
4.666848515625000005e+02,-1.069840359230134084e+02
4.666851445312499891e+02,-1.065535646010911677e+02
4.666854375000000346e+02,-1.043430801133737305e+02
4.666857304687500232e+02,-9.185674180394413213e+01
4.666860234375000118e+02,-9.155635373563720236e+01
4.666863164062500005e+02,-9.839535796770977072e+01
4.666866093749999891e+02,-1.089175582052946538e+02
4.666869023437500346e+02,-1.024709965825363014e+02
4.666871953125000232e+02,-9.906575378548592425e+01
4.666874882812500118e+02,-1.076682378661865300e+02
4.666877812500000005e+02,-1.024787051952790478e+02
4.666880742187499891e+02,-1.038991938926025682e+02
4.666883671875000346e+02,-9.646983242152698779e+01
4.666886601562500232e+02,-1.018972888134292987e+02
4.666889531250000118e+02,-1.031706132049800573e+02
4.666892460937500005e+02,-9.715257319307374928e+01
4.666895390624999891e+02,-1.136387230973130897e+02
4.666898320312500346e+02,-1.012664410563243678e+02
4.666901250000000232e+02,-9.932015284615798123e+01
4.666904179687500118e+02,-9.928053895800751150e+01
4.666907109375000005e+02,-1.001150514500719311e+02
4.666910039062499891e+02,-1.073927383584897939e+02
4.666912968750000346e+02,-9.690911566504897223e+01
4.666915898437500232e+02,-9.641223400123473652e+01
4.666918828125000118e+02,-9.373025193323934445e+01
4.666921757812500005e+02,-9.983826901010372978e+01
4.666924687499999891e+02,-1.068667305493518711e+02
4.666927617187500346e+02,-1.011842658844298342e+02
4.666930546875000232e+02,-9.511105895124575227e+01
4.666933476562500118e+02,-9.813407768963629962e+01
4.666936406250000005e+02,-1.042433363538037554e+02
4.666939335937499891e+02,-9.840841971893104301e+01
4.666942265625000346e+02,-9.775954836624737254e+01
4.666945195312500232e+02,-9.846587608185686236e+01
4.666948125000000118e+02,-9.719704091005982605e+01
4.666951054687500005e+02,-9.981837304547555334e+01
4.666953984374999891e+02,-1.053545375129749857e+02
4.666956914062500346e+02,-9.641657110995284086e+01
4.666959843750000232e+02,-9.843824683635524764e+01
4.666962773437500118e+02,-1.213539388851035312e+02
4.666965703125000005e+02,-1.015163445227832426e+02
4.666968632812499891e+02,-9.926837779570540476e+01
4.666971562500000346e+02,-9.807545140249018800e+01
4.666974492187500232e+02,-9.822836333712103851e+01
4.666977421875000118e+02,-9.832609784688162335e+01
4.666980351562500005e+02,-9.976306663449517487e+01
4.666983281249999891e+02,-1.013858166754161374e+02
4.666986210937500346e+02,-9.245946452204400146e+01
4.666989140625000232e+02,-1.005419745504293587e+02
4.666992070312500118e+02,-1.089676054145806461e+02
4.666995000000000005e+02,-1.032959054982433713e+02
4.666997929687499891e+02,-9.536937311340483348e+01
4.667000859375000346e+02,-9.819594610367030896e+01
4.667003789062500232e+02,-9.981390353333146948e+01
4.667006718750000118e+02,-1.007386756358600621e+02
4.667009648437500005e+02,-9.690059992035243397e+01
4.667012578124999891e+02,-1.004170656086373725e+02
4.667015507812500346e+02,-1.036222698448148378e+02
4.667018437500000232e+02,-9.940095102162204910e+01
4.667021367187500118e+02,-8.985799978309920277e+01
4.667024296875000005e+02,-9.042539551114856522e+01
4.667027226562499891e+02,-9.415251431381614111e+01
4.667030156250000346e+02,-9.609099200348113357e+01
4.667033085937500232e+02,-1.115752694716273368e+02
4.667036015625000118e+02,-9.552534822370759571e+01
4.667038945312500005e+02,-9.366264110807131260e+01
4.667041874999999891e+02,-9.625115809882986184e+01
4.667044804687500346e+02,-9.807705645467572708e+01
4.667047734375000232e+02,-9.706749791834329244e+01
4.667050664062500118e+02,-9.780219298169544118e+01
4.667053593750000005e+02,-1.020571996456413331e+02
4.667056523437499891e+02,-1.086984081707220895e+02
4.667059453125000346e+02,-1.028915209674467377e+02
4.667062382812500232e+02,-9.268026339523332524e+01
4.667065312500000118e+02,-9.048075001517244687e+01
4.667068242187500005e+02,-1.015503871816187456e+02
4.667071171874999891e+02,-1.078106275962289970e+02
4.667074101562500346e+02,-1.022356741708900358e+02
4.667077031250000232e+02,-1.008987185636054704e+02
4.667079960937500118e+02,-1.066638943604632743e+02
4.667082890625000005e+02,-1.002916057849311073e+02
4.667085820312499891e+02,-1.041166274258948334e+02
4.667088750000000346e+02,-9.590873396455745592e+01
4.667091679687500232e+02,-9.749371380016415856e+01
4.667094609375000118e+02,-9.633945213432022570e+01
4.667097539062500005e+02,-9.467070197913753304e+01
4.667100468749999891e+02,-1.001247868688940628e+02
4.667103398437500346e+02,-9.587723805846975722e+01
4.667106328125000232e+02,-9.405523157351140640e+01
4.667109257812500118e+02,-9.304907929186376236e+01
4.667112187500000005e+02,-9.688675992043060603e+01
4.667115117187499891e+02,-1.113965447610407722e+02
4.667118046875000346e+02,-1.050970472347105442e+02
4.667120976562500232e+02,-1.078298605368378418e+02
4.667123906250000118e+02,-9.928689569280493288e+01
4.667126835937500005e+02,-1.017117828230678214e+02
4.667129765624999891e+02,-1.217409980989214660e+02
4.667132695312500346e+02,-1.075168425301358752e+02
4.667135625000000232e+02,-9.800305868853922675e+01
4.667138554687500118e+02,-9.303156409710612706e+01
4.667141484375000005e+02,-1.014357094448744903e+02
4.667144414062499891e+02,-1.180024606336230022e+02
4.667147343750000346e+02,-9.993127329740033815e+01
4.667150273437500232e+02,-9.736891150620378710e+01
4.667153203125000118e+02,-9.600277981702373609e+01
4.667156132812500005e+02,-1.017796643512226638e+02
4.667159062499999891e+02,-1.019936625189470050e+02
4.667161992187500346e+02,-1.080257148116686636e+02
4.667164921875000232e+02,-1.048766352643593791e+02
4.667167851562500118e+02,-1.013498998598593630e+02
4.667170781250000005e+02,-9.867465700689741936e+01
4.667173710937499891e+02,-9.760109670864179066e+01
4.667176640625000346e+02,-9.519582780455314719e+01
4.667179570312500232e+02,-1.063089260897692725e+02
4.667182500000000118e+02,-9.932105611562109004e+01
4.667185429687500005e+02,-1.008633961634362777e+02
4.667188359374999891e+02,-9.664413938400487325e+01
4.667191289062500346e+02,-1.011236528673187109e+02
4.667194218750000232e+02,-1.020086336352087812e+02
4.667197148437500118e+02,-1.010744337779903788e+02
4.667200078125000005e+02,-1.017791803974588873e+02
4.667203007812499891e+02,-9.437210197160261771e+01
4.667205937500000346e+02,-9.805008020387964507e+01
4.667208867187500232e+02,-1.018264875745916243e+02
4.667211796875000118e+02,-9.491705113217413725e+01
4.667214726562500005e+02,-9.410896444776129499e+01
4.667217656249999891e+02,-1.018362210316949472e+02
4.667220585937500346e+02,-1.034100370092933616e+02
4.667223515625000232e+02,-1.081538100431523475e+02
4.667226445312500118e+02,-9.988601062095567329e+01
4.667229375000000005e+02,-1.013079788988866881e+02
4.667232304687499891e+02,-9.710160643138365799e+01
4.667235234375000346e+02,-1.006324347141377302e+02
4.667238164062500232e+02,-1.075438070320703048e+02
4.667241093750000118e+02,-1.201983217443174397e+02
4.667244023437500005e+02,-1.086966186706611950e+02
4.667246953124999891e+02,-1.019669160359619440e+02
4.667249882812500346e+02,-9.407578997780956342e+01
4.667252812500000232e+02,-9.519696833842124306e+01
4.667255742187500118e+02,-1.148202526645069241e+02
4.667258671875000005e+02,-9.879650156086040624e+01
4.667261601562499891e+02,-1.017942636886990471e+02
4.667264531250000346e+02,-9.769826491874488283e+01
4.667267460937500232e+02,-9.937908578572746876e+01
4.667270390625000118e+02,-9.822739339227780420e+01
4.667273320312500005e+02,-9.737997381644208872e+01
4.667276249999999891e+02,-9.235641685158400094e+01
4.667279179687500346e+02,-1.021401471495322255e+02
4.667282109375000232e+02,-9.737534343340330167e+01
4.667285039062500118e+02,-9.788128691573611206e+01
4.667287968750000005e+02,-1.067060980478107837e+02
4.667290898437499891e+02,-9.682671822995988009e+01
4.667293828125000346e+02,-1.034678549020645875e+02
4.667296757812500232e+02,-9.539465707027225960e+01
4.667299687500000118e+02,-9.782342554814995594e+01
4.667302617187500005e+02,-1.000023662092332017e+02
4.667305546874999891e+02,-9.496687948342399466e+01
4.667308476562500346e+02,-9.903282263944547026e+01
4.667311406250000232e+02,-1.046894176592571313e+02
4.667314335937500118e+02,-1.021631200284270165e+02
4.667317265625000005e+02,-9.906587626369457666e+01
4.667320195312499891e+02,-9.474779834357920549e+01
4.667323125000000346e+02,-9.490921020091002447e+01
4.667326054687500232e+02,-9.907469466181383666e+01
4.667328984375000118e+02,-9.649574537620085835e+01
4.667331914062500005e+02,-1.033429147652898905e+02
4.667334843749999891e+02,-9.439808701047817863e+01
4.667337773437500346e+02,-9.533766542681588874e+01
4.667340703125000232e+02,-9.716739442370949575e+01
4.667343632812500118e+02,-1.043304281860405354e+02
4.667346562500000005e+02,-9.751887593634006635e+01
4.667349492187499891e+02,-1.096323595649584348e+02
4.667352421875000346e+02,-9.820248611160339181e+01
4.667355351562500232e+02,-1.019826299159954601e+02
4.667358281250000118e+02,-9.885628771384185143e+01
4.667361210937500005e+02,-9.784144446081762680e+01
4.667364140624999891e+02,-1.074379406493725924e+02
4.667367070312500346e+02,-9.606064373059204797e+01
4.667370000000000232e+02,-9.576008505039402507e+01
4.667372929687500118e+02,-9.881346801418665393e+01
4.667375859375000005e+02,-1.086216938363821214e+02
4.667378789062499891e+02,-9.872816441608300408e+01
4.667381718750000346e+02,-1.003246078169557620e+02
4.667384648437500232e+02,-1.005069906971075397e+02
4.667387578125000118e+02,-1.029211840496137853e+02
4.667390507812500005e+02,-1.124131596368504091e+02
4.667393437499999891e+02,-1.001031622730300796e+02
4.667396367187500346e+02,-9.584788549432020943e+01
4.667399296875000232e+02,-1.017702996162375086e+02
4.667402226562500118e+02,-9.833379726265592069e+01
4.667405156250000005e+02,-1.153135258747214067e+02
4.667408085937499891e+02,-1.073902519391961903e+02
4.667411015625000346e+02,-9.209122619827076051e+01
4.667413945312500232e+02,-9.259004631741291291e+01
4.667416875000000118e+02,-9.447805237858851513e+01
4.667419804687500005e+02,-9.913859422405514010e+01
4.667422734374999891e+02,-1.011756595830494234e+02
4.667425664062500346e+02,-9.768770481136000683e+01
4.667428593750000232e+02,-1.095463666567207639e+02
4.667431523437500118e+02,-9.884327978747153054e+01
4.667434453125000005e+02,-9.592610194522461597e+01
4.667437382812499891e+02,-9.775173534838137357e+01
4.667440312500000346e+02,-1.004398725937053314e+02
4.667443242187500232e+02,-9.508322021421011527e+01
4.667446171875000118e+02,-9.474787851403071670e+01
4.667449101562500005e+02,-1.098288075098001570e+02
4.667452031249999891e+02,-1.112742346100079374e+02
4.667454960937500346e+02,-1.025375534808579800e+02
4.667457890625000232e+02,-9.956045818960421911e+01
4.667460820312500118e+02,-9.614385823806583176e+01
4.667463750000000005e+02,-9.688161747579199812e+01
4.667466679687499891e+02,-1.044587417755125500e+02
4.667469609375000346e+02,-1.006778364676445108e+02
4.667472539062500232e+02,-1.010060882383928202e+02
4.667475468750000118e+02,-1.051928990051037829e+02
4.667478398437500005e+02,-9.364206941426631658e+01
4.667481328124999891e+02,-9.286257542586361069e+01
4.667484257812500346e+02,-9.949024899084555784e+01
4.667487187500000232e+02,-9.777114945570644977e+01
4.667490117187500118e+02,-9.621041201135506071e+01
4.667493046875000005e+02,-9.863654306621155854e+01
4.667495976562499891e+02,-1.079730104265735946e+02
4.667498906250000346e+02,-9.676503941492127581e+01
4.667501835937500232e+02,-9.698141084119582445e+01
4.667504765625000118e+02,-1.091716121652675611e+02
4.667507695312500005e+02,-9.920928063468446112e+01
4.667510624999999891e+02,-9.410272067463128565e+01
4.667513554687500346e+02,-1.092520162161771680e+02
4.667516484375000232e+02,-1.019542711652496934e+02
4.667519414062500118e+02,-9.552251219966977658e+01
4.667522343750000005e+02,-9.366575068360360490e+01
4.667525273437499891e+02,-9.233022103004991266e+01
4.667528203125000346e+02,-1.034184682419841863e+02
4.667531132812500232e+02,-1.029561241283446407e+02
4.667534062500000118e+02,-1.056194251099847463e+02
4.667536992187500005e+02,-9.418395868801658821e+01
4.667539921874999891e+02,-9.243251964941585186e+01
4.667542851562500346e+02,-9.148802968517981071e+01
4.667545781250000232e+02,-9.424292430844703006e+01
4.667548710937500118e+02,-9.830723478615081490e+01
4.667551640625000005e+02,-1.009010772239111589e+02
4.667554570312499891e+02,-1.008280233432317488e+02
4.667557500000000346e+02,-9.414452593348023868e+01
4.667560429687500232e+02,-9.454684169712173514e+01
4.667563359375000118e+02,-1.043135061151006227e+02
4.667566289062500005e+02,-9.960967193170714040e+01
4.667569218749999891e+02,-9.437391372105889786e+01
4.667572148437500346e+02,-9.605431358069112946e+01
4.667575078125000232e+02,-1.090139437778234424e+02
4.667578007812500118e+02,-9.623096368139329115e+01
4.667580937500000005e+02,-9.968406933980007523e+01
4.667583867187499891e+02,-9.915806561378789752e+01
4.667586796875000346e+02,-1.038244620510492950e+02
4.667589726562500232e+02,-1.018322993255850406e+02
4.667592656250000118e+02,-9.825026153847112198e+01
4.667595585937500005e+02,-9.313756774841934316e+01
4.667598515624999891e+02,-9.414074567710389374e+01
4.667601445312500346e+02,-1.032320059863450155e+02
4.667604375000000232e+02,-9.909314181941816457e+01
4.667607304687500118e+02,-9.182763546684704181e+01
4.667610234375000005e+02,-9.875061771391924026e+01
4.667613164062499891e+02,-1.004875037019507431e+02
4.667616093750000346e+02,-9.496980160009226779e+01
4.667619023437500232e+02,-9.403686110704070700e+01
4.667621953125000118e+02,-9.151052681237675301e+01
4.667624882812500005e+02,-9.403291574710351597e+01
4.667627812499999891e+02,-1.064706343595783409e+02
4.667630742187500346e+02,-1.023007213500983283e+02
4.667633671875000232e+02,-1.058735216974724977e+02
4.667636601562500118e+02,-1.000769029480021857e+02
4.667639531250000005e+02,-1.018658674674618680e+02
4.667642460937499891e+02,-1.003051674567112883e+02
4.667645390625000346e+02,-1.050562742601688342e+02
4.667648320312500232e+02,-9.388724412743161452e+01
4.667651250000000118e+02,-9.091335183978792145e+01
4.667654179687500005e+02,-9.940504961725079625e+01
4.667657109374999891e+02,-9.631395369057821654e+01
4.667660039062500346e+02,-9.362514077120303568e+01
4.667662968750000232e+02,-9.801769944964274828e+01
4.667665898437500118e+02,-9.641700121517429523e+01
4.667668828125000005e+02,-9.460447177534433649e+01
4.667671757812499891e+02,-9.641025876277234374e+01
4.667674687500000346e+02,-1.026953995086284124e+02
4.667677617187500232e+02,-1.062499785158915842e+02
4.667680546875000118e+02,-9.891234121641504373e+01
4.667683476562500005e+02,-9.311143271495259910e+01
4.667686406249999891e+02,-9.002512075572143146e+01
4.667689335937500346e+02,-9.618328428550837828e+01
4.667692265625000232e+02,-9.852156256842583559e+01
4.667695195312500118e+02,-9.881823579894435738e+01
4.667698125000000005e+02,-1.033377441118632021e+02
4.667701054687499891e+02,-1.102333550262662953e+02
4.667703984375000346e+02,-9.745330955694170427e+01
4.667706914062500232e+02,-9.366417582000417497e+01
4.667709843750000118e+02,-1.002606218742852064e+02
4.667712773437500005e+02,-1.042829774755615944e+02
4.667715703124999891e+02,-1.047477479536704550e+02
4.667718632812500346e+02,-9.406447589958860078e+01
4.667721562500000232e+02,-9.055896449450693808e+01
4.667724492187500118e+02,-9.624859589039695607e+01
4.667727421875000005e+02,-9.652005961298223724e+01
4.667730351562499891e+02,-9.370952233257662556e+01
4.667733281250000346e+02,-9.422314598008264852e+01
4.667736210937500232e+02,-9.383478017218689615e+01
4.667739140625000118e+02,-9.965727012040377986e+01
4.667742070312500005e+02,-1.032265216708798050e+02
4.667744999999999891e+02,-1.010243096328755428e+02
4.667747929687500346e+02,-1.024284649775435554e+02
4.667750859375000232e+02,-1.020170779719962013e+02
4.667753789062500118e+02,-9.353868706958800772e+01
4.667756718750000005e+02,-9.518136441578576523e+01
4.667759648437499891e+02,-8.785521462031320539e+01
4.667762578125000346e+02,-9.076340144670821530e+01
4.667765507812500232e+02,-1.013876882726047910e+02
4.667768437500000118e+02,-9.755347600291669607e+01
4.667771367187500005e+02,-9.555066744315367089e+01
4.667774296874999891e+02,-9.955300630829192698e+01
4.667777226562500346e+02,-9.325797753662280343e+01
4.667780156250000232e+02,-9.447448821997792834e+01
4.667783085937500118e+02,-1.015651720936068472e+02
4.667786015625000005e+02,-9.781598288917410855e+01
4.667788945312499891e+02,-9.514072423096021680e+01
4.667791875000000346e+02,-9.735969777190119601e+01
4.667794804687500232e+02,-9.921926760065235840e+01
4.667797734375000118e+02,-9.808799935239503043e+01
4.667800664062500005e+02,-9.809680755672081887e+01
4.667803593749999891e+02,-9.492531355287255224e+01
4.667806523437500346e+02,-9.695527566261077368e+01
4.667809453125000232e+02,-9.052976403566786701e+01
4.667812382812500118e+02,-9.388081711781337901e+01
4.667815312500000005e+02,-9.778488726518548901e+01
4.667818242187499891e+02,-1.053003594169848611e+02
4.667821171875000346e+02,-1.023915780518756549e+02
4.667824101562500232e+02,-1.030707786876202476e+02
4.667827031250000118e+02,-9.473343122647051473e+01
4.667829960937500005e+02,-9.637192675267387187e+01
4.667832890624999891e+02,-1.020599987154496944e+02
4.667835820312500346e+02,-1.070488371645640910e+02
4.667838750000000232e+02,-1.125443175104824434e+02
4.667841679687500118e+02,-9.947740743337084268e+01
4.667844609375000005e+02,-9.193806572825417334e+01
4.667847539062499891e+02,-9.657587006080402148e+01
4.667850468750000346e+02,-1.000511656454092417e+02
4.667853398437500232e+02,-9.705373465188532123e+01
4.667856328125000118e+02,-9.972989499484984321e+01
4.667859257812500005e+02,-1.007513794698890024e+02
4.667862187499999891e+02,-1.025812907251414856e+02
4.667865117187500346e+02,-9.509881571361781027e+01
4.667868046875000232e+02,-9.808264157276681772e+01
4.667870976562500118e+02,-1.104170569609051995e+02
4.667873906250000005e+02,-9.678615965811900423e+01
4.667876835937499891e+02,-9.059019804787831731e+01
4.667879765625000346e+02,-9.234333744006883649e+01
4.667882695312500232e+02,-1.036432986484897754e+02
4.667885625000000118e+02,-1.072714709178224268e+02
4.667888554687500005e+02,-1.044676495630927207e+02
4.667891484374999891e+02,-9.588549526872381534e+01
4.667894414062500346e+02,-1.036579320362895089e+02
4.667897343750000232e+02,-9.432406456194587463e+01
4.667900273437500118e+02,-9.204036659425776179e+01
4.667903203125000005e+02,-1.033686878986579103e+02
4.667906132812499891e+02,-9.894186321498222014e+01
4.667909062500000346e+02,-9.250244990260242162e+01
4.667911992187500232e+02,-9.539670730013178002e+01
4.667914921875000118e+02,-1.120731370509906952e+02
4.667917851562500005e+02,-1.018960793106038665e+02
4.667920781249999891e+02,-9.400658241112816427e+01
4.667923710937500346e+02,-9.024587331156917003e+01
4.667926640625000232e+02,-1.001316502766417216e+02
4.667929570312500118e+02,-1.035172213390721794e+02
4.667932500000000005e+02,-9.863617815584746040e+01
4.667935429687499891e+02,-9.679958209943472980e+01
4.667938359375000346e+02,-1.125282029192009503e+02
4.667941289062500232e+02,-1.010584005971757620e+02
4.667944218750000118e+02,-8.989648388421962011e+01
4.667947148437500005e+02,-9.401443405856453239e+01
4.667950078124999891e+02,-9.644512776039732671e+01
4.667953007812500346e+02,-9.770075425375081579e+01
4.667955937500000232e+02,-1.018755568239438958e+02
4.667958867187500118e+02,-9.594811207168464762e+01
4.667961796875000005e+02,-9.150136169495172567e+01
4.667964726562499891e+02,-9.262995414389543214e+01
4.667967656250000346e+02,-1.030679819616935475e+02
4.667970585937500232e+02,-1.075816198489548157e+02
4.667973515625000118e+02,-1.042833113427772957e+02
4.667976445312500005e+02,-9.858126891302549666e+01
4.667979374999999891e+02,-9.621788563299305963e+01
4.667982304687500346e+02,-9.840955505176422946e+01
4.667985234375000232e+02,-1.025249812378847736e+02
4.667988164062500118e+02,-9.573374571396325905e+01
4.667991093750000005e+02,-9.681256072858745654e+01
4.667994023437499891e+02,-1.062932898588284161e+02
4.667996953125000346e+02,-9.743880257891780161e+01
4.667999882812500232e+02,-9.369246067407239309e+01
4.668002812500000118e+02,-1.006934513751767355e+02
4.668005742187500005e+02,-9.377888334389163560e+01
4.668008671874999891e+02,-9.999388497063097248e+01
4.668011601562500346e+02,-9.275568319788339977e+01
4.668014531250000232e+02,-9.322504282814421117e+01
4.668017460937500118e+02,-9.508145088908511866e+01
4.668020390625000005e+02,-9.252059845084946232e+01
4.668023320312499891e+02,-9.695072344479854110e+01
4.668026250000000346e+02,-9.522030623925998327e+01
4.668029179687500232e+02,-9.451045288338144701e+01
4.668032109375000118e+02,-8.857887163343431780e+01
4.668035039062500005e+02,-8.911741282329845149e+01
4.668037968749999891e+02,-9.545482253344613355e+01
4.668040898437500346e+02,-9.940069301017322800e+01
4.668043828125000232e+02,-9.691556895429705776e+01
4.668046757812500118e+02,-1.016485251723143932e+02
4.668049687500000005e+02,-9.477546230460845322e+01
4.668052617187499891e+02,-9.936815967959951479e+01
4.668055546875000346e+02,-9.015116698420709440e+01
4.668058476562500232e+02,-9.145178824506720616e+01
4.668061406250000118e+02,-9.719331655647039270e+01
4.668064335937500005e+02,-9.675410525804538509e+01
4.668067265624999891e+02,-1.017062002703748931e+02
4.668070195312500346e+02,-1.079733344164774564e+02
4.668073125000000232e+02,-1.091592678629748150e+02
4.668076054687500118e+02,-1.057348342325374091e+02
4.668078984375000005e+02,-9.594505936317098360e+01
4.668081914062499891e+02,-9.529067830755809609e+01
4.668084843750000346e+02,-1.042248624062572731e+02
4.668087773437500232e+02,-9.507288369808665607e+01
4.668090703125000118e+02,-1.028167512929479130e+02
4.668093632812500005e+02,-1.099621403821625876e+02
4.668096562499999891e+02,-1.036002753351431949e+02
4.668099492187500346e+02,-1.006023541024904091e+02
4.668102421875000232e+02,-9.178326473035309618e+01
4.668105351562500118e+02,-8.842576310741526413e+01
4.668108281250000005e+02,-9.225244951438590135e+01
4.668111210937499891e+02,-1.001853467914369702e+02
4.668114140625000346e+02,-9.376466625904180319e+01
4.668117070312500232e+02,-9.545724217936985667e+01
4.668120000000000118e+02,-9.840238131492711204e+01
4.668122929687500005e+02,-1.105094371229525052e+02
4.668125859374999891e+02,-9.271661264648403744e+01
4.668128789062500346e+02,-9.542132368028525491e+01
4.668131718750000232e+02,-9.823969343890618688e+01
4.668134648437500118e+02,-1.019169368418007906e+02
4.668137578125000005e+02,-1.130638719457660812e+02
4.668140507812499891e+02,-1.075143836752170614e+02
4.668143437500000346e+02,-1.041766972656336350e+02
4.668146367187500232e+02,-9.798874707554338670e+01
4.668149296875000118e+02,-9.748830046973910157e+01
4.668152226562500005e+02,-1.012067954426759115e+02
4.668155156249999891e+02,-9.350654898088991729e+01
4.668158085937500346e+02,-9.336034104749705875e+01
4.668161015625000232e+02,-9.676210184025981675e+01
4.668163945312500118e+02,-9.400135362226987468e+01
4.668166875000000005e+02,-9.597685513004486779e+01
4.668169804687499891e+02,-9.726132463996432875e+01
4.668172734375000346e+02,-9.994324934765089097e+01
4.668175664062500232e+02,-9.843190565776254175e+01
4.668178593750000118e+02,-9.677010292903790400e+01
4.668181523437500005e+02,-9.086316287366099687e+01
4.668184453124999891e+02,-1.127987461476268862e+02
4.668187382812500346e+02,-9.255700074595284832e+01
4.668190312500000232e+02,-9.272669291774910505e+01
4.668193242187500118e+02,-9.427683361789496530e+01
4.668196171875000005e+02,-9.886852392963491809e+01
4.668199101562499891e+02,-1.001558937981544943e+02
4.668202031250000346e+02,-1.001945785688943005e+02
4.668204960937500232e+02,-9.797566630711985169e+01
4.668207890625000118e+02,-9.407259870573660976e+01
4.668210820312500005e+02,-9.828753498589568949e+01
4.668213749999999891e+02,-9.543504663006716271e+01
4.668216679687500346e+02,-9.396399095190594153e+01
4.668219609375000232e+02,-9.637979614373659842e+01
4.668222539062500118e+02,-9.832607907347917831e+01
4.668225468750000005e+02,-9.589161245664959665e+01
4.668228398437499891e+02,-1.024876909047341940e+02
4.668231328125000346e+02,-9.798473541265308029e+01
4.668234257812500232e+02,-9.622073468095516091e+01
4.668237187500000118e+02,-9.617061915865910748e+01
4.668240117187500005e+02,-9.732311622483487668e+01
4.668243046874999891e+02,-1.162860153118577244e+02
4.668245976562500346e+02,-1.137253055983995296e+02
4.668248906250000232e+02,-1.030840968756400713e+02
4.668251835937500118e+02,-1.042331413436991454e+02
4.668254765625000005e+02,-9.333587771323443860e+01
4.668257695312499891e+02,-9.885704266292390230e+01
4.668260625000000346e+02,-9.877223864726978775e+01
4.668263554687500232e+02,-1.004160793752934211e+02
4.668266484375000118e+02,-9.738125493687383027e+01
4.668269414062500005e+02,-9.374003313762840151e+01
4.668272343749999891e+02,-9.900998557494581576e+01
4.668275273437500346e+02,-9.285051122758648035e+01
4.668278203125000232e+02,-1.017114111426090517e+02
4.668281132812500118e+02,-9.640280770787978781e+01
4.668284062500000005e+02,-1.118369352153402758e+02
4.668286992187499891e+02,-1.036925691854133049e+02
4.668289921875000346e+02,-1.056005267390635538e+02
4.668292851562500232e+02,-1.081118497106752159e+02
4.668295781250000118e+02,-1.016993125599850742e+02
4.668298710937500005e+02,-1.046980303401677190e+02
4.668301640624999891e+02,-1.008547659155843803e+02
4.668304570312500346e+02,-9.285859135748113147e+01
4.668307500000000232e+02,-9.089046240074793559e+01
4.668310429687500118e+02,-9.747381317061930872e+01
4.668313359375000005e+02,-9.325837692335537099e+01
4.668316289062499891e+02,-9.461243143219900276e+01
4.668319218750000346e+02,-1.072633804981472139e+02
4.668322148437500232e+02,-1.067406072425491317e+02
4.668325078125000118e+02,-1.052652121425387293e+02
4.668328007812500005e+02,-9.394097819249824965e+01
4.668330937499999891e+02,-9.738155607523077606e+01
4.668333867187500346e+02,-9.411267171450001001e+01
4.668336796875000232e+02,-9.567459185442044145e+01
4.668339726562500118e+02,-9.370531432181833509e+01
4.668342656250000005e+02,-9.418174205021882983e+01
4.668345585937499891e+02,-1.120092005160209823e+02
4.668348515625000346e+02,-9.403094955774569996e+01
4.668351445312500232e+02,-9.949323337978776749e+01
4.668354375000000118e+02,-9.004293913597032883e+01
4.668357304687500005e+02,-9.365109405339610760e+01
4.668360234374999891e+02,-9.601816891194863501e+01
4.668363164062500346e+02,-9.642626977215729767e+01
4.668366093750000232e+02,-1.093046351257314228e+02
4.668369023437500118e+02,-9.636524149733760680e+01
4.668371953125000005e+02,-9.646550437902290298e+01
4.668374882812499891e+02,-9.689457196073664136e+01
4.668377812500000346e+02,-1.002737475189941421e+02
4.668380742187500232e+02,-9.087017916194662348e+01
4.668383671875000118e+02,-8.836802041368139271e+01
4.668386601562500005e+02,-9.902881235516042580e+01
4.668389531249999891e+02,-1.144840307402759407e+02
4.668392460937500346e+02,-1.078176802951956290e+02
4.668395390625000232e+02,-9.720433556467263259e+01
4.668398320312500118e+02,-9.117639682982060378e+01
4.668401250000000005e+02,-9.590350477271881857e+01
4.668404179687499891e+02,-1.035537797261544313e+02
4.668407109375000346e+02,-1.094327489450515856e+02
4.668410039062500232e+02,-1.084932452634622848e+02
4.668412968750000118e+02,-9.700186717154409166e+01
4.668415898437500005e+02,-9.434746929583523922e+01
4.668418828124999891e+02,-9.320373217640344876e+01
4.668421757812500346e+02,-9.030728518264203331e+01
4.668424687500000232e+02,-8.829003529068366163e+01
4.668427617187500118e+02,-9.418637280186075600e+01
4.668430546875000005e+02,-9.754561467475272707e+01
4.668433476562499891e+02,-8.868482758922684184e+01
4.668436406250000346e+02,-8.649180806999854099e+01
4.668439335937500232e+02,-8.746417003207297114e+01
4.668442265625000118e+02,-8.798955006504884579e+01
4.668445195312500005e+02,-9.431156673837344329e+01
4.668448124999999891e+02,-9.454955005040062588e+01
4.668451054687500346e+02,-9.712311365723533640e+01
4.668453984375000232e+02,-1.005174804805834441e+02
4.668456914062500118e+02,-1.053800567773305232e+02
4.668459843750000005e+02,-9.636231637285459328e+01
4.668462773437499891e+02,-9.864117592820186076e+01
4.668465703125000346e+02,-9.272864740283095841e+01
4.668468632812500232e+02,-9.848161296254799879e+01
4.668471562500000118e+02,-9.584287382127897104e+01
4.668474492187500005e+02,-1.113004504578906051e+02
4.668477421874999891e+02,-1.079093679681669613e+02
4.668480351562500346e+02,-9.367494484708232960e+01
4.668483281250000232e+02,-9.069530975257714545e+01
4.668486210937500118e+02,-9.948739451107601894e+01
4.668489140625000005e+02,-1.007310224423224838e+02
4.668492070312499891e+02,-9.620191808741429895e+01
4.668495000000000346e+02,-9.499207801584084621e+01
4.668497929687500232e+02,-1.051556700856317406e+02
4.668500859375000118e+02,-1.022895991480646529e+02
4.668503789062500005e+02,-9.857587183111958495e+01
4.668506718749999891e+02,-9.178122501217393392e+01
4.668509648437500346e+02,-9.123637314773658602e+01
4.668512578125000232e+02,-9.703792798153543231e+01
4.668515507812500118e+02,-9.418385439584221785e+01
4.668518437500000005e+02,-9.643598889842223798e+01
4.668521367187499891e+02,-9.735355492328125138e+01
4.668524296875000346e+02,-9.993076774039387544e+01
4.668527226562500232e+02,-1.020860488422550532e+02
4.668530156250000118e+02,-9.466602416483891602e+01
4.668533085937500005e+02,-9.452323775070077261e+01
4.668536015624999891e+02,-9.933989004472326201e+01
4.668538945312500346e+02,-1.069298431387987449e+02
4.668541875000000232e+02,-9.839886457133613362e+01
4.668544804687500118e+02,-9.040109826482088806e+01
4.668547734375000005e+02,-9.303718563595916180e+01
4.668550664062499891e+02,-9.433741407504841447e+01
4.668553593750000346e+02,-8.987247949549329462e+01
4.668556523437500232e+02,-8.979325626715068154e+01
4.668559453125000118e+02,-9.636195447811698500e+01
4.668562382812500005e+02,-9.410270454650911631e+01
4.668565312499999891e+02,-9.772493318788669114e+01
4.668568242187500346e+02,-9.473788931895411736e+01
4.668571171875000232e+02,-9.816215046799827348e+01
4.668574101562500118e+02,-1.006120561000513476e+02
4.668577031250000005e+02,-9.621456050944581762e+01
4.668579960937499891e+02,-9.564978601445524475e+01
4.668582890625000346e+02,-9.917426807640543984e+01
4.668585820312500232e+02,-9.220677285714175753e+01
4.668588750000000118e+02,-9.055644460422925590e+01
4.668591679687500005e+02,-9.012915293338899403e+01
4.668594609374999891e+02,-9.529942610961553839e+01
4.668597539062500346e+02,-1.248525842501159957e+02
4.668600468750000232e+02,-1.039840940672601164e+02
4.668603398437500118e+02,-9.456852139313434691e+01
4.668606328125000005e+02,-9.223413066896279133e+01
4.668609257812499891e+02,-9.283852656434601158e+01
4.668612187500000346e+02,-9.293051862866238366e+01
4.668615117187500232e+02,-9.321177047221726752e+01
4.668618046875000118e+02,-1.006682448210072778e+02
4.668620976562500005e+02,-1.011748976971931882e+02
4.668623906249999891e+02,-9.582320444576961904e+01
4.668626835937500346e+02,-9.450272843058166927e+01
4.668629765625000232e+02,-9.150192913926794347e+01
4.668632695312500118e+02,-9.089393129619989509e+01
4.668635625000000005e+02,-9.731409068567566578e+01
4.668638554687499891e+02,-9.667151099028465921e+01
4.668641484375000346e+02,-9.692366707591378372e+01
4.668644414062500232e+02,-9.876816620957407622e+01
4.668647343750000118e+02,-9.132154930537180348e+01
4.668650273437500005e+02,-8.862602230116650048e+01
4.668653203124999891e+02,-9.092669825583116960e+01
4.668656132812500346e+02,-1.095319854186357134e+02
4.668659062500000232e+02,-1.006404889737855228e+02
4.668661992187500118e+02,-9.715809900008544275e+01
4.668664921875000005e+02,-9.089736391779942437e+01
4.668667851562499891e+02,-9.333728738371195277e+01
4.668670781250000346e+02,-1.101144722595974343e+02
4.668673710937500232e+02,-9.180641532327399545e+01
4.668676640625000118e+02,-9.079178187835356084e+01
4.668679570312500005e+02,-8.996914136967767206e+01
4.668682499999999891e+02,-9.599297463779130624e+01
4.668685429687500346e+02,-9.346401054804906039e+01
4.668688359375000232e+02,-9.064626186793496743e+01
4.668691289062500118e+02,-9.713764384853826073e+01
4.668694218750000005e+02,-9.572677197070328248e+01
4.668697148437499891e+02,-9.556642748291638156e+01
4.668700078125000346e+02,-9.548740920663219356e+01
4.668703007812500232e+02,-9.722135200586372150e+01
4.668705937500000118e+02,-9.138124064981690253e+01
4.668708867187500005e+02,-9.307344796684894561e+01
4.668711796874999891e+02,-1.056054665032340267e+02
4.668714726562500346e+02,-9.654045382776476458e+01
4.668717656250000232e+02,-9.330505556730059880e+01
4.668720585937500118e+02,-9.456314463234839707e+01
4.668723515625000005e+02,-9.374000321076934483e+01
4.668726445312499891e+02,-9.240702717578095360e+01
4.668729375000000346e+02,-9.582415506734646726e+01
4.668732304687500232e+02,-9.767700833831679574e+01
4.668735234375000118e+02,-9.213530742700203291e+01
4.668738164062500005e+02,-8.904971882710482589e+01
4.668741093749999891e+02,-8.907877785390850534e+01
4.668744023437500346e+02,-9.124481095213212711e+01
4.668746953125000232e+02,-9.470449832251145494e+01
4.668749882812500118e+02,-9.110328813741563181e+01
4.668752812500000005e+02,-9.211498650791354237e+01
4.668755742187499891e+02,-1.052513555860104191e+02
4.668758671875000346e+02,-9.567540790381470117e+01
4.668761601562500232e+02,-9.240031927164908154e+01
4.668764531250000118e+02,-8.889113827537983070e+01
4.668767460937500005e+02,-9.550033975614195469e+01
4.668770390624999891e+02,-9.763827059890732585e+01
4.668773320312500346e+02,-9.808075461670192396e+01
4.668776250000000232e+02,-9.853313297223108691e+01
4.668779179687500118e+02,-9.133247313513216170e+01
4.668782109375000005e+02,-8.896245907078116488e+01
4.668785039062499891e+02,-9.734524747634615949e+01
4.668787968750000346e+02,-9.794810973782107055e+01
4.668790898437500232e+02,-9.869264234396277402e+01
4.668793828125000118e+02,-9.351713232888455707e+01
4.668796757812500005e+02,-9.266111409527277942e+01
4.668799687499999891e+02,-9.402473985871820616e+01
4.668802617187500346e+02,-9.151720078298589556e+01
4.668805546875000232e+02,-1.046653039174822197e+02
4.668808476562500118e+02,-1.010411335456523574e+02
4.668811406250000005e+02,-9.624297000213998388e+01
4.668814335937499891e+02,-9.688433295527073597e+01
4.668817265625000346e+02,-1.033960303141046921e+02
4.668820195312500232e+02,-9.885386146477124214e+01
4.668823125000000118e+02,-9.648000558048421738e+01
4.668826054687500005e+02,-9.477483620420832722e+01
4.668828984374999891e+02,-9.570047758982883579e+01
4.668831914062500346e+02,-1.008956098675394486e+02
4.668834843750000232e+02,-9.929365008916443003e+01
4.668837773437500118e+02,-1.037525052982161355e+02
4.668840703125000005e+02,-9.505824240088072941e+01
4.668843632812499891e+02,-9.358955361130480810e+01
4.668846562500000346e+02,-9.109280842286572977e+01
4.668849492187500232e+02,-9.179183883824182999e+01
4.668852421875000118e+02,-9.816881935769990264e+01
4.668855351562500005e+02,-1.064916205223210710e+02
4.668858281249999891e+02,-9.925686428980301912e+01
4.668861210937500346e+02,-9.342643145966276563e+01
4.668864140625000232e+02,-9.785262731113293455e+01
4.668867070312500118e+02,-9.770840893257228288e+01
4.668870000000000005e+02,-9.760905557674540489e+01
4.668872929687499891e+02,-1.002340817309111998e+02
4.668875859375000346e+02,-9.936475400245343792e+01
4.668878789062500232e+02,-9.709211163035089953e+01
4.668881718750000118e+02,-9.476812293924588460e+01
4.668884648437500005e+02,-9.640450898605011787e+01
4.668887578124999891e+02,-9.434358520940863002e+01
4.668890507812500346e+02,-9.286974350335141537e+01
4.668893437500000232e+02,-9.379800659031874943e+01
4.668896367187500118e+02,-9.550403135604696558e+01
4.668899296875000005e+02,-9.236377085184459190e+01
4.668902226562499891e+02,-8.896189949455633439e+01
4.668905156250000346e+02,-9.433174020350720923e+01
4.668908085937500232e+02,-9.686862547213061703e+01
4.668911015625000118e+02,-9.888691305188905289e+01
4.668913945312500005e+02,-8.862875238171987746e+01
4.668916874999999891e+02,-9.889988196202207860e+01
4.668919804687500346e+02,-9.661113484606345025e+01
4.668922734375000232e+02,-9.476806393106535609e+01
4.668925664062500118e+02,-9.309799304574481482e+01
4.668928593750000005e+02,-8.951148264432779911e+01
4.668931523437499891e+02,-9.262744219840030269e+01
4.668934453125000346e+02,-9.574818864525114748e+01
4.668937382812500232e+02,-9.234482976074824023e+01
4.668940312500000118e+02,-9.349642004563159503e+01
4.668943242187500005e+02,-9.538350064091213198e+01
4.668946171874999891e+02,-9.235092822062888729e+01
4.668949101562500346e+02,-9.341604045402866063e+01
4.668952031250000232e+02,-9.763841594493555931e+01
4.668954960937500118e+02,-9.319368370935291068e+01
4.668957890625000005e+02,-9.319325723448099552e+01
4.668960820312499891e+02,-9.666467785652352518e+01
4.668963750000000346e+02,-1.042271489271954295e+02
4.668966679687500232e+02,-9.587400961295705315e+01
4.668969609375000118e+02,-8.938541196678738743e+01
4.668972539062500005e+02,-9.327518655493489064e+01
4.668975468749999891e+02,-9.792952065355406432e+01
4.668978398437500346e+02,-9.185637055775546855e+01
4.668981328125000232e+02,-9.998037065464012585e+01
4.668984257812500118e+02,-9.987440604912436015e+01
4.668987187500000005e+02,-9.432137074104950614e+01
4.668990117187499891e+02,-9.811973008858703338e+01
4.668993046875000346e+02,-9.248227833195733183e+01
4.668995976562500232e+02,-9.774172550877122490e+01
4.668998906250000118e+02,-1.119143631136317794e+02
4.669001835937500005e+02,-9.503953140549842260e+01
4.669004765624999891e+02,-8.988246248141172146e+01
4.669007695312500346e+02,-9.047296055889142963e+01
4.669010625000000232e+02,-9.717562376332814722e+01
4.669013554687500118e+02,-9.601728740146818097e+01
4.669016484375000005e+02,-1.241071534507530032e+02
4.669019414062499891e+02,-1.035038084555771718e+02
4.669022343750000346e+02,-9.514217742968361335e+01
4.669025273437500232e+02,-1.032085370221223855e+02
4.669028203125000118e+02,-9.121215630642115002e+01
4.669031132812500005e+02,-9.099281518366109367e+01
4.669034062499999891e+02,-8.987765905542759981e+01
4.669036992187500346e+02,-8.745929333683915274e+01
4.669039921875000232e+02,-8.956808687369957056e+01
4.669042851562500118e+02,-9.978027263809107694e+01
4.669045781250000005e+02,-9.450078390950530149e+01
4.669048710937499891e+02,-9.610386517947283380e+01
4.669051640625000346e+02,-1.246131136796392838e+02
4.669054570312500232e+02,-9.955012418370280614e+01
4.669057500000000118e+02,-8.952831823686254609e+01
4.669060429687500005e+02,-9.148527163441279697e+01
4.669063359374999891e+02,-8.865655345614209182e+01
4.669066289062500346e+02,-9.628866155514403147e+01
4.669069218750000232e+02,-9.297146703001186552e+01
4.669072148437500118e+02,-9.460805399007011829e+01
4.669075078125000005e+02,-9.237839234717652914e+01
4.669078007812499891e+02,-9.214770903227611143e+01
4.669080937500000346e+02,-9.742608198855654678e+01
4.669083867187500232e+02,-9.589740958444551211e+01
4.669086796875000118e+02,-9.684961405659676359e+01
4.669089726562500005e+02,-9.355585260327929120e+01
4.669092656249999891e+02,-9.042190776354395609e+01
4.669095585937500346e+02,-9.396777271290258682e+01
4.669098515625000232e+02,-1.132171636859293358e+02
4.669101445312500118e+02,-9.700166207269617757e+01
4.669104375000000005e+02,-9.519492417394685901e+01
4.669107304687499891e+02,-9.927488156427402544e+01
4.669110234375000346e+02,-9.523689151874704351e+01
4.669113164062500232e+02,-9.712037146110603203e+01
4.669116093750000118e+02,-1.020785492267806802e+02
4.669119023437500005e+02,-9.786485431626263676e+01
4.669121953124999891e+02,-9.848923011454505172e+01
4.669124882812500346e+02,-9.671536153653966039e+01
4.669127812500000232e+02,-1.004441916558688774e+02
4.669130742187500118e+02,-9.714831882945107111e+01
4.669133671875000005e+02,-1.034924192780237320e+02
4.669136601562499891e+02,-9.452007438933634376e+01
4.669139531250000346e+02,-1.014102624431414199e+02
4.669142460937500232e+02,-9.491671108224586817e+01
4.669145390625000118e+02,-9.602772306607228359e+01
4.669148320312500005e+02,-1.057394969121285158e+02
4.669151249999999891e+02,-1.047297574939177167e+02
4.669154179687500346e+02,-9.786770107648339945e+01
4.669157109375000232e+02,-9.056492924105567965e+01
4.669160039062500118e+02,-8.854021909317090433e+01
4.669162968750000005e+02,-8.978561621646058200e+01
4.669165898437499891e+02,-8.833164550288174155e+01
4.669168828125000346e+02,-8.947199516155021115e+01
4.669171757812500232e+02,-9.536834947507294657e+01
4.669174687500000118e+02,-1.076787168612050039e+02
4.669177617187500005e+02,-1.073221792895363222e+02
4.669180546874999891e+02,-1.075597127300748781e+02
4.669183476562500346e+02,-9.441931101276637150e+01
4.669186406250000232e+02,-9.567148529617612951e+01
4.669189335937500118e+02,-9.284241341094971744e+01
4.669192265625000005e+02,-8.948691911775894425e+01
4.669195195312499891e+02,-9.367984771853349457e+01
4.669198125000000346e+02,-8.815481435875594229e+01
4.669201054687500232e+02,-9.156606933334199994e+01
4.669203984375000118e+02,-1.064707031145087370e+02
4.669206914062500005e+02,-9.424166583193967028e+01
4.669209843749999891e+02,-9.008325888813557469e+01
4.669212773437500346e+02,-9.511122097504195949e+01
4.669215703125000232e+02,-1.046537740561515619e+02
4.669218632812500118e+02,-9.464258795684445147e+01
4.669221562500000005e+02,-9.687589530527311865e+01
4.669224492187499891e+02,-1.012735996171529962e+02
4.669227421875000346e+02,-1.021803363701576188e+02
4.669230351562500232e+02,-9.631454630863919419e+01
4.669233281250000118e+02,-1.053184906202303637e+02
4.669236210937500005e+02,-9.291133697043838424e+01
4.669239140624999891e+02,-8.862163957845572781e+01
4.669242070312500346e+02,-9.408855244137089358e+01
4.669245000000000232e+02,-9.528096946426606451e+01
4.669247929687500118e+02,-9.642459105510482686e+01
4.669250859375000005e+02,-9.020331375432738241e+01
4.669253789062499891e+02,-9.118235345741426556e+01
4.669256718750000346e+02,-9.486268513029801852e+01
4.669259648437500232e+02,-9.239890469854177013e+01
4.669262578125000118e+02,-9.169744105060988204e+01
4.669265507812500005e+02,-9.544293996134848612e+01
4.669268437499999891e+02,-8.860857980383073595e+01
4.669271367187500346e+02,-8.606192744743383116e+01
4.669274296875000232e+02,-8.811510203575346623e+01
4.669277226562500118e+02,-1.060637793989661901e+02
4.669280156250000005e+02,-9.522230646526743669e+01
4.669283085937499891e+02,-9.370106100303523533e+01
4.669286015625000346e+02,-9.539724432179328062e+01
4.669288945312500232e+02,-9.501547339889056332e+01
4.669291875000000118e+02,-9.674776759240840818e+01
4.669294804687500005e+02,-8.780180234375976056e+01
4.669297734374999891e+02,-8.941601246416743720e+01
4.669300664062500346e+02,-8.895028622404811358e+01
4.669303593750000232e+02,-8.806466982236698016e+01
4.669306523437500118e+02,-9.582142227485768160e+01
4.669309453125000005e+02,-9.485866924963733027e+01
4.669312382812499891e+02,-1.005915657928992601e+02
4.669315312500000346e+02,-9.218072109986408691e+01
4.669318242187500232e+02,-8.813029893736894849e+01
4.669321171875000118e+02,-8.952052225425816800e+01
4.669324101562500005e+02,-9.428574016929090362e+01
4.669327031249999891e+02,-8.743368273435342530e+01
4.669329960937500346e+02,-8.852582728502665077e+01
4.669332890625000232e+02,-9.987972913120191265e+01
4.669335820312500118e+02,-9.170389179791283141e+01
4.669338750000000005e+02,-9.247610874779638834e+01
4.669341679687499891e+02,-9.292244497052097074e+01
4.669344609375000346e+02,-1.007821619679960889e+02
4.669347539062500232e+02,-9.585092828568754442e+01
4.669350468750000118e+02,-9.324357535094765126e+01
4.669353398437500005e+02,-9.514738760377882443e+01
4.669356328124999891e+02,-9.454851005609511105e+01
4.669359257812500346e+02,-9.386374017693222527e+01
4.669362187500000232e+02,-8.865902218232010057e+01
4.669365117187500118e+02,-8.817566948782774716e+01
4.669368046875000005e+02,-9.601668389482622956e+01
4.669370976562499891e+02,-1.055674353311511595e+02
4.669373906250000346e+02,-1.106062506982262192e+02
4.669376835937500232e+02,-1.177929494704475530e+02
4.669379765625000118e+02,-8.976795297259293704e+01
4.669382695312500005e+02,-9.518265363612654539e+01
4.669385624999999891e+02,-9.700520869584444483e+01
4.669388554687500346e+02,-9.237213290518045028e+01
4.669391484375000232e+02,-9.368167878052118169e+01
4.669394414062500118e+02,-9.974207945639639661e+01
4.669397343750000005e+02,-9.190578193339180757e+01
4.669400273437499891e+02,-9.165283285338688302e+01
4.669403203125000346e+02,-1.021965966130426011e+02
4.669406132812500232e+02,-1.116969424988040629e+02
4.669409062500000118e+02,-9.368525308443672373e+01
4.669411992187500005e+02,-9.046077858861188759e+01
4.669414921874999891e+02,-9.042909529259803492e+01
4.669417851562500346e+02,-9.398218424105054680e+01
4.669420781250000232e+02,-9.576549997455386176e+01
4.669423710937500118e+02,-1.056496136023588122e+02
4.669426640625000005e+02,-9.942758562466732997e+01
4.669429570312499891e+02,-9.518474991749576475e+01
4.669432500000000346e+02,-8.998640040981128152e+01
4.669435429687500232e+02,-8.981554125190208993e+01
4.669438359375000118e+02,-1.010630239425111796e+02
4.669441289062500005e+02,-9.081622172752433642e+01
4.669444218749999891e+02,-9.577484963317344580e+01
4.669447148437500346e+02,-9.065690736352225088e+01
4.669450078125000232e+02,-8.705770561636305160e+01
4.669453007812500118e+02,-9.691268330554258625e+01
4.669455937500000005e+02,-9.623705142666223367e+01
4.669458867187499891e+02,-9.374087038569960839e+01
4.669461796875000346e+02,-1.004852572680006517e+02
4.669464726562500232e+02,-1.057024251887161626e+02
4.669467656250000118e+02,-9.546791549313678615e+01
4.669470585937500005e+02,-9.293329398881907366e+01
4.669473515624999891e+02,-1.049205681423003256e+02
4.669476445312500346e+02,-1.033817259594289197e+02
4.669479375000000232e+02,-9.936147377267651848e+01
4.669482304687500118e+02,-9.663689119256883941e+01
4.669485234375000005e+02,-1.146301467701325691e+02
4.669488164062499891e+02,-9.238104009234848490e+01
4.669491093750000346e+02,-9.305147728294545573e+01
4.669494023437500232e+02,-9.871485166362387531e+01
4.669496953125000118e+02,-9.146621219079801790e+01
4.669499882812500005e+02,-9.895049906117948524e+01
4.669502812499999891e+02,-9.420166771194907085e+01
4.669505742187500346e+02,-9.221984944403276074e+01
4.669508671875000232e+02,-9.539341929212625359e+01
4.669511601562500118e+02,-9.385252579060724543e+01
4.669514531250000005e+02,-9.241720912622324136e+01
4.669517460937499891e+02,-8.736110199635086815e+01
4.669520390625000346e+02,-9.573563836954031103e+01
4.669523320312500232e+02,-9.071133317473012880e+01
4.669526250000000118e+02,-9.756872083465886192e+01
4.669529179687500005e+02,-9.921702888372520590e+01
4.669532109374999891e+02,-9.216902018802939267e+01
4.669535039062500346e+02,-8.874535565775629209e+01
4.669537968750000232e+02,-9.430552600934946383e+01
4.669540898437500118e+02,-9.835725460769597817e+01
4.669543828125000005e+02,-1.092938237520707503e+02
4.669546757812499891e+02,-1.041916024251310091e+02
4.669549687500000346e+02,-9.879332948388164937e+01
4.669552617187500232e+02,-9.407524280819404794e+01
4.669555546875000118e+02,-1.003506288904945052e+02
4.669558476562500005e+02,-1.010999146132574680e+02
4.669561406249999891e+02,-9.082601553155269869e+01
4.669564335937500346e+02,-8.512305271765896464e+01
4.669567265625000232e+02,-8.577005447088731671e+01
4.669570195312500118e+02,-8.929604380248153461e+01
4.669573125000000005e+02,-1.040343412678192294e+02
4.669576054687499891e+02,-9.351235591352644860e+01
4.669578984375000346e+02,-9.127980106091598600e+01
4.669581914062500232e+02,-9.502501515107792329e+01
4.669584843750000118e+02,-8.924402867759496871e+01
4.669587773437500005e+02,-9.138863271723744219e+01
4.669590703124999891e+02,-9.053085155810788365e+01
4.669593632812500346e+02,-8.530489745300671700e+01
4.669596562500000232e+02,-8.494083407005361153e+01
4.669599492187500118e+02,-9.059983109722998051e+01
4.669602421875000005e+02,-9.345824350736668862e+01
4.669605351562499891e+02,-9.336533591963711842e+01
4.669608281250000346e+02,-9.221472818316621556e+01
4.669611210937500232e+02,-9.675143281238923976e+01
4.669614140625000118e+02,-9.497973695135597438e+01
4.669617070312500005e+02,-8.854252217958071469e+01
4.669619999999999891e+02,-9.062276669138395846e+01
4.669622929687500346e+02,-9.751948860571124555e+01
4.669625859375000232e+02,-1.011410434861739702e+02
4.669628789062500118e+02,-9.910749651045651376e+01
4.669631718750000005e+02,-9.598826073557127359e+01
4.669634648437499891e+02,-9.368712138312352522e+01
4.669637578125000346e+02,-9.393984942831961860e+01
4.669640507812500232e+02,-9.757334014433422453e+01
4.669643437500000118e+02,-1.034848426701612567e+02
4.669646367187500005e+02,-9.897827325640135143e+01
4.669649296874999891e+02,-9.962578157354597863e+01
4.669652226562500346e+02,-9.545036908808860687e+01
4.669655156250000232e+02,-9.631595108514710546e+01
4.669658085937500118e+02,-9.942090087742913340e+01
4.669661015625000005e+02,-9.375347220692751193e+01
4.669663945312499891e+02,-1.059806102150655533e+02
4.669666875000000346e+02,-9.483122756892871053e+01
4.669669804687500232e+02,-9.080087041177404217e+01
4.669672734375000118e+02,-1.011682148972897437e+02
4.669675664062500005e+02,-9.236055872121589516e+01
4.669678593749999891e+02,-9.685425087484075846e+01
4.669681523437500346e+02,-9.694595628174477042e+01
4.669684453125000232e+02,-1.033376364146887738e+02
4.669687382812500118e+02,-9.352229423670718234e+01
4.669690312500000005e+02,-9.405315226885622337e+01
4.669693242187499891e+02,-9.003382312739823590e+01
4.669696171875000346e+02,-9.369148179496436057e+01
4.669699101562500232e+02,-9.483410656337676414e+01
4.669702031250000118e+02,-8.977569337843318920e+01
4.669704960937500005e+02,-8.709373163323209610e+01
4.669707890624999891e+02,-8.821787653057243972e+01
4.669710820312500346e+02,-9.530709545913927627e+01
4.669713750000000232e+02,-9.365241943726304896e+01
4.669716679687500118e+02,-8.952576500950803506e+01
4.669719609375000005e+02,-9.726702407210245838e+01
4.669722539062499891e+02,-1.213509063462131792e+02
4.669725468750000346e+02,-1.001259609549214531e+02
4.669728398437500232e+02,-9.574840058435832191e+01
4.669731328125000118e+02,-9.469914605621769965e+01
4.669734257812500005e+02,-9.534181991283382729e+01
4.669737187499999891e+02,-1.055052521993420669e+02
4.669740117187500346e+02,-9.209547815454718034e+01
4.669743046875000232e+02,-9.062866015389482754e+01
4.669745976562500118e+02,-1.012391445950406563e+02
4.669748906250000005e+02,-9.431066766286826919e+01
4.669751835937499891e+02,-1.076313999435223678e+02
4.669754765625000346e+02,-1.068057862864181118e+02
4.669757695312500232e+02,-1.008744271724599884e+02
4.669760625000000118e+02,-9.303946103514900301e+01
4.669763554687500005e+02,-8.943884533712194695e+01
4.669766484374999891e+02,-8.978102853113585979e+01
4.669769414062500346e+02,-9.113562882219689243e+01
4.669772343750000232e+02,-9.184278391265026187e+01
4.669775273437500118e+02,-8.891798731765453567e+01
4.669778203125000005e+02,-9.164132143911528772e+01
4.669781132812499891e+02,-9.139186084986198466e+01
4.669784062500000346e+02,-8.868513088610150419e+01
4.669786992187500232e+02,-9.089135610715058533e+01
4.669789921875000118e+02,-9.208054010564119096e+01
4.669792851562500005e+02,-9.107688011947286100e+01
4.669795781249999891e+02,-9.690497190813550787e+01
4.669798710937500346e+02,-1.164413934662836425e+02
4.669801640625000232e+02,-1.048775951805712623e+02
4.669804570312500118e+02,-9.837887843473104965e+01
4.669807500000000005e+02,-1.083794687587133865e+02
4.669810429687499891e+02,-9.568008840528186454e+01
4.669813359375000346e+02,-1.035975127164847578e+02
4.669816289062500232e+02,-9.412646759985703682e+01
4.669819218750000118e+02,-9.437043932337944341e+01
4.669822148437500005e+02,-9.301451302193092374e+01
4.669825078124999891e+02,-9.400552293381230129e+01
4.669828007812500346e+02,-1.018070107077732445e+02
4.669830937500000232e+02,-9.241744385794288519e+01
4.669833867187500118e+02,-9.266375108663631011e+01
4.669836796875000005e+02,-9.660892086377629084e+01
4.669839726562499891e+02,-9.738328387015218368e+01
4.669842656250000346e+02,-9.040230748959911011e+01
4.669845585937500232e+02,-9.278738542087256747e+01
4.669848515625000118e+02,-8.984990918261397042e+01
4.669851445312500005e+02,-9.025726288209884274e+01
4.669854374999999891e+02,-9.207118050895905981e+01
4.669857304687500346e+02,-1.026316533975849410e+02
4.669860234375000232e+02,-9.779156060579686027e+01
4.669863164062500118e+02,-1.047940868820087985e+02
4.669866093750000005e+02,-1.018069979640507938e+02
4.669869023437499891e+02,-9.447644088282930852e+01
4.669871953125000346e+02,-9.164380456357660876e+01
4.669874882812500232e+02,-9.383669136928162402e+01
4.669877812500000118e+02,-9.840252246542067383e+01
4.669880742187500005e+02,-8.948210421962401995e+01
4.669883671874999891e+02,-9.645699095052576411e+01
4.669886601562500346e+02,-1.004264825076243142e+02
4.669889531250000232e+02,-9.152700560760798965e+01
4.669892460937500118e+02,-8.813331924216853963e+01
4.669895390625000005e+02,-9.434466538992754181e+01
4.669898320312499891e+02,-9.094543816330940444e+01
4.669901250000000346e+02,-9.808697748442935449e+01
4.669904179687500232e+02,-1.019959830205450828e+02
4.669907109375000118e+02,-1.013224142115807211e+02
4.669910039062500005e+02,-9.972033836597728396e+01
4.669912968749999891e+02,-9.483228666826745723e+01
4.669915898437500346e+02,-9.323397524191159391e+01
4.669918828125000232e+02,-9.244533913049070861e+01
4.669921757812500118e+02,-9.469024553257889920e+01
4.669924687500000005e+02,-9.610289666584648671e+01
4.669927617187499891e+02,-1.017310197999967869e+02
4.669930546875000346e+02,-9.632053418524156996e+01
4.669933476562500232e+02,-9.454139488893007126e+01
4.669936406250000118e+02,-9.578888006186018345e+01
4.669939335937500005e+02,-9.279382911258070976e+01
4.669942265624999891e+02,-9.669652455496819243e+01
4.669945195312500346e+02,-1.017412538376220255e+02
4.669948125000000232e+02,-9.805492516713691487e+01
4.669951054687500118e+02,-9.410020012995710204e+01
4.669953984375000005e+02,-9.996510823904057474e+01
4.669956914062499891e+02,-9.296473081793978110e+01
4.669959843750000346e+02,-9.224536375536052901e+01
4.669962773437500232e+02,-9.002172046468076871e+01
4.669965703125000118e+02,-9.446290249484356139e+01
4.669968632812500005e+02,-8.672183564438043391e+01
4.669971562499999891e+02,-8.762242150002305152e+01
4.669974492187500346e+02,-9.028577541099372183e+01
4.669977421875000232e+02,-8.895961978091705191e+01
4.669980351562500118e+02,-8.799910426967095134e+01
4.669983281250000005e+02,-9.252569167100656955e+01
4.669986210937499891e+02,-9.835978096578594432e+01
4.669989140625000346e+02,-9.873726401234259242e+01
4.669992070312500232e+02,-9.838088283258920796e+01
4.669995000000000118e+02,-1.018350094373713119e+02
4.669997929687500005e+02,-1.090447528726246560e+02
4.670000859374999891e+02,-9.005671456943142061e+01
4.670003789062500346e+02,-9.057090624877746166e+01
4.670006718750000232e+02,-1.047301155248811142e+02
4.670009648437500118e+02,-9.775990690498684899e+01
4.670012578125000005e+02,-8.753662197593638439e+01
4.670015507812499891e+02,-8.892053377672445436e+01
4.670018437500000346e+02,-9.143407179423130060e+01
4.670021367187500232e+02,-9.653073652954047645e+01
4.670024296875000118e+02,-9.304319427634001727e+01
4.670027226562500005e+02,-9.178171861491225059e+01
4.670030156249999891e+02,-9.132252101297061131e+01
4.670033085937500346e+02,-8.839500901428823454e+01
4.670036015625000232e+02,-9.871182141747438266e+01
4.670038945312500118e+02,-9.869921448015961118e+01
4.670041875000000005e+02,-9.737184085474248718e+01
4.670044804687499891e+02,-9.490918042059558957e+01
4.670047734375000346e+02,-8.868312571227201602e+01
4.670050664062500232e+02,-9.085032440730125813e+01
4.670053593750000118e+02,-9.196256859422574337e+01
4.670056523437500005e+02,-1.017735493673200864e+02
4.670059453124999891e+02,-9.159106831378984737e+01
4.670062382812500346e+02,-9.637858372756794267e+01
4.670065312500000232e+02,-8.965083957430641703e+01
4.670068242187500118e+02,-8.795714919892756711e+01
4.670071171875000005e+02,-9.298797505537679342e+01
4.670074101562499891e+02,-1.005120878234684625e+02
4.670077031250000346e+02,-9.396412717369827305e+01
4.670079960937500232e+02,-9.317993377099438135e+01
4.670082890625000118e+02,-9.078665074604388963e+01
4.670085820312500005e+02,-9.515627363556312446e+01
4.670088749999999891e+02,-9.857551299576502402e+01
4.670091679687500346e+02,-1.030854646682755913e+02
4.670094609375000232e+02,-9.549563414958994656e+01
4.670097539062500118e+02,-9.569160886188824122e+01
4.670100468750000005e+02,-1.088848926944568802e+02
4.670103398437499891e+02,-9.590793113711733042e+01
4.670106328125000346e+02,-9.981930202853240530e+01
4.670109257812500232e+02,-9.903621298998167788e+01
4.670112187500000118e+02,-9.012348612837435269e+01
4.670115117187500005e+02,-9.168126569329521658e+01
4.670118046874999891e+02,-9.542528077966539968e+01
4.670120976562500346e+02,-9.459120394996912751e+01
4.670123906250000232e+02,-9.514273493121112324e+01
4.670126835937500118e+02,-9.563378255549970675e+01
4.670129765625000005e+02,-9.728264521552367228e+01
4.670132695312499891e+02,-9.790197704131180956e+01
4.670135625000000346e+02,-1.001834865798322767e+02
4.670138554687500232e+02,-9.388600158567230380e+01
4.670141484375000118e+02,-9.485155108794214129e+01
4.670144414062500005e+02,-9.260051649787641281e+01
4.670147343749999891e+02,-9.731955375207365933e+01
4.670150273437500346e+02,-9.519407119527127747e+01
4.670153203125000232e+02,-9.172006508090511545e+01
4.670156132812500118e+02,-9.520151304406846293e+01
4.670159062500000005e+02,-9.277461570879921737e+01
4.670161992187499891e+02,-9.760216399312311353e+01
4.670164921875000346e+02,-1.051985467922957014e+02
4.670167851562500232e+02,-9.484239130981465848e+01
4.670170781250000118e+02,-9.719375789754690231e+01
4.670173710937500005e+02,-8.770292172783629780e+01
4.670176640624999891e+02,-8.727515789797566015e+01
4.670179570312500346e+02,-8.591064491503820477e+01
4.670182500000000232e+02,-8.689701092527668891e+01
4.670185429687500118e+02,-9.107673245065122103e+01
4.670188359375000005e+02,-8.702203777093055237e+01
4.670191289062499891e+02,-8.952280822551128381e+01
4.670194218750000346e+02,-9.601133003341038830e+01
4.670197148437500232e+02,-9.710653120758975376e+01
4.670200078125000118e+02,-9.719615942665414821e+01
4.670203007812500005e+02,-9.025590744959970380e+01
4.670205937499999891e+02,-9.237351344400190101e+01
4.670208867187500346e+02,-8.728425513551229642e+01
4.670211796875000232e+02,-9.930054617933697614e+01
4.670214726562500118e+02,-8.801959932015614640e+01
4.670217656250000005e+02,-9.370030552223214215e+01
4.670220585937499891e+02,-1.042098143374705899e+02
4.670223515625000346e+02,-1.003231114546444758e+02
4.670226445312500232e+02,-8.918219677394182554e+01
4.670229375000000118e+02,-9.099099314246620906e+01
4.670232304687500005e+02,-9.334143483030878485e+01
4.670235234374999891e+02,-9.259927487575305349e+01
4.670238164062500346e+02,-8.818516491418003511e+01
4.670241093750000232e+02,-8.677956020593235564e+01
4.670244023437500118e+02,-9.117142733578545233e+01
4.670246953125000005e+02,-8.980121988353631934e+01
4.670249882812499891e+02,-8.566208252532109668e+01
4.670252812500000346e+02,-8.996783445030713722e+01
4.670255742187500232e+02,-9.914178773868036387e+01
4.670258671875000118e+02,-9.369666418174801947e+01
4.670261601562500005e+02,-9.713462681328525150e+01
4.670264531249999891e+02,-8.880220602236101968e+01
4.670267460937500346e+02,-8.796527199785614926e+01
4.670270390625000232e+02,-9.107925872369247600e+01
4.670273320312500118e+02,-8.468521335442883924e+01
4.670276250000000005e+02,-9.165842572132268629e+01
4.670279179687499891e+02,-9.803588397106742036e+01
4.670282109375000346e+02,-9.308283272127238206e+01
4.670285039062500232e+02,-9.442707514731520746e+01
4.670287968750000118e+02,-9.743032134767977936e+01
4.670290898437500005e+02,-9.768751781829027436e+01
4.670293828124999891e+02,-9.680778471030799892e+01
4.670296757812500346e+02,-8.820532621267224727e+01
4.670299687500000232e+02,-8.778030470479873770e+01
4.670302617187500118e+02,-9.994050051764199338e+01
4.670305546875000005e+02,-1.044246112487552978e+02
4.670308476562499891e+02,-9.400511876753434137e+01
4.670311406250000346e+02,-8.887070457431624959e+01
4.670314335937500232e+02,-9.707404986513715528e+01
4.670317265625000118e+02,-9.579240477942499865e+01
4.670320195312500005e+02,-9.820627812930985101e+01
4.670323124999999891e+02,-1.049365343538401874e+02
4.670326054687500346e+02,-9.479572131379201494e+01
4.670328984375000232e+02,-9.742868966458917157e+01
4.670331914062500118e+02,-9.640972007597196125e+01
4.670334843750000005e+02,-1.016774521400739673e+02
4.670337773437499891e+02,-9.066790800888574609e+01
4.670340703125000346e+02,-9.133883879277144047e+01
4.670343632812500232e+02,-1.062427261251927604e+02
4.670346562500000118e+02,-9.174887012125252284e+01
4.670349492187500005e+02,-9.526089390052885619e+01
4.670352421874999891e+02,-9.323061880859413009e+01
4.670355351562500346e+02,-9.681127394712984824e+01
4.670358281250000232e+02,-8.959873284279395023e+01
4.670361210937500118e+02,-8.785452223568563568e+01
4.670364140625000005e+02,-8.729888375496352637e+01
4.670367070312499891e+02,-8.992923585908937412e+01
4.670370000000000346e+02,-9.959036170370615082e+01
4.670372929687500232e+02,-1.134964839368181089e+02
4.670375859375000118e+02,-9.667968015076652932e+01
4.670378789062500005e+02,-9.039701265149858500e+01
4.670381718749999891e+02,-9.845298987260962065e+01
4.670384648437500346e+02,-8.870064062566831353e+01
4.670387578125000232e+02,-9.084798249397223913e+01
4.670390507812500118e+02,-9.324684268972814039e+01
4.670393437500000005e+02,-9.469057043990849820e+01
4.670396367187499891e+02,-1.007287413421735494e+02
4.670399296875000346e+02,-9.134553630677845604e+01
4.670402226562500232e+02,-8.864586206253342482e+01
4.670405156250000118e+02,-8.783419498045782348e+01
4.670408085937500005e+02,-8.818982239112328614e+01
4.670411015624999891e+02,-9.932231606275314562e+01
4.670413945312500346e+02,-9.852547263170765746e+01
4.670416875000000232e+02,-1.019467808151926249e+02
4.670419804687500118e+02,-9.233965448022988198e+01
4.670422734375000005e+02,-9.387611150926518633e+01
4.670425664062499891e+02,-9.285729122589887652e+01
4.670428593750000346e+02,-9.225598469741024132e+01
4.670431523437500232e+02,-8.492829437335643661e+01
4.670434453125000118e+02,-8.751899473190800904e+01
4.670437382812500005e+02,-1.037502502147223709e+02
4.670440312499999891e+02,-1.040149575383051967e+02
4.670443242187500346e+02,-9.757888153212397242e+01
4.670446171875000232e+02,-9.238334901154567547e+01
4.670449101562500118e+02,-1.009044586187707324e+02
4.670452031250000005e+02,-9.453388805464157940e+01
4.670454960937499891e+02,-9.967000501667862977e+01
4.670457890625000346e+02,-8.823763305682929570e+01
4.670460820312500232e+02,-8.668333597537839808e+01
4.670463750000000118e+02,-9.509001630931433624e+01
4.670466679687500005e+02,-1.003121251441873767e+02
4.670469609374999891e+02,-1.038469246576780165e+02
4.670472539062500346e+02,-1.009671939102749434e+02
4.670475468750000232e+02,-9.734399351719241622e+01
4.670478398437500118e+02,-9.825196480356567008e+01
4.670481328125000005e+02,-9.057471881571684946e+01
4.670484257812499891e+02,-8.705871554574076754e+01
4.670487187500000346e+02,-8.764853286482289718e+01
4.670490117187500232e+02,-8.918119435050795119e+01
4.670493046875000118e+02,-9.070454082706289967e+01
4.670495976562500005e+02,-9.002355725445471535e+01
4.670498906249999891e+02,-8.852373237421495844e+01
4.670501835937500346e+02,-9.524355164652456551e+01
4.670504765625000232e+02,-9.377972135401799392e+01
4.670507695312500118e+02,-9.525614471204147549e+01
4.670510625000000005e+02,-9.347895908763808848e+01
4.670513554687499891e+02,-8.602631782155941664e+01
4.670516484375000346e+02,-8.623143638541428402e+01
4.670519414062500232e+02,-8.703054406549954081e+01
4.670522343750000118e+02,-1.014293003565964284e+02
4.670525273437500005e+02,-1.036094371468293929e+02
4.670528203124999891e+02,-8.896577260850614266e+01
4.670531132812500346e+02,-9.270354911596889735e+01
4.670534062500000232e+02,-9.385025979125850881e+01
4.670536992187500118e+02,-9.271105767789664753e+01
4.670539921875000005e+02,-1.061845443043867476e+02
4.670542851562499891e+02,-1.006219134356453537e+02
4.670545781250000346e+02,-1.006146801162716429e+02
4.670548710937500232e+02,-9.273718766839908767e+01
4.670551640625000118e+02,-9.112084098555000367e+01
4.670554570312500005e+02,-8.991555989868174947e+01
4.670557499999999891e+02,-9.337074876586184757e+01
4.670560429687500346e+02,-9.316276245677866541e+01
4.670563359375000232e+02,-9.017625861228326301e+01
4.670566289062500118e+02,-9.061836371773526366e+01
4.670569218750000005e+02,-9.270954496408671730e+01
4.670572148437499891e+02,-8.700428278849750541e+01
4.670575078125000346e+02,-8.990936083576733040e+01
4.670578007812500232e+02,-9.514507017100700637e+01
4.670580937500000118e+02,-9.790827941899580367e+01
4.670583867187500005e+02,-9.449946863969745436e+01
4.670586796874999891e+02,-1.050037091003184031e+02
4.670589726562500346e+02,-9.971297281174777538e+01
4.670592656250000232e+02,-8.940770619333983404e+01
4.670595585937500118e+02,-8.797141204801144454e+01
4.670598515625000005e+02,-8.992980813426044051e+01
4.670601445312499891e+02,-9.023867368012108159e+01
4.670604375000000346e+02,-8.893445909525155457e+01
4.670607304687500232e+02,-8.716153778768051552e+01
4.670610234375000118e+02,-9.177124429697292385e+01
4.670613164062500005e+02,-1.074168094743971835e+02
4.670616093749999891e+02,-9.767690716134478635e+01
4.670619023437500346e+02,-9.156134879363436596e+01
4.670621953125000232e+02,-8.830041251806915170e+01
4.670624882812500118e+02,-8.618403404087925423e+01
4.670627812500000005e+02,-9.019325474653905417e+01
4.670630742187499891e+02,-9.126324682830748714e+01
4.670633671875000346e+02,-9.234908760679809347e+01
4.670636601562500232e+02,-8.773917851096874188e+01
4.670639531250000118e+02,-9.039153214586517038e+01
4.670642460937500005e+02,-9.534369632987122145e+01
4.670645390624999891e+02,-8.915424653101632657e+01
4.670648320312500346e+02,-9.123981058502801034e+01
4.670651250000000232e+02,-1.022963363655122890e+02
4.670654179687500118e+02,-9.540520569690255570e+01
4.670657109375000005e+02,-8.786429633428517150e+01
4.670660039062499891e+02,-8.510830254848715981e+01
4.670662968750000346e+02,-8.867050460947982060e+01
4.670665898437500232e+02,-9.828775455091431468e+01
4.670668828125000118e+02,-8.814887553977867185e+01
4.670671757812500005e+02,-8.372487234183920179e+01
4.670674687499999891e+02,-9.241893334281937200e+01
4.670677617187500346e+02,-9.264667364602695443e+01
4.670680546875000232e+02,-9.299372293186993943e+01
4.670683476562500118e+02,-9.148282077697436421e+01
4.670686406250000005e+02,-1.093041512116001002e+02
4.670689335937499891e+02,-9.771441853938958388e+01
4.670692265625000346e+02,-9.088445272432397815e+01
4.670695195312500232e+02,-9.272127389510244200e+01
4.670698125000000118e+02,-9.879502161204113975e+01
4.670701054687500005e+02,-9.051996910833501886e+01
4.670703984374999891e+02,-1.033104035697670895e+02
4.670706914062500346e+02,-1.202701311111314197e+02
4.670709843750000232e+02,-1.074787189340606517e+02
4.670712773437500118e+02,-9.294156629164794481e+01
4.670715703125000005e+02,-8.966381883233786709e+01
4.670718632812499891e+02,-8.550757573815944568e+01
4.670721562500000346e+02,-8.780110942506195215e+01
4.670724492187500232e+02,-9.784616102748968558e+01
4.670727421875000118e+02,-9.083560732130248994e+01
4.670730351562500005e+02,-9.812395170813013578e+01
4.670733281249999891e+02,-9.499820326633204104e+01
4.670736210937500346e+02,-9.699546106086059183e+01
4.670739140625000232e+02,-9.476148391658311709e+01
4.670742070312500118e+02,-9.085146712382181988e+01
4.670745000000000005e+02,-8.751089662595269658e+01
4.670747929687499891e+02,-9.570561879542233896e+01
4.670750859375000346e+02,-8.889899294364840898e+01
4.670753789062500232e+02,-8.878395422376209467e+01
4.670756718750000118e+02,-9.090093819851746559e+01
4.670759648437500005e+02,-1.156422529331592983e+02
4.670762578124999891e+02,-9.569084229954390253e+01
4.670765507812500346e+02,-9.281066578129858158e+01
4.670768437500000232e+02,-9.048675837099965236e+01
4.670771367187500118e+02,-9.757218697436677246e+01
4.670774296875000005e+02,-1.008605475724178433e+02
4.670777226562499891e+02,-9.534982465611361135e+01
4.670780156250000346e+02,-8.901969977371932430e+01
4.670783085937500232e+02,-8.915107882244959114e+01
4.670786015625000118e+02,-9.197941448569102363e+01
4.670788945312500005e+02,-1.049165693623452853e+02
4.670791874999999891e+02,-9.497035396843696731e+01
4.670794804687500346e+02,-1.156080179637800143e+02
4.670797734375000232e+02,-8.848431487519343364e+01
4.670800664062500118e+02,-8.590726636523478987e+01
4.670803593750000005e+02,-9.183987407367062872e+01
4.670806523437499891e+02,-1.028276626531094138e+02
4.670809453125000346e+02,-9.773983531482137721e+01
4.670812382812500232e+02,-9.130326803059776353e+01
4.670815312500000118e+02,-1.013651463434109843e+02
4.670818242187500005e+02,-9.752204572932561177e+01
4.670821171874999891e+02,-9.241497636501550517e+01
4.670824101562500346e+02,-9.646192286451881159e+01
4.670827031250000232e+02,-8.873275093957337845e+01
4.670829960937500118e+02,-8.351967972288612430e+01
4.670832890625000005e+02,-8.638337879104638262e+01
4.670835820312499891e+02,-8.940189807380230036e+01
4.670838750000000346e+02,-9.036860982126158603e+01
4.670841679687500232e+02,-9.846137674866439227e+01
4.670844609375000118e+02,-8.678777192531121898e+01
4.670847539062500005e+02,-8.951318553233370778e+01
4.670850468749999891e+02,-9.484488578520617352e+01
4.670853398437500346e+02,-8.871871634163861131e+01
4.670856328125000232e+02,-8.845342641553338581e+01
4.670859257812500118e+02,-9.200167061701306181e+01
4.670862187500000005e+02,-9.401836767626210190e+01
4.670865117187499891e+02,-8.841142545166121636e+01
4.670868046875000346e+02,-9.744938451575163185e+01
4.670870976562500232e+02,-8.828295891708876297e+01
4.670873906250000118e+02,-9.153782782581757260e+01
4.670876835937500005e+02,-1.002430881044549551e+02
4.670879765624999891e+02,-1.061120103717657202e+02
4.670882695312500346e+02,-1.077222226858413734e+02
4.670885625000000232e+02,-8.985789934266585988e+01
4.670888554687500118e+02,-9.008166538446485561e+01
4.670891484375000005e+02,-9.981454156022005009e+01
4.670894414062499891e+02,-1.076037752404691474e+02
4.670897343750000346e+02,-9.445386409935473182e+01
4.670900273437500232e+02,-9.409032418373483608e+01
4.670903203125000118e+02,-9.303051726721577097e+01
4.670906132812500005e+02,-9.137850788052391238e+01
4.670909062499999891e+02,-8.138970987151165559e+01
4.670911992187500346e+02,-7.591956786391124012e+01
4.670914921875000232e+02,-8.302644110008223777e+01
4.670917851562500118e+02,-9.723398676501774673e+01
4.670920781250000005e+02,-9.420631073976002767e+01
4.670923710937499891e+02,-9.852297640934062883e+01
4.670926640625000346e+02,-9.474034952401440535e+01
4.670929570312500232e+02,-9.038337557474699224e+01
4.670932500000000118e+02,-1.002648435360107015e+02
4.670935429687500005e+02,-9.411794360002799920e+01
4.670938359374999891e+02,-9.106181063297566425e+01
4.670941289062500346e+02,-9.358974048891867881e+01
4.670944218750000232e+02,-8.905253371992762368e+01
4.670947148437500118e+02,-8.906233770881394207e+01
4.670950078125000005e+02,-8.585467945881718776e+01
4.670953007812499891e+02,-1.033715363363734241e+02
4.670955937500000346e+02,-9.720802852216721135e+01
4.670958867187500232e+02,-1.016811954319741744e+02
4.670961796875000118e+02,-1.170054906467016878e+02
4.670964726562500005e+02,-8.430149584400624008e+01
4.670967656249999891e+02,-8.270785049031255198e+01
4.670970585937500346e+02,-9.078431841815023517e+01
4.670973515625000232e+02,-9.320680758716603975e+01
4.670976445312500118e+02,-1.015005195863271581e+02
4.670979375000000005e+02,-9.188932134005375474e+01
4.670982304687499891e+02,-9.892799583019426279e+01
4.670985234375000346e+02,-1.001184195434959037e+02
4.670988164062500232e+02,-9.545575703983283233e+01
4.670991093750000118e+02,-9.339425541547430498e+01
4.670994023437500005e+02,-1.002614904775197431e+02
4.670996953124999891e+02,-9.328857281145744196e+01
4.670999882812500346e+02,-8.867863245112046400e+01
4.671002812500000232e+02,-8.954979065032880214e+01
4.671005742187500118e+02,-9.168231528117433982e+01
4.671008671875000005e+02,-8.967436321008210598e+01
4.671011601562499891e+02,-9.520658457137967901e+01
4.671014531250000346e+02,-9.037436264413116760e+01
4.671017460937500232e+02,-8.849672235879852167e+01
4.671020390625000118e+02,-8.618401183461421056e+01
4.671023320312500005e+02,-8.944526652540940859e+01
4.671026249999999891e+02,-9.380052655463595102e+01
4.671029179687500346e+02,-1.001861557532602376e+02
4.671032109375000232e+02,-9.516290936681951962e+01
4.671035039062500118e+02,-1.029816872680344488e+02
4.671037968750000005e+02,-9.657380879037643240e+01
4.671040898437499891e+02,-8.720449702384165391e+01
4.671043828125000346e+02,-8.939821120602461235e+01
4.671046757812500232e+02,-8.509677431740981035e+01
4.671049687500000118e+02,-8.765503752360928047e+01
4.671052617187500005e+02,-8.992161411743241217e+01
4.671055546874999891e+02,-9.032619280115420679e+01
4.671058476562500346e+02,-9.289115827922873336e+01
4.671061406250000232e+02,-8.864178824070637575e+01
4.671064335937500118e+02,-8.532160674204925499e+01
4.671067265625000005e+02,-9.964104427275650266e+01
4.671070195312499891e+02,-8.927814629756836950e+01
4.671073125000000346e+02,-8.946157779774749486e+01
4.671076054687500232e+02,-1.034326951857969021e+02
4.671078984375000118e+02,-8.363059384726555834e+01
4.671081914062500005e+02,-8.321567936008531774e+01
4.671084843749999891e+02,-9.017507057883094035e+01
4.671087773437500346e+02,-9.287119577105352164e+01
4.671090703125000232e+02,-9.646868998938319351e+01
4.671093632812500118e+02,-9.176549131575610829e+01
4.671096562500000005e+02,-9.308604279466192111e+01
4.671099492187499891e+02,-8.719127334344949531e+01
4.671102421875000346e+02,-8.898985039935229224e+01
4.671105351562500232e+02,-8.785833791573901408e+01
4.671108281250000118e+02,-8.597369976072133113e+01
4.671111210937500005e+02,-9.120226402967790591e+01
4.671114140624999891e+02,-8.940759202103691905e+01
4.671117070312500346e+02,-8.792198990371920786e+01
4.671120000000000232e+02,-9.363725659653333366e+01
4.671122929687500118e+02,-9.029153461086671939e+01
4.671125859375000005e+02,-8.626883508469504136e+01
4.671128789062499891e+02,-8.930808392339099555e+01
4.671131718750000346e+02,-9.832565980008411088e+01
4.671134648437500232e+02,-8.289850769696326438e+01
4.671137578125000118e+02,-8.340329769432773332e+01
4.671140507812500005e+02,-8.786508778229283223e+01
4.671143437499999891e+02,-9.932475851602339390e+01
4.671146367187500346e+02,-1.020149810586356693e+02
4.671149296875000232e+02,-9.227788257953125139e+01
4.671152226562500118e+02,-1.036828775724909377e+02
4.671155156250000005e+02,-8.803248279750361860e+01
4.671158085937499891e+02,-8.764333885179689787e+01
4.671161015625000346e+02,-9.192670077233806580e+01
4.671163945312500232e+02,-1.096129213904971209e+02
4.671166875000000118e+02,-9.554625082479313392e+01
4.671169804687500005e+02,-8.826093495128409927e+01
4.671172734374999891e+02,-8.762839717327941003e+01
4.671175664062500346e+02,-8.615187681714617440e+01
4.671178593750000232e+02,-9.383798017363579902e+01
4.671181523437500118e+02,-1.044798029058419502e+02
4.671184453125000005e+02,-9.132290825124029254e+01
4.671187382812499891e+02,-9.567768447526583486e+01
4.671190312500000346e+02,-9.721394673732795866e+01
4.671193242187500232e+02,-9.093774249681005983e+01
4.671196171875000118e+02,-9.770842434515331831e+01
4.671199101562500005e+02,-8.850330252674693554e+01
4.671202031249999891e+02,-8.821979073075367239e+01
4.671204960937500346e+02,-9.017153852231280098e+01
4.671207890625000232e+02,-8.689247615700028859e+01
4.671210820312500118e+02,-9.371131016276633829e+01
4.671213750000000005e+02,-9.661542925348358324e+01
4.671216679687499891e+02,-9.417658182177763138e+01
4.671219609375000346e+02,-9.969702075150321718e+01
4.671222539062500232e+02,-9.505856510052190345e+01
4.671225468750000118e+02,-9.366658425743560201e+01
4.671228398437500005e+02,-9.165608088218550620e+01
4.671231328124999891e+02,-8.595194296887873975e+01
4.671234257812500346e+02,-9.487870752109873251e+01
4.671237187500000232e+02,-9.907493818963631327e+01
4.671240117187500118e+02,-9.309691664657121635e+01
4.671243046875000005e+02,-9.845221259850265483e+01
4.671245976562499891e+02,-9.255975329896786263e+01
4.671248906250000346e+02,-9.701161841971106981e+01
4.671251835937500232e+02,-9.019619007082370388e+01
4.671254765625000118e+02,-9.175686118910789446e+01
4.671257695312500005e+02,-9.123841604364551472e+01
4.671260624999999891e+02,-8.726217944648183789e+01
4.671263554687500346e+02,-8.796878438933555344e+01
4.671266484375000232e+02,-9.001892222256498144e+01
4.671269414062500118e+02,-8.920943802593799887e+01
4.671272343750000005e+02,-9.551750883247912327e+01
4.671275273437499891e+02,-9.394049065372399809e+01
4.671278203125000346e+02,-8.401341572528551183e+01
4.671281132812500232e+02,-8.759710776889505723e+01
4.671284062500000118e+02,-8.955447375064434823e+01
4.671286992187500005e+02,-9.156679839626571038e+01
4.671289921874999891e+02,-8.816319542744197690e+01
4.671292851562500346e+02,-8.410428179146207128e+01
4.671295781250000232e+02,-8.988903528807158239e+01
4.671298710937500118e+02,-9.640237040699076942e+01
4.671301640625000005e+02,-9.682277679325068220e+01
4.671304570312499891e+02,-9.163546977148047290e+01
4.671307500000000346e+02,-1.035800460325567656e+02
4.671310429687500232e+02,-8.957401016286056006e+01
4.671313359375000118e+02,-8.670166751004920513e+01
4.671316289062500005e+02,-8.580905730683537058e+01
4.671319218749999891e+02,-9.650167141056151365e+01
4.671322148437500346e+02,-1.028060134531001637e+02
4.671325078125000232e+02,-9.730000895418065454e+01
4.671328007812500118e+02,-8.807031811249595421e+01
4.671330937500000005e+02,-8.558146536072136712e+01
4.671333867187499891e+02,-8.645612044858839340e+01
4.671336796875000346e+02,-8.830135105960265207e+01
4.671339726562500232e+02,-9.055208610428033467e+01
4.671342656250000118e+02,-9.151112779925099971e+01
4.671345585937500005e+02,-9.272857577079389557e+01
4.671348515624999891e+02,-8.645567930392277844e+01
4.671351445312500346e+02,-9.020110536105435983e+01
4.671354375000000232e+02,-8.779455033583305124e+01
4.671357304687500118e+02,-8.527944607479732042e+01
4.671360234375000005e+02,-8.340067353050085330e+01
4.671363164062499891e+02,-8.978083420766512290e+01
4.671366093750000346e+02,-9.056636285110039353e+01
4.671369023437500232e+02,-9.749469842003605891e+01
4.671371953125000118e+02,-8.773600559782360619e+01
4.671374882812500005e+02,-8.508671180362098596e+01
4.671377812499999891e+02,-8.985559706135373403e+01
4.671380742187500346e+02,-9.435002657075696675e+01
4.671383671875000232e+02,-9.343572979583866811e+01
4.671386601562500118e+02,-9.311176052015254356e+01
4.671389531250000005e+02,-9.415183644342988600e+01
4.671392460937499891e+02,-9.514054777879519520e+01
4.671395390625000346e+02,-9.189428174722331732e+01
4.671398320312500232e+02,-8.852570087177198843e+01
4.671401250000000118e+02,-9.071957521622513809e+01
4.671404179687500005e+02,-1.037588258458330159e+02
4.671407109374999891e+02,-9.271534589003704241e+01
4.671410039062500346e+02,-8.960071128077628089e+01
4.671412968750000232e+02,-8.796544542424669544e+01
4.671415898437500118e+02,-9.174846497380569588e+01
4.671418828125000005e+02,-9.642506819915594463e+01
4.671421757812499891e+02,-9.478710109051222332e+01
4.671424687500000346e+02,-8.933023078163644470e+01
4.671427617187500232e+02,-9.017378047665756924e+01
4.671430546875000118e+02,-1.026060021658554149e+02
4.671433476562500005e+02,-8.664626444926214788e+01
4.671436406249999891e+02,-8.500015541381114303e+01
4.671439335937500346e+02,-9.805802924755404604e+01
4.671442265625000232e+02,-9.109017158225812238e+01
4.671445195312500118e+02,-8.493574549398141471e+01
4.671448125000000005e+02,-9.030564975745281231e+01
4.671451054687499891e+02,-9.280864143527111310e+01
4.671453984375000346e+02,-9.208907779412528782e+01
4.671456914062500232e+02,-8.880373623076040701e+01
4.671459843750000118e+02,-8.518315891431922182e+01
4.671462773437500005e+02,-8.564816686242566846e+01
4.671465703124999891e+02,-8.513662195646398345e+01
4.671468632812500346e+02,-8.371864973212171890e+01
4.671471562500000232e+02,-8.725341074500877880e+01
4.671474492187500118e+02,-9.788424932008275903e+01
4.671477421875000005e+02,-9.676727453897211717e+01
4.671480351562499891e+02,-9.463440681107312002e+01
4.671483281250000346e+02,-1.015125760278738909e+02
4.671486210937500232e+02,-1.011315527592037995e+02
4.671489140625000118e+02,-1.031144399494062469e+02
4.671492070312500005e+02,-9.607272679765824819e+01
4.671494999999999891e+02,-9.830187311861413946e+01
4.671497929687500346e+02,-1.072990702350446099e+02
4.671500859375000232e+02,-9.162615154596160494e+01
4.671503789062500118e+02,-9.664537441904199966e+01
4.671506718750000005e+02,-9.104799661290002177e+01
4.671509648437499891e+02,-8.584590622621874445e+01
4.671512578125000346e+02,-8.625031352820425923e+01
4.671515507812500232e+02,-9.152813022711990243e+01
4.671518437500000118e+02,-9.097866317863726238e+01
4.671521367187500005e+02,-1.012372865292207109e+02
4.671524296874999891e+02,-8.656670611309567676e+01
4.671527226562500346e+02,-8.332174147191906854e+01
4.671530156250000232e+02,-8.578147328791759207e+01
4.671533085937500118e+02,-8.026079559155049026e+01
4.671536015625000005e+02,-8.163333331425519646e+01
4.671538945312499891e+02,-8.733264896035532843e+01
4.671541875000000346e+02,-1.004625878567516963e+02
4.671544804687500232e+02,-9.402923444281751131e+01
4.671547734375000118e+02,-9.340208659901463761e+01
4.671550664062500005e+02,-1.056347896594251381e+02
4.671553593749999891e+02,-9.359342054365234276e+01
4.671556523437500346e+02,-9.377189563755644031e+01
4.671559453125000232e+02,-8.909640665284021566e+01
4.671562382812500118e+02,-9.315933461291750461e+01
4.671565312500000005e+02,-8.880085734020218524e+01
4.671568242187499891e+02,-9.185181874469083141e+01
4.671571171875000346e+02,-9.343190456755586126e+01
4.671574101562500232e+02,-8.830086658209100392e+01
4.671577031250000118e+02,-8.773643521823680658e+01
4.671579960937500005e+02,-9.789578810932836461e+01
4.671582890624999891e+02,-9.346095030450491947e+01
4.671585820312500346e+02,-9.209620106585624910e+01
4.671588750000000232e+02,-8.791595137740281984e+01
4.671591679687500118e+02,-1.006866175388760922e+02
4.671594609375000005e+02,-9.677945416666780432e+01
4.671597539062499891e+02,-9.234137929665232036e+01
4.671600468750000346e+02,-9.140134663667666359e+01
4.671603398437500232e+02,-9.251976638886824844e+01
4.671606328125000118e+02,-9.242821122259279321e+01
4.671609257812500005e+02,-9.095581612858593701e+01
4.671612187499999891e+02,-8.863342071517172371e+01
4.671615117187500346e+02,-8.993677664884116041e+01
4.671618046875000232e+02,-9.563551904762880440e+01
4.671620976562500118e+02,-9.519067404109698316e+01
4.671623906250000005e+02,-8.852011539929746675e+01
4.671626835937499891e+02,-8.565825061069921276e+01
4.671629765625000346e+02,-9.583303266985338098e+01
4.671632695312500232e+02,-8.994240959264338642e+01
4.671635625000000118e+02,-9.309664790568616866e+01
4.671638554687500005e+02,-9.154491583933429411e+01
4.671641484374999891e+02,-9.044974621704447770e+01
4.671644414062500346e+02,-1.024253369929320172e+02
4.671647343750000232e+02,-9.099687842698122608e+01
4.671650273437500118e+02,-8.537881805367433685e+01
4.671653203125000005e+02,-8.683434503407484328e+01
4.671656132812499891e+02,-9.701900283215258014e+01
4.671659062500000346e+02,-9.978632329362301334e+01
4.671661992187500232e+02,-9.390454268829343221e+01
4.671664921875000118e+02,-9.778493488583563931e+01
4.671667851562500005e+02,-8.728659248268908755e+01
4.671670781249999891e+02,-8.496083417647916747e+01
4.671673710937500346e+02,-9.201226144336730783e+01
4.671676640625000232e+02,-8.779555833210994820e+01
4.671679570312500118e+02,-8.637493945177300247e+01
4.671682500000000005e+02,-1.060028500175193358e+02
4.671685429687499891e+02,-1.006624467271077776e+02
4.671688359375000346e+02,-9.277468394160464982e+01
4.671691289062500232e+02,-8.928263950229579393e+01
4.671694218750000118e+02,-8.841915476427658405e+01
4.671697148437500005e+02,-1.025779861057346096e+02
4.671700078124999891e+02,-8.559645351705165695e+01
4.671703007812500346e+02,-8.144187256234175720e+01
4.671705937500000232e+02,-8.288303373431182308e+01
4.671708867187500118e+02,-8.744139238693503557e+01
4.671711796875000005e+02,-8.421170707941520561e+01
4.671714726562499891e+02,-8.561989102628309922e+01
4.671717656250000346e+02,-9.798560665430110816e+01
4.671720585937500232e+02,-9.316486416021682260e+01
4.671723515625000118e+02,-9.165978179724270092e+01
4.671726445312500005e+02,-8.500422097731865279e+01
4.671729374999999891e+02,-8.474845238490232191e+01
4.671732304687500346e+02,-9.078233141229013370e+01
4.671735234375000232e+02,-8.832988785652025854e+01
4.671738164062500118e+02,-8.765860911660602994e+01
4.671741093750000005e+02,-8.569366272379136262e+01
4.671744023437499891e+02,-9.068913231141458198e+01
4.671746953125000346e+02,-9.899873683655590639e+01
4.671749882812500232e+02,-8.739589400922930906e+01
4.671752812500000118e+02,-9.580675787342082117e+01
4.671755742187500005e+02,-8.834923105739848381e+01
4.671758671874999891e+02,-8.367507334273318520e+01
4.671761601562500346e+02,-8.748986549637875498e+01
4.671764531250000232e+02,-9.380623158302020670e+01
4.671767460937500118e+02,-9.013604416787261187e+01
4.671770390625000005e+02,-8.958521984465740218e+01
4.671773320312499891e+02,-9.934903445946032718e+01
4.671776250000000346e+02,-9.181135317499345661e+01
4.671779179687500232e+02,-1.158168060863450535e+02
4.671782109375000118e+02,-9.076093860803631230e+01
4.671785039062500005e+02,-8.762823554326716646e+01
4.671787968749999891e+02,-8.810393977364988416e+01
4.671790898437500346e+02,-9.973117586084086383e+01
4.671793828125000232e+02,-1.042638944945034609e+02
4.671796757812500118e+02,-8.596407173431069282e+01
4.671799687500000005e+02,-8.591148259008313914e+01
4.671802617187499891e+02,-8.743528075612211126e+01
4.671805546875000346e+02,-8.744028353016636856e+01
4.671808476562500232e+02,-9.012294127367562169e+01
4.671811406250000118e+02,-8.684644804132462070e+01
4.671814335937500005e+02,-9.413002043583708200e+01
4.671817265624999891e+02,-8.911361204999549557e+01
4.671820195312500346e+02,-9.669405967989602857e+01
4.671823125000000232e+02,-8.730653421644056777e+01
4.671826054687500118e+02,-9.456812872945397430e+01
4.671828984375000005e+02,-9.896751359102304946e+01
4.671831914062499891e+02,-9.297577007331973675e+01
4.671834843750000346e+02,-9.347666930478061431e+01
4.671837773437500232e+02,-8.597049361398447331e+01
4.671840703125000118e+02,-9.707771965962608363e+01
4.671843632812500005e+02,-9.223242380976196841e+01
4.671846562499999891e+02,-9.510148384379733955e+01
4.671849492187500346e+02,-9.100340833302426802e+01
4.671852421875000232e+02,-8.306697058852319060e+01
4.671855351562500118e+02,-8.688452462065004056e+01
4.671858281250000005e+02,-9.226665844259143512e+01
4.671861210937499891e+02,-9.125509560365948403e+01
4.671864140625000346e+02,-9.198604341026216957e+01
4.671867070312500232e+02,-1.025756431740612413e+02
4.671870000000000118e+02,-1.037172587534554111e+02
4.671872929687500005e+02,-9.067191864102593968e+01
4.671875859374999891e+02,-1.035433884181721709e+02
4.671878789062500346e+02,-8.790698845076028078e+01
4.671881718750000232e+02,-8.554354189168570599e+01
4.671884648437500118e+02,-9.195036346261424853e+01
4.671887578125000005e+02,-8.383129625133635443e+01
4.671890507812499891e+02,-8.514545894281079086e+01
4.671893437500000346e+02,-8.695028308672934259e+01
4.671896367187500232e+02,-8.529198235936723904e+01
4.671899296875000118e+02,-9.023224971120605176e+01
4.671902226562500005e+02,-8.472942712918508334e+01
4.671905156249999891e+02,-8.666467931155369797e+01
4.671908085937500346e+02,-8.792693142229236969e+01
4.671911015625000232e+02,-1.032385022541271127e+02
4.671913945312500118e+02,-8.765198893780024036e+01
4.671916875000000005e+02,-8.309499789245073487e+01
4.671919804687499891e+02,-9.263425546841190794e+01
4.671922734375000346e+02,-9.534424566819815539e+01
4.671925664062500232e+02,-8.736046781605537603e+01
4.671928593750000118e+02,-1.002093169229086129e+02
4.671931523437500005e+02,-8.619974720536708901e+01
4.671934453124999891e+02,-8.764091352732305040e+01
4.671937382812500346e+02,-8.115029058419605690e+01
4.671940312500000232e+02,-8.032106905882403680e+01
4.671943242187500118e+02,-8.388009518014484911e+01
4.671946171875000005e+02,-8.368973051275648345e+01
4.671949101562499891e+02,-8.578223268644433119e+01
4.671952031250000346e+02,-8.324438659036700017e+01
4.671954960937500232e+02,-8.302502572599951236e+01
4.671957890625000118e+02,-8.284732427115443443e+01
4.671960820312500005e+02,-8.515718317557768557e+01
4.671963749999999891e+02,-9.302944507416384567e+01
4.671966679687500346e+02,-9.260808196281472249e+01
4.671969609375000232e+02,-8.369994953613863231e+01
4.671972539062500118e+02,-8.616850675949065419e+01
4.671975468750000005e+02,-8.878482260935876980e+01
4.671978398437499891e+02,-9.184687245472719042e+01
4.671981328125000346e+02,-9.099030463611718744e+01
4.671984257812500232e+02,-9.112642931961113391e+01
4.671987187500000118e+02,-8.420479498698765042e+01
4.671990117187500005e+02,-8.328786305123279021e+01
4.671993046874999891e+02,-8.351748178778356646e+01
4.671995976562500346e+02,-8.982560239408658731e+01
4.671998906250000232e+02,-1.094191787068971990e+02
4.672001835937500118e+02,-9.466566073793602243e+01
4.672004765625000005e+02,-1.018042842947797197e+02
4.672007695312499891e+02,-9.758442900734424086e+01
4.672010625000000346e+02,-8.982429723467882354e+01
4.672013554687500232e+02,-1.035558871412677036e+02
4.672016484375000118e+02,-9.376086948603568771e+01
4.672019414062500005e+02,-9.694498454027294088e+01
4.672022343749999891e+02,-8.066593250752632116e+01
4.672025273437500346e+02,-8.125341255997163614e+01
4.672028203125000232e+02,-8.687957431786506390e+01
4.672031132812500118e+02,-9.145260940877966505e+01
4.672034062500000005e+02,-9.195626181721438286e+01
4.672036992187499891e+02,-9.007301087169069831e+01
4.672039921875000346e+02,-8.127103830509911120e+01
4.672042851562500232e+02,-8.007290320195758682e+01
4.672045781250000118e+02,-8.383325272518726479e+01
4.672048710937500005e+02,-8.938151464511433630e+01
4.672051640624999891e+02,-8.429676409038148677e+01
4.672054570312500346e+02,-8.366498056547170847e+01
4.672057500000000232e+02,-7.841848043942528079e+01
4.672060429687500118e+02,-8.136853058544416228e+01
4.672063359375000005e+02,-9.643078593328581860e+01
4.672066289062499891e+02,-9.416950500476184516e+01
4.672069218750000346e+02,-9.174432095704348455e+01
4.672072148437500232e+02,-8.775780375432269409e+01
4.672075078125000118e+02,-8.960489619702207165e+01
4.672078007812500005e+02,-9.769893199559496111e+01
4.672080937499999891e+02,-8.093789792487653756e+01
4.672083867187500346e+02,-7.799594199324756971e+01
4.672086796875000232e+02,-8.028983064598833153e+01
4.672089726562500118e+02,-8.190608442941721989e+01
4.672092656250000005e+02,-8.304964691078836836e+01
4.672095585937499891e+02,-9.239721490397445791e+01
4.672098515625000346e+02,-8.702741535161823094e+01
4.672101445312500232e+02,-9.039764064362843499e+01
4.672104375000000118e+02,-9.369070172302724586e+01
4.672107304687500005e+02,-8.631573265839220710e+01
4.672110234374999891e+02,-8.487989616300811235e+01
4.672113164062500346e+02,-8.610598702173794550e+01
4.672116093750000232e+02,-9.031168659084690375e+01
4.672119023437500118e+02,-8.978578702189420824e+01
4.672121953125000005e+02,-9.784298873678530128e+01
4.672124882812499891e+02,-8.927316897071119683e+01
4.672127812500000346e+02,-8.613400003751465306e+01
4.672130742187500232e+02,-8.503849651853732894e+01
4.672133671875000118e+02,-8.858359499307596252e+01
4.672136601562500005e+02,-9.941585695484832286e+01
4.672139531249999891e+02,-1.068139967938561199e+02
4.672142460937500346e+02,-9.829629282531273304e+01
4.672145390625000232e+02,-9.297335229755468333e+01
4.672148320312500118e+02,-8.634161946681513200e+01
4.672151250000000005e+02,-8.727428801786301449e+01
4.672154179687499891e+02,-9.016118864475626538e+01
4.672157109375000346e+02,-8.337714917226770694e+01
4.672160039062500232e+02,-8.594492486450528190e+01
4.672162968750000118e+02,-8.648883914703672815e+01
4.672165898437500005e+02,-8.759416515133088410e+01
4.672168828124999891e+02,-8.792405472364100660e+01
4.672171757812500346e+02,-8.902720894445225497e+01
4.672174687500000232e+02,-9.514043366295284443e+01
4.672177617187500118e+02,-9.477415104424761694e+01
4.672180546875000005e+02,-9.498496586620643711e+01
4.672183476562499891e+02,-9.329431448454876374e+01
4.672186406250000346e+02,-9.526592384872471087e+01
4.672189335937500232e+02,-9.049191631691616067e+01
4.672192265625000118e+02,-9.653643473115860729e+01
4.672195195312500005e+02,-8.034337832139141256e+01
4.672198124999999891e+02,-8.552531538853227744e+01
4.672201054687500346e+02,-9.475413533717308212e+01
4.672203984375000232e+02,-8.922575303611780839e+01
4.672206914062500118e+02,-8.703180977142174868e+01
4.672209843750000005e+02,-8.899588300427664933e+01
4.672212773437499891e+02,-9.506918789468096520e+01
4.672215703125000346e+02,-9.794015524740373735e+01
4.672218632812500232e+02,-8.944330474741070702e+01
4.672221562500000118e+02,-9.065894012255340328e+01
4.672224492187500005e+02,-9.473337412533247459e+01
4.672227421874999891e+02,-8.321585038098365317e+01
4.672230351562500346e+02,-8.043338747931328214e+01
4.672233281250000232e+02,-8.877157397256974036e+01
4.672236210937500118e+02,-9.502129753584661387e+01
4.672239140625000005e+02,-8.577950719450042527e+01
4.672242070312499891e+02,-8.386153672198140896e+01
4.672245000000000346e+02,-9.589558315087546703e+01
4.672247929687500232e+02,-8.542471262251750375e+01
4.672250859375000118e+02,-8.491358116069110906e+01
4.672253789062500005e+02,-8.416361482141542183e+01
4.672256718749999891e+02,-8.429236226901751650e+01
4.672259648437500346e+02,-8.842199677089939769e+01
4.672262578125000232e+02,-8.742846455129237881e+01
4.672265507812500118e+02,-9.330697159381119832e+01
4.672268437500000005e+02,-9.101076066271629372e+01
4.672271367187499891e+02,-8.479582306674153358e+01
4.672274296875000346e+02,-8.197138672357853295e+01
4.672277226562500232e+02,-8.127952369269600297e+01
4.672280156250000118e+02,-8.388059396680671398e+01
4.672283085937500005e+02,-9.016717294551958162e+01
4.672286015624999891e+02,-9.350569579489257421e+01
4.672288945312500346e+02,-8.447271488883870916e+01
4.672291875000000232e+02,-8.814927739904621262e+01
4.672294804687500118e+02,-9.827369332794219758e+01
4.672297734375000005e+02,-8.793555155824424219e+01
4.672300664062499891e+02,-9.399446912386321173e+01
4.672303593750000346e+02,-9.457990063358312227e+01
4.672306523437500232e+02,-9.564137064202273564e+01
4.672309453125000118e+02,-9.393893215039577171e+01
4.672312382812500005e+02,-9.083377557327501961e+01
4.672315312499999891e+02,-8.324293958209364064e+01
4.672318242187500346e+02,-9.014032907380160964e+01
4.672321171875000232e+02,-8.415120881690647536e+01
4.672324101562500118e+02,-9.018853994475919933e+01
4.672327031250000005e+02,-8.037779641599469471e+01
4.672329960937499891e+02,-8.510324563028208900e+01
4.672332890625000346e+02,-8.431336837545644869e+01
4.672335820312500232e+02,-8.066811091500926523e+01
4.672338750000000118e+02,-8.247984347608733913e+01
4.672341679687500005e+02,-8.483649082936409513e+01
4.672344609374999891e+02,-8.852887999369880845e+01
4.672347539062500346e+02,-1.025260263600800386e+02
4.672350468750000232e+02,-8.899421727036967411e+01
4.672353398437500118e+02,-1.105132427307811014e+02
4.672356328125000005e+02,-9.428400760775366507e+01
4.672359257812499891e+02,-9.399752387520656782e+01
4.672362187500000346e+02,-8.952702677862353653e+01
4.672365117187500232e+02,-9.829582352995301164e+01
4.672368046875000118e+02,-9.022384470785408439e+01
4.672370976562500005e+02,-8.188013696255481477e+01
4.672373906249999891e+02,-8.180962228103106781e+01
4.672376835937500346e+02,-8.468431785881618623e+01
4.672379765625000232e+02,-8.976395862175732532e+01
4.672382695312500118e+02,-8.535074013128750892e+01
4.672385625000000005e+02,-8.374503231167949480e+01
4.672388554687499891e+02,-8.551240912696428609e+01
4.672391484375000346e+02,-8.601202489152420583e+01
4.672394414062500232e+02,-8.161933937498596947e+01
4.672397343750000118e+02,-8.697276546341893777e+01
4.672400273437500005e+02,-8.420536064109063545e+01
4.672403203124999891e+02,-1.075281185471467325e+02
4.672406132812500346e+02,-8.851183738167691217e+01
4.672409062500000232e+02,-1.024756602592580350e+02
4.672411992187500118e+02,-1.165751807722071760e+02
4.672414921875000005e+02,-8.599033448250727929e+01
4.672417851562499891e+02,-8.585729800255393229e+01
4.672420781250000346e+02,-8.538645075046036936e+01
4.672423710937500232e+02,-8.803114627581855700e+01
4.672426640625000118e+02,-9.575633793578269604e+01
4.672429570312500005e+02,-9.182816233103241643e+01
4.672432499999999891e+02,-9.749949528003637056e+01
4.672435429687500346e+02,-8.922643886140171787e+01
4.672438359375000232e+02,-8.318369111392570403e+01
4.672441289062500118e+02,-9.414116257708190005e+01
4.672444218750000005e+02,-8.387994378511898219e+01
4.672447148437499891e+02,-8.278611538943430048e+01
4.672450078125000346e+02,-8.393711040101551646e+01
4.672453007812500232e+02,-8.304515973444776478e+01
4.672455937500000118e+02,-8.783041775986578159e+01
4.672458867187500005e+02,-9.112684715145940118e+01
4.672461796874999891e+02,-9.812883649571161016e+01
4.672464726562500346e+02,-1.159819287295741503e+02
4.672467656250000232e+02,-9.748242319864594663e+01
4.672470585937500118e+02,-9.262171133081488961e+01
4.672473515625000005e+02,-9.061864411289417376e+01
4.672476445312499891e+02,-8.845170276982487678e+01
4.672479375000000346e+02,-8.866961829759324587e+01
4.672482304687500232e+02,-9.060733207739032480e+01
4.672485234375000118e+02,-8.451115037400086294e+01
4.672488164062500005e+02,-9.160478815829432619e+01
4.672491093749999891e+02,-8.257587181638234597e+01
4.672494023437500346e+02,-9.007622397761025468e+01
4.672496953125000232e+02,-1.000038831295755557e+02
4.672499882812500118e+02,-9.103030150230084416e+01
4.672502812500000005e+02,-8.878650237255457967e+01
4.672505742187499891e+02,-9.820931632255121713e+01
4.672508671875000346e+02,-9.618925314446531161e+01
4.672511601562500232e+02,-8.806121614116358387e+01
4.672514531250000118e+02,-8.416474243046921799e+01
4.672517460937500005e+02,-9.061800003461451070e+01
4.672520390624999891e+02,-8.943943065057410990e+01
4.672523320312500346e+02,-8.269539555837891953e+01
4.672526250000000232e+02,-8.163121104333995959e+01
4.672529179687500118e+02,-9.094233225839998624e+01
4.672532109375000005e+02,-9.190844357789835328e+01
4.672535039062499891e+02,-9.136544839575367405e+01
4.672537968750000346e+02,-8.440960701287468737e+01
4.672540898437500232e+02,-8.930994341028018368e+01
4.672543828125000118e+02,-8.850696292722167868e+01
4.672546757812500005e+02,-9.447578405765472098e+01
4.672549687499999891e+02,-9.066507428531026846e+01
4.672552617187500346e+02,-8.024905848050046586e+01
4.672555546875000232e+02,-7.996098608151613973e+01
4.672558476562500118e+02,-8.201097372601047653e+01
4.672561406250000005e+02,-8.444195885230752197e+01
4.672564335937499891e+02,-8.652133102353457161e+01
4.672567265625000346e+02,-8.940610926556786353e+01
4.672570195312500232e+02,-8.449881077520697659e+01
4.672573125000000118e+02,-8.147960801853734836e+01
4.672576054687500005e+02,-8.632202804566787790e+01
4.672578984374999891e+02,-9.262948632822910611e+01
4.672581914062500346e+02,-9.135708931826439994e+01
4.672584843750000232e+02,-9.991337729283758051e+01
4.672587773437500118e+02,-9.107912990504061668e+01
4.672590703125000005e+02,-8.962395348393870620e+01
4.672593632812499891e+02,-8.169694417905247974e+01
4.672596562500000346e+02,-8.944195266666484656e+01
4.672599492187500232e+02,-8.854903192959484670e+01
4.672602421875000118e+02,-8.689365476395828125e+01
4.672605351562500005e+02,-8.885201968424303232e+01
4.672608281249999891e+02,-1.024404931121161866e+02
4.672611210937500346e+02,-8.701371138970060315e+01
4.672614140625000232e+02,-8.751797839806479828e+01
4.672617070312500118e+02,-9.653009760259335792e+01
4.672620000000000005e+02,-8.784581807904233131e+01
4.672622929687499891e+02,-8.792680354989279579e+01
4.672625859375000346e+02,-9.015428491457296900e+01
4.672628789062500232e+02,-9.000844380283513146e+01
4.672631718750000118e+02,-9.163448097500645417e+01
4.672634648437500005e+02,-8.987350797822060144e+01
4.672637578124999891e+02,-8.502194901172764219e+01
4.672640507812500346e+02,-9.028597100314279089e+01
4.672643437500000232e+02,-8.103841453300093178e+01
4.672646367187500118e+02,-8.041762746369713000e+01
4.672649296875000005e+02,-9.309789732800791739e+01
4.672652226562499891e+02,-8.586366581816157861e+01
4.672655156250000346e+02,-9.322160942121529104e+01
4.672658085937500232e+02,-1.020503277976056324e+02
4.672661015625000118e+02,-8.695719475460617787e+01
4.672663945312500005e+02,-8.504392235529888922e+01
4.672666874999999891e+02,-9.002547957673994006e+01
4.672669804687500346e+02,-8.674726630218678736e+01
4.672672734375000232e+02,-8.021194248904524216e+01
4.672675664062500118e+02,-7.859636007505366706e+01
4.672678593750000005e+02,-7.947132755832126350e+01
4.672681523437499891e+02,-8.193470637919898536e+01
4.672684453125000346e+02,-9.255659633750404680e+01
4.672687382812500232e+02,-9.634408432747153483e+01
4.672690312500000118e+02,-9.519031040437857882e+01
4.672693242187500005e+02,-8.260473760285329092e+01
4.672696171874999891e+02,-8.591592360282663776e+01
4.672699101562500346e+02,-8.821758642391165495e+01
4.672702031250000232e+02,-8.833895020351829430e+01
4.672704960937500118e+02,-8.452889606936435030e+01
4.672707890625000005e+02,-8.028166186640204671e+01
4.672710820312499891e+02,-8.330589667113615349e+01
4.672713750000000346e+02,-8.078822881104210296e+01
4.672716679687500232e+02,-9.145603801083687756e+01
4.672719609375000118e+02,-8.456231950305820533e+01
4.672722539062500005e+02,-9.301935536441285990e+01
4.672725468749999891e+02,-1.043197110842677944e+02
4.672728398437500346e+02,-9.119423282124400032e+01
4.672731328125000232e+02,-8.677419173835676247e+01
4.672734257812500118e+02,-8.488036327769248146e+01
4.672737187500000005e+02,-1.058876943182116008e+02
4.672740117187499891e+02,-8.974716407553792408e+01
4.672743046875000346e+02,-8.266543904857088876e+01
4.672745976562500232e+02,-8.507822093830141341e+01
4.672748906250000118e+02,-8.592829713919778101e+01
4.672751835937500005e+02,-9.137047331783151094e+01
4.672754765624999891e+02,-9.606039349356592538e+01
4.672757695312500346e+02,-9.403641490530169733e+01
4.672760625000000232e+02,-9.204326775079567824e+01
4.672763554687500118e+02,-8.948867478840639933e+01
4.672766484375000005e+02,-9.317992994337768664e+01
4.672769414062499891e+02,-9.228231833927446814e+01
4.672772343750000346e+02,-8.943545753356590922e+01
4.672775273437500232e+02,-1.068385917619408900e+02
4.672778203125000118e+02,-7.974638034673363052e+01
4.672781132812500005e+02,-8.650556475377385368e+01
4.672784062499999891e+02,-8.784563966056418849e+01
4.672786992187500346e+02,-8.894469293693040868e+01
4.672789921875000232e+02,-8.549325820763493766e+01
4.672792851562500118e+02,-8.520479940564824517e+01
4.672795781250000005e+02,-8.744174269566853752e+01
4.672798710937499891e+02,-9.037221586355553882e+01
4.672801640625000346e+02,-9.784927861374414704e+01
4.672804570312500232e+02,-9.647852896525594701e+01
4.672807500000000118e+02,-8.840527479147091583e+01
4.672810429687500005e+02,-9.582184772830181885e+01
4.672813359374999891e+02,-8.705415783740983215e+01
4.672816289062500346e+02,-7.614469797707839405e+01
4.672819218750000232e+02,-7.689427479267425269e+01
4.672822148437500118e+02,-8.661471370639907263e+01
4.672825078125000005e+02,-8.969535672360437673e+01
4.672828007812499891e+02,-8.849479110217521338e+01
4.672830937500000346e+02,-9.771393175632002226e+01
4.672833867187500232e+02,-8.765461533506967839e+01
4.672836796875000118e+02,-8.997924303156176506e+01
4.672839726562500005e+02,-8.569032482866856526e+01
4.672842656249999891e+02,-9.225811099082945077e+01
4.672845585937500346e+02,-8.766776590764467869e+01
4.672848515625000232e+02,-8.394090202619194940e+01
4.672851445312500118e+02,-7.805347856866669076e+01
4.672854375000000005e+02,-1.059799991069912295e+02
4.672857304687499891e+02,-8.416968271828552872e+01
4.672860234375000346e+02,-9.927091192040792578e+01
4.672863164062500232e+02,-8.653394580454889251e+01
4.672866093750000118e+02,-9.398381486023620823e+01
4.672869023437500005e+02,-8.475941639142492079e+01
4.672871953124999891e+02,-8.878866702050063964e+01
4.672874882812500346e+02,-9.791758309410072059e+01
4.672877812500000232e+02,-9.090121500759852324e+01
4.672880742187500118e+02,-9.804922132390940703e+01
4.672883671875000005e+02,-9.573020535682547916e+01
4.672886601562499891e+02,-8.958637073111850668e+01
4.672889531250000346e+02,-8.654720823299280141e+01
4.672892460937500232e+02,-8.346246107719491647e+01
4.672895390625000118e+02,-8.272537884913418793e+01
4.672898320312500005e+02,-8.412740688798155020e+01
4.672901249999999891e+02,-8.182287138167316698e+01
4.672904179687500346e+02,-9.180059998170244739e+01
4.672907109375000232e+02,-8.646541851300008830e+01
4.672910039062500118e+02,-8.138684931335950523e+01
4.672912968750000005e+02,-8.812896322836624563e+01
4.672915898437499891e+02,-8.824788687925341435e+01
4.672918828125000346e+02,-8.371236054799217641e+01
4.672921757812500232e+02,-9.565343767548182541e+01
4.672924687500000118e+02,-8.338177194342929965e+01
4.672927617187500005e+02,-8.181304303109914144e+01
4.672930546874999891e+02,-8.358835399824221213e+01
4.672933476562500346e+02,-9.708675179425979707e+01
4.672936406250000232e+02,-9.484359500665826204e+01
4.672939335937500118e+02,-8.565113639847025695e+01
4.672942265625000005e+02,-8.692163797561357796e+01
4.672945195312499891e+02,-8.151348358090636737e+01
4.672948125000000346e+02,-8.752841029797608030e+01
4.672951054687500232e+02,-9.360716132548907353e+01
4.672953984375000118e+02,-7.957585146904972362e+01
4.672956914062500005e+02,-7.901251165588379877e+01
4.672959843749999891e+02,-8.131668542324625548e+01
4.672962773437500346e+02,-8.133537562523513031e+01
4.672965703125000232e+02,-8.501406446600216782e+01
4.672968632812500118e+02,-9.051333883857829221e+01
4.672971562500000005e+02,-8.904809904470494075e+01
4.672974492187499891e+02,-9.190352772855527519e+01
4.672977421875000346e+02,-8.809660851895742439e+01
4.672980351562500232e+02,-9.077471440943756420e+01
4.672983281250000118e+02,-9.730270995865076600e+01
4.672986210937500005e+02,-8.232010564127477892e+01
4.672989140624999891e+02,-8.017083065000024078e+01
4.672992070312500346e+02,-7.941898532243220643e+01
4.672995000000000232e+02,-7.802115057176037283e+01
4.672997929687500118e+02,-8.111729786848407286e+01
4.673000859375000005e+02,-8.642986520131542250e+01
4.673003789062499891e+02,-9.061710139448587142e+01
4.673006718750000346e+02,-8.837898786363874137e+01
4.673009648437500232e+02,-9.041029044791791591e+01
4.673012578125000118e+02,-1.054041803743287176e+02
4.673015507812500005e+02,-9.861451286283980266e+01
4.673018437499999891e+02,-8.775339304150074327e+01
4.673021367187500346e+02,-8.045065380627123375e+01
4.673024296875000232e+02,-8.604373734721220046e+01
4.673027226562500118e+02,-8.235121629960414680e+01
4.673030156250000005e+02,-9.171916858823790619e+01
4.673033085937499891e+02,-9.092506186454669148e+01
4.673036015625000346e+02,-9.032915136436079706e+01
4.673038945312500232e+02,-8.645741434330885511e+01
4.673041875000000118e+02,-8.113200938824778063e+01
4.673044804687500005e+02,-8.093715275695616640e+01
4.673047734374999891e+02,-8.547521549728357115e+01
4.673050664062500346e+02,-9.382682488459693104e+01
4.673053593750000232e+02,-8.423676093210443128e+01
4.673056523437500118e+02,-8.286262575899904448e+01
4.673059453125000005e+02,-8.993970325584223247e+01
4.673062382812499891e+02,-8.842481136975112577e+01
4.673065312500000346e+02,-9.041157055105769302e+01
4.673068242187500232e+02,-9.869024405755574492e+01
4.673071171875000118e+02,-8.754457106910138009e+01
4.673074101562500005e+02,-8.202980259621372738e+01
4.673077031249999891e+02,-8.589870804030304896e+01
4.673079960937500346e+02,-8.292834572797529802e+01
4.673082890625000232e+02,-8.378954576151184597e+01
4.673085820312500118e+02,-8.763070283105507485e+01
4.673088750000000005e+02,-9.149304022841165818e+01
4.673091679687499891e+02,-9.145578591407578983e+01
4.673094609375000346e+02,-8.560293660460766318e+01
4.673097539062500232e+02,-8.508122433078585800e+01
4.673100468750000118e+02,-8.329872231786077919e+01
4.673103398437500005e+02,-9.749639668880645615e+01
4.673106328124999891e+02,-8.140833531243971777e+01
4.673109257812500346e+02,-8.400789979729906065e+01
4.673112187500000232e+02,-8.385107269069727920e+01
4.673115117187500118e+02,-8.336016233833899491e+01
4.673118046875000005e+02,-8.450096396524446618e+01
4.673120976562499891e+02,-9.309473960944853843e+01
4.673123906250000346e+02,-8.790868851217558699e+01
4.673126835937500232e+02,-8.407546729204645430e+01
4.673129765625000118e+02,-8.864503941029002476e+01
4.673132695312500005e+02,-8.634394928844324113e+01
4.673135624999999891e+02,-9.132705677028647528e+01
4.673138554687500346e+02,-8.522667540543686471e+01
4.673141484375000232e+02,-8.597598312290487854e+01
4.673144414062500118e+02,-8.643490084143448371e+01
4.673147343750000005e+02,-9.629540631339881429e+01
4.673150273437499891e+02,-9.216371970297501548e+01
4.673153203125000346e+02,-8.287225483492807143e+01
4.673156132812500232e+02,-8.814925873603274908e+01
4.673159062500000118e+02,-9.256919904960646761e+01
4.673161992187500005e+02,-9.143243427537441903e+01
4.673164921874999891e+02,-8.112240886963320463e+01
4.673167851562500346e+02,-8.862378569365263559e+01
4.673170781250000232e+02,-9.893689659572841322e+01
4.673173710937500118e+02,-8.557442948795498694e+01
4.673176640625000005e+02,-7.821206647952777757e+01
4.673179570312499891e+02,-8.252092178253496968e+01
4.673182500000000346e+02,-8.462909437773902255e+01
4.673185429687500232e+02,-8.592645200126932536e+01
4.673188359375000118e+02,-8.901046652228873768e+01
4.673191289062500005e+02,-8.683158857365698680e+01
4.673194218749999891e+02,-8.268895069731264869e+01
4.673197148437500346e+02,-8.774960121194281726e+01
4.673200078125000232e+02,-9.075215556745531842e+01
4.673203007812500118e+02,-9.396429739137926163e+01
4.673205937500000005e+02,-8.896529247612905067e+01
4.673208867187499891e+02,-8.338842977576236137e+01
4.673211796875000346e+02,-8.170171826317776720e+01
4.673214726562500232e+02,-8.700451309423813484e+01
4.673217656250000118e+02,-8.278047735754537939e+01
4.673220585937500005e+02,-9.174817473351689046e+01
4.673223515624999891e+02,-8.671544459741221544e+01
4.673226445312500346e+02,-8.842783235826985333e+01
4.673229375000000232e+02,-8.952075141670462699e+01
4.673232304687500118e+02,-9.380992528825612453e+01
4.673235234375000005e+02,-8.444148003620600207e+01
4.673238164062499891e+02,-8.243306901542706555e+01
4.673241093750000346e+02,-9.555121487477200048e+01
4.673244023437500232e+02,-8.136812540962083062e+01
4.673246953125000118e+02,-8.652643187541923453e+01
4.673249882812500005e+02,-8.710264373784555403e+01
4.673252812499999891e+02,-8.467782345490468288e+01
4.673255742187500346e+02,-8.145238650417844894e+01
4.673258671875000232e+02,-8.049345948896561254e+01
4.673261601562500118e+02,-8.536218534784019596e+01
4.673264531250000005e+02,-8.136803254891211168e+01
4.673267460937499891e+02,-7.934116317965350618e+01
4.673270390625000346e+02,-8.189600241303857331e+01
4.673273320312500232e+02,-8.066565543198871069e+01
4.673276250000000118e+02,-8.515555245281213104e+01
4.673279179687500005e+02,-9.592240407435228633e+01
4.673282109374999891e+02,-8.552405816907440794e+01
4.673285039062500346e+02,-8.367500035168649219e+01
4.673287968750000232e+02,-8.678213272720724092e+01
4.673290898437500118e+02,-8.795755414339679135e+01
4.673293828125000005e+02,-9.602647715961811059e+01
4.673296757812499891e+02,-8.171355823196427082e+01
4.673299687500000346e+02,-8.387267054088120233e+01
4.673302617187500232e+02,-8.485607677400008697e+01
4.673305546875000118e+02,-8.332905005149613942e+01
4.673308476562500005e+02,-9.661125133151915634e+01
4.673311406249999891e+02,-8.804635533180220364e+01
4.673314335937500346e+02,-8.180287315345401566e+01
4.673317265625000232e+02,-8.344965506938797262e+01
4.673320195312500118e+02,-8.385588864108086682e+01
4.673323125000000005e+02,-7.964819872725702510e+01
4.673326054687499891e+02,-8.399156620927071515e+01
4.673328984375000346e+02,-8.417768068079467980e+01
4.673331914062500232e+02,-8.018717448869446685e+01
4.673334843750000118e+02,-7.850691344946822881e+01
4.673337773437500005e+02,-8.039235700993783951e+01
4.673340703124999891e+02,-8.847578026381808058e+01
4.673343632812500346e+02,-9.515208350909233559e+01
4.673346562500000232e+02,-9.496141765072160013e+01
4.673349492187500118e+02,-9.311383962128017799e+01
4.673352421875000005e+02,-8.650718534587780084e+01
4.673355351562499891e+02,-8.921971117686105401e+01
4.673358281250000346e+02,-8.070460355945272113e+01
4.673361210937500232e+02,-9.114042172235789963e+01
4.673364140625000118e+02,-8.181088058105351024e+01
4.673367070312500005e+02,-7.950363887790915385e+01
4.673369999999999891e+02,-9.228766827286696639e+01
4.673372929687500346e+02,-9.543599861273209228e+01
4.673375859375000232e+02,-8.499589542999144953e+01
4.673378789062500118e+02,-8.760466749370009154e+01
4.673381718750000005e+02,-8.428600999881831513e+01
4.673384648437499891e+02,-8.202065009264538276e+01
4.673387578125000346e+02,-8.327638940617207197e+01
4.673390507812500232e+02,-8.286919388878104087e+01
4.673393437500000118e+02,-8.188698763920525892e+01
4.673396367187500005e+02,-7.501164878452675566e+01
4.673399296874999891e+02,-6.787183050431140430e+01
4.673402226562500346e+02,-7.140637376825884530e+01
4.673405156250000232e+02,-8.574921511816535258e+01
4.673408085937500118e+02,-8.567923516378621684e+01
4.673411015625000005e+02,-8.440681588472918406e+01
4.673413945312499891e+02,-8.376838044070436240e+01
4.673416875000000346e+02,-8.304150445218505183e+01
4.673419804687500232e+02,-8.616310900425318664e+01
4.673422734375000118e+02,-8.820435480706116493e+01
4.673425664062500005e+02,-8.736515093114972785e+01
4.673428593749999891e+02,-8.826431940292756906e+01
4.673431523437500346e+02,-7.958446124165041624e+01
4.673434453125000232e+02,-7.576267203360235669e+01
4.673437382812500118e+02,-7.712351557210075725e+01
4.673440312500000005e+02,-7.830726862160589974e+01
4.673443242187499891e+02,-8.908232200571089265e+01
4.673446171875000346e+02,-9.322894124724012954e+01
4.673449101562500232e+02,-9.243331074668473946e+01
4.673452031250000118e+02,-9.021200962927382250e+01
4.673454960937500005e+02,-8.259041674668408461e+01
4.673457890624999891e+02,-8.307020146817764328e+01
4.673460820312500346e+02,-8.362549775195984125e+01
4.673463750000000232e+02,-9.031726977242274756e+01
4.673466679687500118e+02,-9.450905414328573784e+01
4.673469609375000005e+02,-9.256850120538338444e+01
4.673472539062499891e+02,-7.855535250342127540e+01
4.673475468750000346e+02,-8.099081987367951285e+01
4.673478398437500232e+02,-1.001425857097700884e+02
4.673481328125000118e+02,-9.454689159958934397e+01
4.673484257812500005e+02,-8.796810067098982699e+01
4.673487187499999891e+02,-9.412437536987675912e+01
4.673490117187500346e+02,-8.268373170429286745e+01
4.673493046875000232e+02,-8.945728670921381820e+01
4.673495976562500118e+02,-9.010980865518560279e+01
4.673498906250000005e+02,-9.295557278969072001e+01
4.673501835937499891e+02,-8.298314903303692347e+01
4.673504765625000346e+02,-8.416332979084191379e+01
4.673507695312500232e+02,-8.523092152891344142e+01
4.673510625000000118e+02,-8.484838879965336389e+01
4.673513554687500005e+02,-9.802141867304102618e+01
4.673516484374999891e+02,-8.609743614302153958e+01
4.673519414062500346e+02,-8.962311852239147925e+01
4.673522343750000232e+02,-9.874769326373660761e+01
4.673525273437500118e+02,-9.300258810843813251e+01
4.673528203125000005e+02,-8.528139477029492355e+01
4.673531132812499891e+02,-9.035049699371546694e+01
4.673534062500000346e+02,-7.610023431409273087e+01
4.673536992187500232e+02,-7.539804239450009504e+01
4.673539921875000118e+02,-8.203779110032095900e+01
4.673542851562500005e+02,-7.863974911028863346e+01
4.673545781249999891e+02,-8.597743171250483840e+01
4.673548710937500346e+02,-9.110956346883156698e+01
4.673551640625000232e+02,-9.300620005077122698e+01
4.673554570312500118e+02,-8.939920826099582030e+01
4.673557500000000005e+02,-8.575869888755073589e+01
4.673560429687499891e+02,-8.743057701343978749e+01
4.673563359375000346e+02,-8.956994246788781311e+01
4.673566289062500232e+02,-7.783649060587434576e+01
4.673569218750000118e+02,-7.286159114474820342e+01
4.673572148437500005e+02,-7.783589301532727234e+01
4.673575078124999891e+02,-8.664387623200877897e+01
4.673578007812500346e+02,-8.316450920130151303e+01
4.673580937500000232e+02,-8.624247849038822267e+01
4.673583867187500118e+02,-8.812633878030621304e+01
4.673586796875000005e+02,-9.531434472493025112e+01
4.673589726562499891e+02,-9.155523426708710133e+01
4.673592656250000346e+02,-8.275080332323510390e+01
4.673595585937500232e+02,-8.325083649513078399e+01
4.673598515625000118e+02,-8.444465703663368572e+01
4.673601445312500005e+02,-8.603229777378481913e+01
4.673604374999999891e+02,-8.117103668416612550e+01
4.673607304687500346e+02,-7.853265961670837214e+01
4.673610234375000232e+02,-7.730943139361816918e+01
4.673613164062500118e+02,-8.214151906797953018e+01
4.673616093750000005e+02,-8.677348159556717633e+01
4.673619023437499891e+02,-8.393746199144891307e+01
4.673621953125000346e+02,-8.004050866269005837e+01
4.673624882812500232e+02,-8.569283088169441953e+01
4.673627812500000118e+02,-8.780970006035529707e+01
4.673630742187500005e+02,-8.202276391692822699e+01
4.673633671874999891e+02,-8.041806729557495714e+01
4.673636601562500346e+02,-9.209682244249678718e+01
4.673639531250000232e+02,-9.521994250709157370e+01
4.673642460937500118e+02,-9.109544888608056112e+01
4.673645390625000005e+02,-8.422792616812725441e+01
4.673648320312499891e+02,-7.914273346742355386e+01
4.673651250000000346e+02,-8.272303952990642983e+01
4.673654179687500232e+02,-9.835967636542264358e+01
4.673657109375000118e+02,-9.192818366781705208e+01
4.673660039062500005e+02,-9.057860393715303360e+01
4.673662968749999891e+02,-8.606768132523824022e+01
4.673665898437500346e+02,-9.211148600326261260e+01
4.673668828125000232e+02,-9.298957754023720668e+01
4.673671757812500118e+02,-8.265048236310326502e+01
4.673674687500000005e+02,-7.730599197625961949e+01
4.673677617187499891e+02,-7.725690505085698589e+01
4.673680546875000346e+02,-8.508109868256433117e+01
4.673683476562500232e+02,-7.568319963875508449e+01
4.673686406250000118e+02,-8.305480821389573975e+01
4.673689335937500005e+02,-8.768736747911916041e+01
4.673692265624999891e+02,-8.481652601377737710e+01
4.673695195312500346e+02,-8.500878160136880979e+01
4.673698125000000232e+02,-8.367341805313365910e+01
4.673701054687500118e+02,-8.503856345773868952e+01
4.673703984375000005e+02,-9.165751349118744429e+01
4.673706914062499891e+02,-9.461411092933374789e+01
4.673709843750000346e+02,-8.619247564473408829e+01
4.673712773437500232e+02,-8.827190059153933532e+01
4.673715703125000118e+02,-8.268644664912272901e+01
4.673718632812500005e+02,-7.858239190852673062e+01
4.673721562499999891e+02,-8.350027007705038784e+01
4.673724492187500346e+02,-9.271205913820706712e+01
4.673727421875000232e+02,-8.284437417697776596e+01
4.673730351562500118e+02,-8.182328527987471034e+01
4.673733281250000005e+02,-8.178312422687319838e+01
4.673736210937499891e+02,-8.642851275939514721e+01
4.673739140625000346e+02,-8.974423695988204486e+01
4.673742070312500232e+02,-8.582069422421866989e+01
4.673745000000000118e+02,-8.914273315483372073e+01
4.673747929687500005e+02,-9.503763153024902977e+01
4.673750859374999891e+02,-9.137844513369100241e+01
4.673753789062500346e+02,-8.729736358679116393e+01
4.673756718750000232e+02,-7.828564226009012827e+01
4.673759648437500118e+02,-7.840817023449699263e+01
4.673762578125000005e+02,-8.643909405932339496e+01
4.673765507812499891e+02,-8.177415656505064590e+01
4.673768437500000346e+02,-9.253972041891051958e+01
4.673771367187500232e+02,-9.803664256046377545e+01
4.673774296875000118e+02,-8.224708274172628819e+01
4.673777226562500005e+02,-8.412351801024260567e+01
4.673780156249999891e+02,-9.225894842431787879e+01
4.673783085937500346e+02,-8.236186963591629251e+01
4.673786015625000232e+02,-8.374149167727068743e+01
4.673788945312500118e+02,-8.258832282525565915e+01
4.673791875000000005e+02,-8.164080640829722313e+01
4.673794804687499891e+02,-9.965576030647282835e+01
4.673797734375000346e+02,-8.391406308980862150e+01
4.673800664062500232e+02,-9.171598084433313147e+01
4.673803593750000118e+02,-8.622774669223494470e+01
4.673806523437500005e+02,-8.637986887251238954e+01
4.673809453124999891e+02,-8.865812356087133139e+01
4.673812382812500346e+02,-8.788423101584010055e+01
4.673815312500000232e+02,-8.385278731373517758e+01
4.673818242187500118e+02,-9.370453593492351274e+01
4.673821171875000005e+02,-8.748645544643294159e+01
4.673824101562499891e+02,-8.047675279328322517e+01
4.673827031250000346e+02,-8.344276983862860675e+01
4.673829960937500232e+02,-8.035279986344104941e+01
4.673832890625000118e+02,-7.775402553903457203e+01
4.673835820312500005e+02,-8.387949671176981781e+01
4.673838749999999891e+02,-9.343555508353131245e+01
4.673841679687500346e+02,-8.780915043855451074e+01
4.673844609375000232e+02,-9.508126494134928919e+01
4.673847539062500118e+02,-8.512471381964979855e+01
4.673850468750000005e+02,-8.330573934584975859e+01
4.673853398437499891e+02,-8.162784936891453924e+01
4.673856328125000346e+02,-8.502204780426140474e+01
4.673859257812500232e+02,-8.933915761132271882e+01
4.673862187500000118e+02,-8.729487074183298034e+01
4.673865117187500005e+02,-8.670508845127513098e+01
4.673868046874999891e+02,-8.200107124830368832e+01
4.673870976562500346e+02,-7.972482320508322573e+01
4.673873906250000232e+02,-8.666050054111582313e+01
4.673876835937500118e+02,-8.915067564085393315e+01
4.673879765625000005e+02,-8.018696753105594155e+01
4.673882695312499891e+02,-8.382651340249182681e+01
4.673885625000000346e+02,-8.642947316831680382e+01
4.673888554687500232e+02,-9.185409585267704813e+01
4.673891484375000118e+02,-8.636646625386362075e+01
4.673894414062500005e+02,-8.463418643511514006e+01
4.673897343749999891e+02,-1.001213810365777874e+02
4.673900273437500346e+02,-8.088023742131069582e+01
4.673903203125000232e+02,-8.149556154188914547e+01
4.673906132812500118e+02,-7.890820057640820551e+01
4.673909062500000005e+02,-7.775526339199159054e+01
4.673911992187499891e+02,-8.614145740044472177e+01
4.673914921875000346e+02,-8.952540628245172627e+01
4.673917851562500232e+02,-9.071346962736490127e+01
4.673920781250000118e+02,-8.959844712574712844e+01
4.673923710937500005e+02,-8.206981907887831085e+01
4.673926640624999891e+02,-7.995394160644045201e+01
4.673929570312500346e+02,-8.475073169964771580e+01
4.673932500000000232e+02,-1.021223692608103164e+02
4.673935429687500118e+02,-8.678648826604450051e+01
4.673938359375000005e+02,-8.357342617690106579e+01
4.673941289062499891e+02,-8.814628087920212351e+01
4.673944218750000346e+02,-9.031687344451501076e+01
4.673947148437500232e+02,-8.518427396073887792e+01
4.673950078125000118e+02,-7.758055719867839173e+01
4.673953007812500005e+02,-8.565641047120237772e+01
4.673955937499999891e+02,-8.652968608702606446e+01
4.673958867187500346e+02,-8.428311700249790306e+01
4.673961796875000232e+02,-8.919608720950245129e+01
4.673964726562500118e+02,-9.227083435750968476e+01
4.673967656250000005e+02,-1.022002659491258214e+02
4.673970585937499891e+02,-1.103468684423862385e+02
4.673973515625000346e+02,-8.506547591376717321e+01
4.673976445312500232e+02,-8.332023210338961405e+01
4.673979375000000118e+02,-8.161812700913188223e+01
4.673982304687500005e+02,-7.758910181205052936e+01
4.673985234374999891e+02,-8.676914611409451084e+01
4.673988164062500346e+02,-8.178493040568775996e+01
4.673991093750000232e+02,-9.203997413274747430e+01
4.673994023437500118e+02,-8.965847795846710255e+01
4.673996953125000005e+02,-8.478676366915786389e+01
4.673999882812499891e+02,-8.761157512858031282e+01
4.674002812500000346e+02,-9.382171105160701075e+01
4.674005742187500232e+02,-8.379585718899730296e+01
4.674008671875000118e+02,-7.760057010343048489e+01
4.674011601562500005e+02,-8.019048807796139045e+01
4.674014531249999891e+02,-8.261377589761303852e+01
4.674017460937500346e+02,-8.093083394432083821e+01
4.674020390625000232e+02,-7.966883689566432736e+01
4.674023320312500118e+02,-7.583844177005913423e+01
4.674026250000000005e+02,-1.010387690517341923e+02
4.674029179687499891e+02,-8.665431990115882854e+01
4.674032109375000346e+02,-8.124866400852721426e+01
4.674035039062500232e+02,-7.813599778974547405e+01
4.674037968750000118e+02,-8.092141645907003067e+01
4.674040898437500005e+02,-8.442847488607903017e+01
4.674043828124999891e+02,-7.953011937951836785e+01
4.674046757812500346e+02,-8.883256713602034438e+01
4.674049687500000232e+02,-8.053003798997438878e+01
4.674052617187500118e+02,-7.866326985783422288e+01
4.674055546875000005e+02,-8.014328379080565412e+01
4.674058476562499891e+02,-8.547127222034360727e+01
4.674061406250000346e+02,-8.309529902468364071e+01
4.674064335937500232e+02,-8.591839055081534582e+01
4.674067265625000118e+02,-8.444050986596943176e+01
4.674070195312500005e+02,-7.830206420785556531e+01
4.674073124999999891e+02,-8.201667793629195558e+01
4.674076054687500346e+02,-8.194287025840345962e+01
4.674078984375000232e+02,-8.157751580925068424e+01
4.674081914062500118e+02,-8.570415791902136959e+01
4.674084843750000005e+02,-9.923174769277491691e+01
4.674087773437499891e+02,-8.347183707924024532e+01
4.674090703125000346e+02,-8.360878977569923620e+01
4.674093632812500232e+02,-8.265893907629578052e+01
4.674096562500000118e+02,-7.686186249087553790e+01
4.674099492187500005e+02,-7.982509364431494703e+01
4.674102421874999891e+02,-8.364058043737095716e+01
4.674105351562500346e+02,-8.464160936063608176e+01
4.674108281250000232e+02,-8.300974230611129201e+01
4.674111210937500118e+02,-8.749133466452582297e+01
4.674114140625000005e+02,-8.408272801719954259e+01
4.674117070312499891e+02,-8.087383076952839644e+01
4.674120000000000346e+02,-9.949685606989942244e+01
4.674122929687500232e+02,-7.641277026623032498e+01
4.674125859375000118e+02,-7.758771228382792629e+01
4.674128789062500005e+02,-9.317824235434501645e+01
4.674131718749999891e+02,-9.085463082804486135e+01
4.674134648437500346e+02,-8.541957124677981028e+01
4.674137578125000232e+02,-1.014039356193772932e+02
4.674140507812500118e+02,-8.517734280072377828e+01
4.674143437500000005e+02,-8.259673487182976714e+01
4.674146367187499891e+02,-8.221748968518764400e+01
4.674149296875000346e+02,-8.061393599358295603e+01
4.674152226562500232e+02,-8.909274099158045601e+01
4.674155156250000118e+02,-7.435849399418223982e+01
4.674158085937500005e+02,-6.897904465871296509e+01
4.674161015624999891e+02,-7.685038771103597810e+01
4.674163945312500346e+02,-8.317564128906512622e+01
4.674166875000000232e+02,-8.643637067555290798e+01
4.674169804687500118e+02,-8.683910640877289211e+01
4.674172734375000005e+02,-8.104996977555481408e+01
4.674175664062499891e+02,-7.804212078182105472e+01
4.674178593750000346e+02,-7.719131257441637217e+01
4.674181523437500232e+02,-8.535384594005935810e+01
4.674184453125000118e+02,-8.742430168127935985e+01
4.674187382812500005e+02,-8.086589833016545015e+01
4.674190312499999891e+02,-6.627971360554050761e+01
4.674193242187500346e+02,-6.338296950254827777e+01
4.674196171875000232e+02,-7.576456964350838064e+01
4.674199101562500118e+02,-9.085143164335786992e+01
4.674202031250000005e+02,-7.954567853201683647e+01
4.674204960937499891e+02,-8.487677863182400984e+01
4.674207890625000346e+02,-8.981686869614277668e+01
4.674210820312500232e+02,-8.625106672675451591e+01
4.674213750000000118e+02,-7.955272048086773395e+01
4.674216679687500005e+02,-7.627186287673309550e+01
4.674219609374999891e+02,-8.057372049562468419e+01
4.674222539062500346e+02,-8.719280745852138637e+01
4.674225468750000232e+02,-7.579978141624847865e+01
4.674228398437500118e+02,-7.326014375025097536e+01
4.674231328125000005e+02,-8.710343465679203234e+01
4.674234257812499891e+02,-8.781798788843644843e+01
4.674237187500000346e+02,-8.453028046957392405e+01
4.674240117187500232e+02,-7.958733647578822001e+01
4.674243046875000118e+02,-8.790483484064083086e+01
4.674245976562500005e+02,-9.042664653049057222e+01
4.674248906249999891e+02,-8.571097923844416755e+01
4.674251835937500346e+02,-7.781343196812730412e+01
4.674254765625000232e+02,-8.312801318573858111e+01
4.674257695312500118e+02,-8.933639220050280016e+01
4.674260625000000005e+02,-8.947146346779236126e+01
4.674263554687499891e+02,-9.088888980852533450e+01
4.674266484375000346e+02,-8.235133750900187977e+01
4.674269414062500232e+02,-7.666114187772168975e+01
4.674272343750000118e+02,-8.174595468070978654e+01
4.674275273437500005e+02,-8.825509688542382492e+01
4.674278203124999891e+02,-8.576635506833139289e+01
4.674281132812500346e+02,-8.665130445928099334e+01
4.674284062500000232e+02,-7.638586529226387256e+01
4.674286992187500118e+02,-7.622757141002060166e+01
4.674289921875000005e+02,-7.928010622303483501e+01
4.674292851562499891e+02,-8.560829929380125236e+01
4.674295781250000346e+02,-9.909270998534219643e+01
4.674298710937500232e+02,-9.999224675400243711e+01
4.674301640625000118e+02,-9.061578675672819827e+01
4.674304570312500005e+02,-8.297731634964537761e+01
4.674307499999999891e+02,-7.745751568734689840e+01
4.674310429687500346e+02,-8.362526037311087634e+01
4.674313359375000232e+02,-8.136620585702516451e+01
4.674316289062500118e+02,-7.879832385241064685e+01
4.674319218750000005e+02,-7.919441623972343791e+01
4.674322148437499891e+02,-8.277037354700976834e+01
4.674325078125000346e+02,-8.313185215800424999e+01
4.674328007812500232e+02,-7.860505823445211604e+01
4.674330937500000118e+02,-8.771010517430447351e+01
4.674333867187500005e+02,-9.125444636532694176e+01
4.674336796874999891e+02,-8.483900381953353076e+01
4.674339726562500346e+02,-8.136782527445544133e+01
4.674342656250000232e+02,-7.977569508776328178e+01
4.674345585937500118e+02,-8.570529736279667077e+01
4.674348515625000005e+02,-8.819718425475727486e+01
4.674351445312499891e+02,-7.961353345601668252e+01
4.674354375000000346e+02,-8.225049148864508197e+01
4.674357304687500232e+02,-8.553045215398120149e+01
4.674360234375000118e+02,-8.012208426470971290e+01
4.674363164062500005e+02,-8.739178814711762300e+01
4.674366093749999891e+02,-9.115610046895898222e+01
4.674369023437500346e+02,-8.211631674992821672e+01
4.674371953125000232e+02,-8.876341408651288134e+01
4.674374882812500118e+02,-8.437104867838510813e+01
4.674377812500000005e+02,-7.989441357240532682e+01
4.674380742187499891e+02,-8.183357075214216536e+01
4.674383671875000346e+02,-9.566083023754714532e+01
4.674386601562500232e+02,-9.056213530262608913e+01
4.674389531250000118e+02,-7.795920240260649337e+01
4.674392460937500005e+02,-7.310985001759183888e+01
4.674395390624999891e+02,-7.476165513334632351e+01
4.674398320312500346e+02,-8.311179470299364880e+01
4.674401250000000232e+02,-8.338769259718245053e+01
4.674404179687500118e+02,-7.931728576250561957e+01
4.674407109375000005e+02,-8.467469728865061995e+01
4.674410039062499891e+02,-8.420427551091702867e+01
4.674412968750000346e+02,-8.182559069680925745e+01
4.674415898437500232e+02,-7.806333497341385907e+01
4.674418828125000118e+02,-8.064055829402312270e+01
4.674421757812500005e+02,-7.822811833202646881e+01
4.674424687499999891e+02,-8.122289500334156287e+01
4.674427617187500346e+02,-8.880806688505792579e+01
4.674430546875000232e+02,-8.068690273542020464e+01
4.674433476562500118e+02,-7.733606989574482782e+01
4.674436406250000005e+02,-7.696604041336458124e+01
4.674439335937499891e+02,-8.043136046678009166e+01
4.674442265625000346e+02,-9.089396788259364257e+01
4.674445195312500232e+02,-8.370727855056026101e+01
4.674448125000000118e+02,-8.162087431480156852e+01
4.674451054687500005e+02,-8.529695961930130466e+01
4.674453984374999891e+02,-8.461117658769836680e+01
4.674456914062500346e+02,-1.037446800603400163e+02
4.674459843750000232e+02,-7.768443256032918498e+01
4.674462773437500118e+02,-8.076816771120576277e+01
4.674465703125000005e+02,-8.598580596283892419e+01
4.674468632812499891e+02,-8.432049498984420666e+01
4.674471562500000346e+02,-8.209693074846286720e+01
4.674474492187500232e+02,-7.839356037579692327e+01
4.674477421875000118e+02,-8.372362809913845183e+01
4.674480351562500005e+02,-9.768801173154720630e+01
4.674483281249999891e+02,-7.991929649408950809e+01
4.674486210937500346e+02,-9.448144665180201685e+01
4.674489140625000232e+02,-9.008910437021667406e+01
4.674492070312500118e+02,-9.239825719749890709e+01
4.674495000000000005e+02,-8.912278052435000575e+01
4.674497929687499891e+02,-8.619340165011438160e+01
4.674500859375000346e+02,-9.719510303318024569e+01
4.674503789062500232e+02,-9.121780719691251704e+01
4.674506718750000118e+02,-8.216500667649145839e+01
4.674509648437500005e+02,-7.671596123211786278e+01
4.674512578124999891e+02,-7.622985032323087751e+01
4.674515507812500346e+02,-8.128884307814325894e+01
4.674518437500000232e+02,-8.814056311523111731e+01
4.674521367187500118e+02,-8.560595623329757586e+01
4.674524296875000005e+02,-8.376274563640052406e+01
4.674527226562499891e+02,-7.997955269210591212e+01
4.674530156250000346e+02,-7.553503580107172866e+01
4.674533085937500232e+02,-8.044568053960604459e+01
4.674536015625000118e+02,-8.100663043609830538e+01
4.674538945312500005e+02,-7.894839809932139474e+01
4.674541874999999891e+02,-7.520504695209811530e+01
4.674544804687500346e+02,-8.106182920548413051e+01
4.674547734375000232e+02,-8.384027360488353509e+01
4.674550664062500118e+02,-8.613295831593711682e+01
4.674553593750000005e+02,-1.054602792033696517e+02
4.674556523437499891e+02,-8.753522478928330486e+01
4.674559453125000346e+02,-7.843488914350741936e+01
4.674562382812500232e+02,-8.049105239568162062e+01
4.674565312500000118e+02,-8.931782208313040883e+01
4.674568242187500005e+02,-8.419283209891642628e+01
4.674571171874999891e+02,-8.494120849423511288e+01
4.674574101562500346e+02,-9.143191290440839225e+01
4.674577031250000232e+02,-8.454652773170079172e+01
4.674579960937500118e+02,-9.135008478833407253e+01
4.674582890625000005e+02,-8.164548927815617674e+01
4.674585820312499891e+02,-8.121914525735368784e+01
4.674588750000000346e+02,-8.184014278648804464e+01
4.674591679687500232e+02,-8.105004267290532027e+01
4.674594609375000118e+02,-8.308361775956770146e+01
4.674597539062500005e+02,-7.879010169616643111e+01
4.674600468749999891e+02,-8.372617838493405884e+01
4.674603398437500346e+02,-8.024228038527246554e+01
4.674606328125000232e+02,-7.408197253496580004e+01
4.674609257812500118e+02,-7.094114519918805684e+01
4.674612187500000005e+02,-7.259275982108883341e+01
4.674615117187499891e+02,-7.158833690357934643e+01
4.674618046875000346e+02,-7.454856253925009923e+01
4.674620976562500232e+02,-8.185037282746031906e+01
4.674623906250000118e+02,-8.673606854997387927e+01
4.674626835937500005e+02,-9.368033173640267819e+01
4.674629765624999891e+02,-8.911694801729370852e+01
4.674632695312500346e+02,-8.026157234435102339e+01
4.674635625000000232e+02,-7.502013905534215610e+01
4.674638554687500118e+02,-7.343742170792705792e+01
4.674641484375000005e+02,-7.342428794636830958e+01
4.674644414062499891e+02,-7.002059672068395457e+01
4.674647343750000346e+02,-7.830675230639752726e+01
4.674650273437500232e+02,-7.711791939832698972e+01
4.674653203125000118e+02,-7.560109592400183942e+01
4.674656132812500005e+02,-8.325929207673738119e+01
4.674659062499999891e+02,-7.454196118076791322e+01
4.674661992187500346e+02,-7.630855828502853910e+01
4.674664921875000232e+02,-8.319572469657398983e+01
4.674667851562500118e+02,-9.282574804316540451e+01
4.674670781250000005e+02,-8.091564824915869281e+01
4.674673710937499891e+02,-7.418517762881899102e+01
4.674676640625000346e+02,-7.448583066138951381e+01
4.674679570312500232e+02,-7.547644034883194308e+01
4.674682500000000118e+02,-8.230367457070529724e+01
4.674685429687500005e+02,-8.128524373841727879e+01
4.674688359374999891e+02,-8.508884355058788174e+01
4.674691289062500346e+02,-7.582680389145644995e+01
4.674694218750000232e+02,-7.384814525908309690e+01
4.674697148437500118e+02,-8.284729690081496756e+01
4.674700078125000005e+02,-8.092372959937593180e+01
4.674703007812499891e+02,-7.678108383013943694e+01
4.674705937500000346e+02,-8.134999875628648169e+01
4.674708867187500232e+02,-7.777226484588480560e+01
4.674711796875000118e+02,-9.503494610541270049e+01
4.674714726562500005e+02,-8.023592319267837070e+01
4.674717656249999891e+02,-6.843688452007359047e+01
4.674720585937500346e+02,-7.009210856583385407e+01
4.674723515625000232e+02,-7.831610046068564657e+01
4.674726445312500118e+02,-7.861557187375903766e+01
4.674729375000000005e+02,-8.510516598155801660e+01
4.674732304687499891e+02,-8.080465134676569505e+01
4.674735234375000346e+02,-8.607676687018523864e+01
4.674738164062500232e+02,-7.595234671803218873e+01
4.674741093750000118e+02,-7.399506452527532474e+01
4.674744023437500005e+02,-8.004214421107138833e+01
4.674746953124999891e+02,-6.998028279353317771e+01
4.674749882812500346e+02,-7.494452277057072820e+01
4.674752812500000232e+02,-7.574632684641994729e+01
4.674755742187500118e+02,-8.556227861581524508e+01
4.674758671875000005e+02,-8.214258082900023794e+01
4.674761601562499891e+02,-7.698984249377942035e+01
4.674764531250000346e+02,-7.760878172797586672e+01
4.674767460937500232e+02,-7.604820813328038298e+01
4.674770390625000118e+02,-7.988989265230256365e+01
4.674773320312500005e+02,-7.440728322056372690e+01
4.674776249999999891e+02,-7.553592822595301470e+01
4.674779179687500346e+02,-6.384668878055138208e+01
4.674782109375000232e+02,-6.646385470634820081e+01
4.674785039062500118e+02,-8.533489153057223575e+01
4.674787968750000005e+02,-8.776469922109836830e+01
4.674790898437499891e+02,-8.130277259557841774e+01
4.674793828125000346e+02,-7.648016807398340688e+01
4.674796757812500232e+02,-7.880849228696655473e+01
4.674799687500000118e+02,-7.849476837023570397e+01
4.674802617187500005e+02,-7.662064225357499936e+01
4.674805546874999891e+02,-7.585782065453044254e+01
4.674808476562500346e+02,-7.831838044024520684e+01
4.674811406250000232e+02,-6.204307638303190231e+01
4.674814335937500118e+02,-5.362770084728087738e+01
4.674817265625000005e+02,-5.985699485704947875e+01
4.674820195312499891e+02,-7.660020653515564959e+01
4.674823125000000346e+02,-8.036483899420073840e+01
4.674826054687500232e+02,-7.953555474894186261e+01
4.674828984375000118e+02,-8.656419251494808975e+01
4.674831914062500005e+02,-8.988840184896807273e+01
4.674834843749999891e+02,-7.405967267646809660e+01
4.674837773437500346e+02,-7.233358393451935342e+01
4.674840703125000232e+02,-7.431960158150208429e+01
4.674843632812500118e+02,-8.367862639333303321e+01
4.674846562500000005e+02,-6.226901158805435443e+01
4.674849492187499891e+02,-5.859799689234459663e+01
4.674852421875000346e+02,-7.117126936091133871e+01
4.674855351562500232e+02,-7.413116161540860105e+01
4.674858281250000118e+02,-7.398142271130807046e+01
4.674861210937500005e+02,-8.088913005156231861e+01
4.674864140624999891e+02,-7.986026251645095897e+01
4.674867070312500346e+02,-8.361414915038744766e+01
4.674870000000000232e+02,-8.960583983188827517e+01
4.674872929687500118e+02,-7.914831950352039769e+01
4.674875859375000005e+02,-7.516439077191262186e+01
4.674878789062499891e+02,-8.599844830692715902e+01
4.674881718750000346e+02,-7.525418932699525953e+01
4.674884648437500232e+02,-7.598609349092743059e+01
4.674887578125000118e+02,-7.321260154539008624e+01
4.674890507812500005e+02,-7.535187099888466378e+01
4.674893437499999891e+02,-7.600982860926761475e+01
4.674896367187500346e+02,-8.840190712003483497e+01
4.674899296875000232e+02,-8.058276968385348482e+01
4.674902226562500118e+02,-8.295699719362312408e+01
4.674905156250000005e+02,-7.593812508743721423e+01
4.674908085937499891e+02,-7.170313959567454276e+01
4.674911015625000346e+02,-7.449069126802366725e+01
4.674913945312500232e+02,-7.777392968148791397e+01
4.674916875000000118e+02,-7.379388286784380568e+01
4.674919804687500005e+02,-8.450740375844311814e+01
4.674922734374999891e+02,-8.035546501555879217e+01
4.674925664062500346e+02,-8.482747705560950635e+01
4.674928593750000232e+02,-7.686206306615144968e+01
4.674931523437500118e+02,-7.616843047586985449e+01
4.674934453125000005e+02,-8.594978695659357015e+01
4.674937382812499891e+02,-8.730425484965108751e+01
4.674940312500000346e+02,-8.227570149073498840e+01
4.674943242187500232e+02,-7.851450059437820528e+01
4.674946171875000118e+02,-7.658344604500078390e+01
4.674949101562500005e+02,-8.602150913868831594e+01
4.674952031249999891e+02,-7.896053137711162151e+01
4.674954960937500346e+02,-7.500341074176083112e+01
4.674957890625000232e+02,-8.305149351028083515e+01
4.674960820312500118e+02,-7.835242031550777142e+01
4.674963750000000005e+02,-7.547048413398425737e+01
4.674966679687499891e+02,-8.342057097313883673e+01
4.674969609375000346e+02,-7.174954282243616888e+01
4.674972539062500232e+02,-7.313645261888942173e+01
4.674975468750000118e+02,-7.679453043316007665e+01
4.674978398437500005e+02,-7.971702939081671957e+01
4.674981328124999891e+02,-8.048185634984241688e+01
4.674984257812500346e+02,-7.592613108343820727e+01
4.674987187500000232e+02,-7.911550992568106722e+01
4.674990117187500118e+02,-7.861430509880955242e+01
4.674993046875000005e+02,-7.634830368059346029e+01
4.674995976562499891e+02,-8.378374351633590322e+01
4.674998906250000346e+02,-8.590006822572546241e+01
4.675001835937500232e+02,-8.084265228124685621e+01
4.675004765625000118e+02,-8.464220091916232036e+01
4.675007695312500005e+02,-8.300663103794818198e+01
4.675010624999999891e+02,-7.985423296641151580e+01
4.675013554687500346e+02,-8.392493271172959624e+01
4.675016484375000232e+02,-8.772312050760899638e+01
4.675019414062500118e+02,-1.005492548141266695e+02
4.675022343750000005e+02,-7.695098147617224527e+01
4.675025273437499891e+02,-8.551349787382423528e+01
4.675028203125000346e+02,-8.558211218092947092e+01
4.675031132812500232e+02,-8.677660108986148657e+01
4.675034062500000118e+02,-8.388541159227500543e+01
4.675036992187500005e+02,-8.366103381837170616e+01
4.675039921874999891e+02,-7.954116799033046448e+01
4.675042851562500346e+02,-7.895995992901595173e+01
4.675045781250000232e+02,-8.056857351043277049e+01
4.675048710937500118e+02,-8.122283294475323601e+01
4.675051640625000005e+02,-7.334033314631790290e+01
4.675054570312499891e+02,-7.589522025166387209e+01
4.675057500000000346e+02,-9.523997314204335396e+01
4.675060429687500232e+02,-8.545985016700500125e+01
4.675063359375000118e+02,-8.108226073366861897e+01
4.675066289062500005e+02,-8.570073778054798197e+01
4.675069218749999891e+02,-8.202415107981791209e+01
4.675072148437500346e+02,-7.794539547138482760e+01
4.675075078125000232e+02,-8.826661068754273742e+01
4.675078007812500118e+02,-8.794300309232853863e+01
4.675080937500000005e+02,-1.014816248067894975e+02
4.675083867187499891e+02,-8.256176092753234741e+01
4.675086796875000346e+02,-7.975619326081728389e+01
4.675089726562500232e+02,-7.529797277978813952e+01
4.675092656250000118e+02,-7.311425984857818605e+01
4.675095585937500005e+02,-7.600532520001881664e+01
4.675098515624999891e+02,-8.146992681270283754e+01
4.675101445312500346e+02,-8.262376040889319029e+01
4.675104375000000232e+02,-7.633963307260964370e+01
4.675107304687500118e+02,-7.868155390059526155e+01
4.675110234375000005e+02,-7.569788385214485515e+01
4.675113164062499891e+02,-7.799871365658437128e+01
4.675116093750000346e+02,-8.061122904010468915e+01
4.675119023437500232e+02,-1.006972364358520622e+02
4.675121953125000118e+02,-8.459803510640523427e+01
4.675124882812500005e+02,-7.580986457315790972e+01
4.675127812499999891e+02,-7.356300548646868265e+01
4.675130742187500346e+02,-8.822445488241595513e+01
4.675133671875000232e+02,-8.695721838037572127e+01
4.675136601562500118e+02,-7.847765595263550154e+01
4.675139531250000005e+02,-7.232577137309715454e+01
4.675142460937499891e+02,-7.379185881383261858e+01
4.675145390625000346e+02,-7.708920891505094630e+01
4.675148320312500232e+02,-7.209150490504575259e+01
4.675151250000000118e+02,-7.769701401302248200e+01
4.675154179687500005e+02,-8.854104680499119695e+01
4.675157109374999891e+02,-8.537204592218034804e+01
4.675160039062500346e+02,-7.875109763774014482e+01
4.675162968750000232e+02,-7.495117616713133657e+01
4.675165898437500118e+02,-7.516295421378033836e+01
4.675168828125000005e+02,-7.380249230492592005e+01
4.675171757812499891e+02,-8.079979929128113270e+01
4.675174687500000346e+02,-8.307702678467205715e+01
4.675177617187500232e+02,-8.193718099348748751e+01
4.675180546875000118e+02,-8.050210105541218297e+01
4.675183476562500005e+02,-7.893645891787711832e+01
4.675186406249999891e+02,-7.790935708815257499e+01
4.675189335937500346e+02,-8.008225588931544792e+01
4.675192265625000232e+02,-7.723913291880390375e+01
4.675195195312500118e+02,-7.895135786923580667e+01
4.675198125000000005e+02,-7.535318564099192429e+01
4.675201054687499891e+02,-7.875734960377420180e+01
4.675203984375000346e+02,-7.460563296279445922e+01
4.675206914062500232e+02,-7.600265135342640122e+01
4.675209843750000118e+02,-8.096582354634527690e+01
4.675212773437500005e+02,-8.173410939704795908e+01
4.675215703124999891e+02,-7.882494641988266437e+01
4.675218632812500346e+02,-7.588450526937164398e+01
4.675221562500000232e+02,-7.333759969959307057e+01
4.675224492187500118e+02,-7.119880554081495916e+01
4.675227421875000005e+02,-7.239859263342160034e+01
4.675230351562499891e+02,-7.432250459723070435e+01
4.675233281250000346e+02,-7.372893484077376058e+01
4.675236210937500232e+02,-7.470584680710685177e+01
4.675239140625000118e+02,-8.182312316439400490e+01
4.675242070312500005e+02,-8.308264772290749534e+01
4.675244999999999891e+02,-8.259413074102295127e+01
4.675247929687500346e+02,-7.942497537516221939e+01
4.675250859375000232e+02,-8.466186185896317795e+01
4.675253789062500118e+02,-8.979148163501281488e+01
4.675256718750000005e+02,-7.508145900045099097e+01
4.675259648437499891e+02,-7.209875669707992074e+01
4.675262578125000346e+02,-6.238923422933034146e+01
4.675265507812500232e+02,-4.902781062178021187e+01
4.675268437500000118e+02,-5.227061008160689681e+01
4.675271367187500005e+02,-7.945103374581560729e+01
4.675274296874999891e+02,-8.156289948670250567e+01
4.675277226562500346e+02,-7.794522934122898050e+01
4.675280156250000232e+02,-7.590888604319432886e+01
4.675283085937500118e+02,-7.940083836054260757e+01
4.675286015625000005e+02,-8.163403596097781190e+01
4.675288945312499891e+02,-8.708973472106526970e+01
4.675291875000000346e+02,-8.115525258725268998e+01
4.675294804687500232e+02,-7.753446238333506813e+01
4.675297734375000118e+02,-6.645616912835433254e+01
4.675300664062500005e+02,-5.985321002742142582e+01
4.675303593749999891e+02,-6.766459536521269058e+01
4.675306523437500346e+02,-7.224126823820211030e+01
4.675309453125000232e+02,-7.298319298884285899e+01
4.675312382812500118e+02,-7.455915353044133553e+01
4.675315312500000005e+02,-7.896387534342686365e+01
4.675318242187499891e+02,-7.904731780780277006e+01
4.675321171875000346e+02,-8.280514448454331955e+01
4.675324101562500232e+02,-8.131431851505304564e+01
4.675327031250000118e+02,-7.654102596148781856e+01
4.675329960937500005e+02,-7.614380069042228172e+01
4.675332890624999891e+02,-6.948845294813834528e+01
4.675335820312500346e+02,-6.701782699545090338e+01
4.675338750000000232e+02,-6.993606548098509279e+01
4.675341679687500118e+02,-7.259354384522836767e+01
4.675344609375000005e+02,-8.222639127372971757e+01
4.675347539062499891e+02,-9.480359992971958150e+01
4.675350468750000346e+02,-8.325969807118210042e+01
4.675353398437500232e+02,-7.392798569579963441e+01
4.675356328125000118e+02,-7.883067134446237390e+01
4.675359257812500005e+02,-7.547314318453496185e+01
4.675362187499999891e+02,-7.091454357512861861e+01
4.675365117187500346e+02,-7.257117599808074715e+01
4.675368046875000232e+02,-6.938050816110128949e+01
4.675370976562500118e+02,-7.559913067749442916e+01
4.675373906250000005e+02,-8.436826113293157903e+01
4.675376835937499891e+02,-8.708649189391410061e+01
4.675379765625000346e+02,-8.001329651676076082e+01
4.675382695312500232e+02,-7.719972703276224024e+01
4.675385625000000118e+02,-7.546382950795999989e+01
4.675388554687500005e+02,-7.115637865970592202e+01
4.675391484374999891e+02,-7.217438803552892068e+01
4.675394414062500346e+02,-7.248446016716296469e+01
4.675397343750000232e+02,-7.250789699192952753e+01
4.675400273437500118e+02,-7.067855402668497788e+01
4.675403203125000005e+02,-6.827245207141048411e+01
4.675406132812499891e+02,-7.489766232785947864e+01
4.675409062500000346e+02,-7.892270427949505063e+01
4.675411992187500232e+02,-7.540628221902215955e+01
4.675414921875000118e+02,-7.556042647543274882e+01
4.675417851562500005e+02,-8.156300231201498718e+01
4.675420781249999891e+02,-7.543102100261768328e+01
4.675423710937500346e+02,-9.014446123869529970e+01
4.675426640625000232e+02,-8.895091815606491537e+01
4.675429570312500118e+02,-8.476732253633565506e+01
4.675432500000000005e+02,-7.628578687320276686e+01
4.675435429687499891e+02,-6.761687303415332906e+01
4.675438359375000346e+02,-6.737219454080522496e+01
4.675441289062500232e+02,-8.051343384075265419e+01
4.675444218750000118e+02,-7.795989357337849412e+01
4.675447148437500005e+02,-7.768741825462741701e+01
4.675450078124999891e+02,-8.435371485857474738e+01
4.675453007812500346e+02,-9.994056831091093329e+01
4.675455937500000232e+02,-8.512710367765217256e+01
4.675458867187500118e+02,-7.697520751945175732e+01
4.675461796875000005e+02,-7.594276212817035798e+01
4.675464726562499891e+02,-7.249746253566713960e+01
4.675467656250000346e+02,-7.724298989090148382e+01
4.675470585937500232e+02,-6.770386020730218490e+01
4.675473515625000118e+02,-7.041606247995743217e+01
4.675476445312500005e+02,-7.424986929197345376e+01
4.675479374999999891e+02,-7.944820158146598033e+01
4.675482304687500346e+02,-8.560598213288464819e+01
4.675485234375000232e+02,-8.649150165938890211e+01
4.675488164062500118e+02,-7.624030192167926145e+01
4.675491093750000005e+02,-7.469971320264940573e+01
4.675494023437499891e+02,-7.336366031929192388e+01
4.675496953125000346e+02,-7.369996152764798580e+01
4.675499882812500232e+02,-6.845040551026472997e+01
4.675502812500000118e+02,-6.806978997976275991e+01
4.675505742187500005e+02,-8.048620030561302485e+01
4.675508671874999891e+02,-7.054056287484753796e+01
4.675511601562500346e+02,-6.983171672893570303e+01
4.675514531250000232e+02,-7.291022131447260790e+01
4.675517460937500118e+02,-7.400838337410566226e+01
4.675520390625000005e+02,-7.558616152963818990e+01
4.675523320312499891e+02,-7.005267514651376359e+01
4.675526250000000346e+02,-7.220003211434257651e+01
4.675529179687500232e+02,-6.826583108899517072e+01
4.675532109375000118e+02,-7.199248570077033094e+01
4.675535039062500005e+02,-7.059004006929987440e+01
4.675537968749999891e+02,-7.214673300466921546e+01
4.675540898437500346e+02,-7.805964418982264874e+01
4.675543828125000232e+02,-7.778971070039868607e+01
4.675546757812500118e+02,-6.758597513641818466e+01
4.675549687500000005e+02,-6.900988358022004832e+01
4.675552617187499891e+02,-7.645544863552558468e+01
4.675555546875000346e+02,-7.400733791899855873e+01
4.675558476562500232e+02,-7.484768546277170742e+01
4.675561406250000118e+02,-6.176628831630050342e+01
4.675564335937500005e+02,-6.474805503964280717e+01
4.675567265624999891e+02,-8.433254923733498742e+01
4.675570195312500346e+02,-8.748549459311762178e+01
4.675573125000000232e+02,-7.460726089696548513e+01
4.675576054687500118e+02,-6.475236230135732285e+01
4.675578984375000005e+02,-7.261722768735339173e+01
4.675581914062499891e+02,-8.133926058880484788e+01
4.675584843750000346e+02,-8.152854528863656469e+01
4.675587773437500232e+02,-7.214692596482979070e+01
4.675590703125000118e+02,-6.447113301469447322e+01
4.675593632812500005e+02,-6.657672525360763416e+01
4.675596562499999891e+02,-7.271086800957276353e+01
4.675599492187500346e+02,-7.950731901191780082e+01
4.675602421875000232e+02,-7.658005310313919267e+01
4.675605351562500118e+02,-6.775012199816778491e+01
4.675608281250000005e+02,-6.916226165649662505e+01
4.675611210937499891e+02,-7.121030985100914279e+01
4.675614140625000346e+02,-7.704517657015205145e+01
4.675617070312500232e+02,-7.479944183249695300e+01
4.675620000000000118e+02,-6.936277739172592760e+01
4.675622929687500005e+02,-6.678967871298749515e+01
4.675625859374999891e+02,-6.689893226060314646e+01
4.675628789062500346e+02,-7.212730548320811863e+01
4.675631718750000232e+02,-7.244924185869402322e+01
4.675634648437500118e+02,-7.991543442517323115e+01
4.675637578125000005e+02,-7.123673872292231124e+01
4.675640507812499891e+02,-7.015723879554359144e+01
4.675643437500000346e+02,-7.233558570476593275e+01
4.675646367187500232e+02,-8.129033199752983307e+01
4.675649296875000118e+02,-6.810845765763980353e+01
4.675652226562500005e+02,-6.699329177077092368e+01
4.675655156249999891e+02,-6.517225603005829271e+01
4.675658085937500346e+02,-6.575106433964424468e+01
4.675661015625000232e+02,-7.362409413762669885e+01
4.675663945312500118e+02,-6.883988988171770984e+01
4.675666875000000005e+02,-7.106743558780513581e+01
4.675669804687499891e+02,-7.111708612864288170e+01
4.675672734375000346e+02,-7.362279938941878754e+01
4.675675664062500232e+02,-7.459731004607911586e+01
4.675678593750000118e+02,-6.790588582319921329e+01
4.675681523437500005e+02,-7.960505571938007563e+01
4.675684453124999891e+02,-6.883218221231169309e+01
4.675687382812500346e+02,-7.812308262614220666e+01
4.675690312500000232e+02,-6.951234588313100460e+01
4.675693242187500118e+02,-6.798152215065275072e+01
4.675696171875000005e+02,-8.377570725159313270e+01
4.675699101562499891e+02,-7.177675523831483417e+01
4.675702031250000346e+02,-7.309577300148298207e+01
4.675704960937500232e+02,-7.666599178126108427e+01
4.675707890625000118e+02,-7.082267758258097956e+01
4.675710820312500005e+02,-6.690401314443947456e+01
4.675713749999999891e+02,-6.986191035736945310e+01
4.675716679687500346e+02,-6.411610972183839863e+01
4.675719609375000232e+02,-6.671444889255037936e+01
4.675722539062500118e+02,-7.028555329976346400e+01
4.675725468750000005e+02,-6.754334629061490602e+01
4.675728398437499891e+02,-6.787424734766159418e+01
4.675731328125000346e+02,-6.710094714579224728e+01
4.675734257812500232e+02,-6.685177439987963055e+01
4.675737187500000118e+02,-8.144041369589828605e+01
4.675740117187500005e+02,-7.444455669435781431e+01
4.675743046874999891e+02,-7.039056639114301106e+01
4.675745976562500346e+02,-6.938524188385392222e+01
4.675748906250000232e+02,-7.171931362361846141e+01
4.675751835937500118e+02,-6.564415362831206835e+01
4.675754765625000005e+02,-7.266491663957134506e+01
4.675757695312499891e+02,-7.917143842842783386e+01
4.675760625000000346e+02,-7.299622064633125262e+01
4.675763554687500232e+02,-7.350529962579335574e+01
4.675766484375000118e+02,-7.261074946380530548e+01
4.675769414062500005e+02,-6.789333807036605606e+01
4.675772343749999891e+02,-7.210079091467251544e+01
4.675775273437500346e+02,-7.361477899114788670e+01
4.675778203125000232e+02,-6.828592845932439559e+01
4.675781132812500118e+02,-6.312910529636216950e+01
4.675784062500000005e+02,-6.647324877164456325e+01
4.675786992187499891e+02,-6.628295790508418861e+01
4.675789921875000346e+02,-7.244216995553686900e+01
4.675792851562500232e+02,-6.264078407684262828e+01
4.675795781250000118e+02,-6.104250616072719282e+01
4.675798710937500005e+02,-8.551006110163876883e+01
4.675801640624999891e+02,-6.670868233096760491e+01
4.675804570312500346e+02,-7.054639075430822004e+01
4.675807500000000232e+02,-7.154150165966845520e+01
4.675810429687500118e+02,-6.690580776419250242e+01
4.675813359375000005e+02,-7.180663382891052038e+01
4.675816289062499891e+02,-6.865677618180464492e+01
4.675819218750000346e+02,-6.780705944252845541e+01
4.675822148437500232e+02,-7.325343972652559899e+01
4.675825078125000118e+02,-6.751996223660847818e+01
4.675828007812500005e+02,-6.345032171160249135e+01
4.675830937499999891e+02,-6.427469354683105962e+01
4.675833867187500346e+02,-7.503631046189910592e+01
4.675836796875000232e+02,-7.304820222986899125e+01
4.675839726562500118e+02,-6.702182504674973984e+01
4.675842656250000005e+02,-7.037064773655305316e+01
4.675845585937499891e+02,-6.867066155059995936e+01
4.675848515625000346e+02,-6.625422836105886404e+01
4.675851445312500232e+02,-5.207282260398558549e+01
4.675854375000000118e+02,-4.609025099092163202e+01
4.675857304687500005e+02,-5.362210064306256641e+01
4.675860234374999891e+02,-7.797936754352473088e+01
4.675863164062500346e+02,-7.194745954599697768e+01
4.675866093750000232e+02,-8.046968773519421347e+01
4.675869023437500118e+02,-6.830310126837484574e+01
4.675871953125000005e+02,-7.228640154687877839e+01
4.675874882812499891e+02,-7.356640392791422300e+01
4.675877812500000346e+02,-7.101460480526856145e+01
4.675880742187500232e+02,-6.814164919730639269e+01
4.675883671875000118e+02,-5.463049458179219897e+01
4.675886601562500005e+02,-3.228500733967192815e+01
4.675889531249999891e+02,-3.028213777182745758e+01
4.675892460937500346e+02,-4.403924116653927001e+01
4.675895390625000232e+02,-6.998433540828159494e+01
4.675898320312500118e+02,-7.204417342983470007e+01
4.675901250000000005e+02,-7.167151181462841691e+01
4.675904179687499891e+02,-7.318942062591487741e+01
4.675907109375000346e+02,-7.282352260530265653e+01
4.675910039062500232e+02,-6.724943198501721042e+01
4.675912968750000118e+02,-6.860085595560036609e+01
4.675915898437500005e+02,-7.852160789455632539e+01
4.675918828124999891e+02,-6.274383644353324740e+01
4.675921757812500346e+02,-4.774622215023199345e+01
4.675924687500000232e+02,-5.050102509217013136e+01
4.675927617187500118e+02,-6.688646393277468860e+01
4.675930546875000005e+02,-6.434193156572212047e+01
4.675933476562499891e+02,-6.806824484529870745e+01
4.675936406250000346e+02,-6.602939098677126140e+01
4.675939335937500232e+02,-6.708999425378335957e+01
4.675942265625000118e+02,-7.526804687816296280e+01
4.675945195312500005e+02,-7.461413644375244303e+01
4.675948124999999891e+02,-6.327064568506128239e+01
4.675951054687500346e+02,-6.719910505872552164e+01
4.675953984375000232e+02,-6.374918480778760710e+01
4.675956914062500118e+02,-5.956475802705978140e+01
4.675959843750000005e+02,-6.685726035955036650e+01
4.675962773437499891e+02,-7.062964268505680820e+01
4.675965703125000346e+02,-6.790031742694316108e+01
4.675968632812500232e+02,-6.700578751611016060e+01
4.675971562500000118e+02,-6.971272207542769195e+01
4.675974492187500005e+02,-6.565185197003268058e+01
4.675977421874999891e+02,-6.881807366678306437e+01
4.675980351562500346e+02,-6.523871027265616362e+01
4.675983281250000232e+02,-6.088154297676145177e+01
4.675986210937500118e+02,-6.438639898842609455e+01
4.675989140625000005e+02,-7.593680797308267927e+01
4.675992070312499891e+02,-7.151943516693643232e+01
4.675995000000000346e+02,-6.199513234726971689e+01
4.675997929687500232e+02,-6.696236931522543046e+01
4.676000859375000118e+02,-6.645980070811509677e+01
4.676003789062500005e+02,-7.529860186644074815e+01
4.676006718749999891e+02,-6.986316570414680882e+01
4.676009648437500346e+02,-6.965063624608495729e+01
4.676012578125000232e+02,-6.870338324286099407e+01
4.676015507812500118e+02,-8.311128556235684073e+01
4.676018437500000005e+02,-7.697645882218458269e+01
4.676021367187499891e+02,-7.296050654113710721e+01
4.676024296875000346e+02,-6.444414449590323102e+01
4.676027226562500232e+02,-6.387483409105389143e+01
4.676030156250000118e+02,-6.526375407464621503e+01
4.676033085937500005e+02,-7.695637429965273668e+01
4.676036015624999891e+02,-7.766240528415190170e+01
4.676038945312500346e+02,-7.908557264953364552e+01
4.676041875000000232e+02,-7.173513425883510308e+01
4.676044804687500118e+02,-6.631408031633002054e+01
4.676047734375000005e+02,-6.972441597006191216e+01
4.676050664062499891e+02,-6.635760886453338969e+01
4.676053593750000346e+02,-7.089290149826872778e+01
4.676056523437500232e+02,-7.131796750956800679e+01
4.676059453125000118e+02,-6.696019705160580315e+01
4.676062382812500005e+02,-6.692840652425196879e+01
4.676065312499999891e+02,-6.557922075610116508e+01
4.676068242187500346e+02,-7.157755422471456086e+01
4.676071171875000232e+02,-7.145724524875296879e+01
4.676074101562500118e+02,-7.051698336158992220e+01
4.676077031250000005e+02,-7.080191527306432420e+01
4.676079960937499891e+02,-7.891166046638804232e+01
4.676082890625000346e+02,-6.957168304876688580e+01
4.676085820312500232e+02,-6.634635650194917389e+01
4.676088750000000118e+02,-7.059036129438129592e+01
4.676091679687500005e+02,-6.535121892022475265e+01
4.676094609374999891e+02,-6.506427873837098730e+01
4.676097539062500346e+02,-6.732015061621483198e+01
4.676100468750000232e+02,-6.999140648394545394e+01
4.676103398437500118e+02,-7.371174829333418188e+01
4.676106328125000005e+02,-6.856931122045290294e+01
4.676109257812499891e+02,-7.272529342164952482e+01
4.676112187500000346e+02,-6.950656383142893446e+01
4.676115117187500232e+02,-7.985048303631535305e+01
4.676118046875000118e+02,-7.009153197224789267e+01
4.676120976562500005e+02,-6.620821722081656446e+01
4.676123906249999891e+02,-6.696819636096026329e+01
4.676126835937500346e+02,-6.749453516349292670e+01
4.676129765625000232e+02,-7.542594263990078218e+01
4.676132695312500118e+02,-7.581394316534878897e+01
4.676135625000000005e+02,-7.244673495394064844e+01
4.676138554687499891e+02,-7.104955441587306098e+01
4.676141484375000346e+02,-7.270629546498443574e+01
4.676144414062500232e+02,-7.512986299713685412e+01
4.676147343750000118e+02,-7.556094583975817613e+01
4.676150273437500005e+02,-7.350087608446438026e+01
4.676153203124999891e+02,-6.836203059255311132e+01
4.676156132812500346e+02,-6.925173917927830303e+01
4.676159062500000232e+02,-7.006182895137180822e+01
4.676161992187500118e+02,-6.970806676530986579e+01
4.676164921875000005e+02,-7.657609417112747963e+01
4.676167851562499891e+02,-7.178110200976666988e+01
4.676170781250000346e+02,-7.138023934736210663e+01
4.676173710937500232e+02,-7.761962834307703929e+01
4.676176640625000118e+02,-7.354675710299746072e+01
4.676179570312500005e+02,-7.224143260958523172e+01
4.676182499999999891e+02,-7.311892049470228017e+01
4.676185429687500346e+02,-6.651235286252452283e+01
4.676188359375000232e+02,-6.968912728036529813e+01
4.676191289062500118e+02,-7.193944571548449574e+01
4.676194218750000005e+02,-7.793510938626128848e+01
4.676197148437499891e+02,-7.845984021631510075e+01
4.676200078125000346e+02,-6.991840351082484517e+01
4.676203007812500232e+02,-7.247183622841203032e+01
4.676205937500000118e+02,-8.622773565192515832e+01
4.676208867187500005e+02,-7.346049081211143061e+01
4.676211796874999891e+02,-7.541431253789029654e+01
4.676214726562500346e+02,-6.437023963043871788e+01
4.676217656250000232e+02,-6.906059925377047648e+01
4.676220585937500118e+02,-7.620371487911283737e+01
4.676223515625000005e+02,-8.714615123860527035e+01
4.676226445312499891e+02,-7.011952345213887838e+01
4.676229375000000346e+02,-6.760027073512866025e+01
4.676232304687500232e+02,-7.525958550996239182e+01
4.676235234375000118e+02,-7.206098510247383615e+01
4.676238164062500005e+02,-7.297723750749364058e+01
4.676241093749999891e+02,-7.917399271921628667e+01
4.676244023437500346e+02,-8.262573533210014887e+01
4.676246953125000232e+02,-7.097130490051891627e+01
4.676249882812500118e+02,-6.852964501326799507e+01
4.676252812500000005e+02,-6.977393493449821449e+01
4.676255742187499891e+02,-7.353219309130373915e+01
4.676258671875000346e+02,-7.547395239795565658e+01
4.676261601562500232e+02,-7.192764121299128988e+01
4.676264531250000118e+02,-6.901792522346565306e+01
4.676267460937500005e+02,-7.010622627073523461e+01
4.676270390624999891e+02,-7.198961453703631719e+01
4.676273320312500346e+02,-7.349845339922346454e+01
4.676276250000000232e+02,-7.335672767762366675e+01
4.676279179687500118e+02,-7.907688110895959710e+01
4.676282109375000005e+02,-7.697413256062425546e+01
4.676285039062499891e+02,-7.286467125553896551e+01
4.676287968750000346e+02,-7.181962522672684202e+01
4.676290898437500232e+02,-7.277865071541911846e+01
4.676293828125000118e+02,-7.906098793743728947e+01
4.676296757812500005e+02,-7.599559401289597815e+01
4.676299687499999891e+02,-7.580463843224252685e+01
4.676302617187500346e+02,-7.459476551844930725e+01
4.676305546875000232e+02,-7.030148543242562198e+01
4.676308476562500118e+02,-7.184064982380266429e+01
4.676311406250000005e+02,-7.112379507947335355e+01
4.676314335937499891e+02,-7.843474159471851692e+01
4.676317265625000346e+02,-7.674060736217383294e+01
4.676320195312500232e+02,-7.764359866665577670e+01
4.676323125000000118e+02,-7.517601046435429168e+01
4.676326054687500005e+02,-7.439930243751743433e+01
4.676328984374999891e+02,-7.798428448354817988e+01
4.676331914062500346e+02,-9.532073755412849891e+01
4.676334843750000232e+02,-8.016892943211418299e+01
4.676337773437500118e+02,-7.761891912629035062e+01
4.676340703125000005e+02,-6.920823774589337063e+01
4.676343632812499891e+02,-7.596099465317703903e+01
4.676346562500000346e+02,-8.852086364193684176e+01
4.676349492187500232e+02,-7.418711867602746679e+01
4.676352421875000118e+02,-7.604330706416689623e+01
4.676355351562500005e+02,-8.998387057611147100e+01
4.676358281249999891e+02,-7.475881999615879181e+01
4.676361210937500346e+02,-7.183753433352634943e+01
4.676364140625000232e+02,-7.490764604352021649e+01
4.676367070312500118e+02,-7.829714861329760822e+01
4.676370000000000005e+02,-7.870423500490386459e+01
4.676372929687499891e+02,-7.308933286282518793e+01
4.676375859375000346e+02,-7.124597968807607629e+01
4.676378789062500232e+02,-7.761253360601465090e+01
4.676381718750000118e+02,-8.026253486996370157e+01
4.676384648437500005e+02,-9.162964624530832225e+01
4.676387578124999891e+02,-8.648717897449213865e+01
4.676390507812500346e+02,-7.711155857930745583e+01
4.676393437500000232e+02,-7.380557780003726975e+01
4.676396367187500118e+02,-7.599093995684256697e+01
4.676399296875000005e+02,-8.469233157880152874e+01
4.676402226562499891e+02,-7.568277632425233037e+01
4.676405156250000346e+02,-7.759305483843347417e+01
4.676408085937500232e+02,-8.074281389933615571e+01
4.676411015625000118e+02,-7.997239076118385981e+01
4.676413945312500005e+02,-8.164364225418998444e+01
4.676416874999999891e+02,-8.489836159126292614e+01
4.676419804687500346e+02,-9.625289334946073438e+01
4.676422734375000232e+02,-7.681556493261560092e+01
4.676425664062500118e+02,-7.382512609777600687e+01
4.676428593750000005e+02,-7.574079345297656118e+01
4.676431523437499891e+02,-7.757186397878453477e+01
4.676434453125000346e+02,-7.508545118355377213e+01
4.676437382812500232e+02,-7.352951990581520647e+01
4.676440312500000118e+02,-8.071096988632956482e+01
4.676443242187500005e+02,-8.214433218068920439e+01
4.676446171874999891e+02,-9.632728937678325565e+01
4.676449101562500346e+02,-9.169038712053054496e+01
4.676452031250000232e+02,-8.951795203205485052e+01
4.676454960937500118e+02,-7.857295022121321892e+01
4.676457890625000005e+02,-7.525996019597478437e+01
4.676460820312499891e+02,-7.544637092786926758e+01
4.676463750000000346e+02,-7.990534017012822687e+01
4.676466679687500232e+02,-9.189760250055758206e+01
4.676469609375000118e+02,-8.189471930459089322e+01
4.676472539062500005e+02,-7.948384354621279613e+01
4.676475468749999891e+02,-8.779825340835350289e+01
4.676478398437500346e+02,-8.237856532535111853e+01
4.676481328125000232e+02,-7.867769440161752925e+01
4.676484257812500118e+02,-8.823982295547658339e+01
4.676487187500000005e+02,-7.753499352280324786e+01
4.676490117187499891e+02,-7.731101382480190409e+01
4.676493046875000346e+02,-8.137848613847486945e+01
4.676495976562500232e+02,-8.205418910790591269e+01
4.676498906250000118e+02,-7.530525906710481365e+01
4.676501835937500005e+02,-7.736764153146407352e+01
4.676504765624999891e+02,-7.311584284342892204e+01
4.676507695312500346e+02,-5.579090163967146054e+01
4.676510625000000232e+02,-4.822572966727919663e+01
4.676513554687500118e+02,-5.523388558327447839e+01
4.676516484375000005e+02,-7.988689526023551934e+01
4.676519414062499891e+02,-7.629671560215675186e+01
4.676522343750000346e+02,-8.011697214497016262e+01
4.676525273437500232e+02,-8.082130231001568177e+01
4.676528203125000118e+02,-8.709067987231361485e+01
4.676531132812500005e+02,-8.707278620803003832e+01
4.676534062499999891e+02,-8.042467389496898988e+01
4.676536992187500346e+02,-7.580804638018940977e+01
4.676539921875000232e+02,-8.312045077469284138e+01
4.676542851562500118e+02,-6.466701229904370507e+01
4.676545781250000005e+02,-6.083532214822537298e+01
4.676548710937499891e+02,-7.486633556159065961e+01
4.676551640625000346e+02,-7.647283966368318886e+01
4.676554570312500232e+02,-7.452674231023769380e+01
4.676557500000000118e+02,-7.597709833559854076e+01
4.676560429687500005e+02,-7.612725245312336142e+01
4.676563359374999891e+02,-7.611192241925974145e+01
4.676566289062500346e+02,-8.238638744938205605e+01
4.676569218750000232e+02,-8.839250838550641731e+01
4.676572148437500118e+02,-7.591236820353859116e+01
4.676575078125000005e+02,-8.372046909285896277e+01
4.676578007812499891e+02,-7.138611731774778946e+01
4.676580937500000346e+02,-7.327336913816287733e+01
4.676583867187500232e+02,-8.371523774070448098e+01
4.676586796875000118e+02,-7.749470350453637479e+01
4.676589726562500005e+02,-7.659644163311338616e+01
4.676592656249999891e+02,-7.695585350170988193e+01
4.676595585937500346e+02,-8.585399710959055142e+01
4.676598515625000232e+02,-9.665989007830356172e+01
4.676601445312500118e+02,-7.659865399398000818e+01
4.676604375000000005e+02,-7.296125971479619921e+01
4.676607304687499891e+02,-7.443040144313245321e+01
4.676610234375000346e+02,-8.140282303028678257e+01
4.676613164062500232e+02,-7.597103983222515922e+01
4.676616093750000118e+02,-9.077283040283845139e+01
4.676619023437500005e+02,-8.085300849270288381e+01
4.676621953124999891e+02,-7.777867613307874706e+01
4.676624882812500346e+02,-7.604341921076708388e+01
4.676627812500000232e+02,-7.711671223328690417e+01
4.676630742187500118e+02,-7.938547029447346404e+01
4.676633671875000005e+02,-9.403969210648496357e+01
4.676636601562499891e+02,-7.809357600353814632e+01
4.676639531250000346e+02,-7.827400738546506886e+01
4.676642460937500232e+02,-8.292008980037364552e+01
4.676645390625000118e+02,-8.127309435954201433e+01
4.676648320312500005e+02,-7.682827545179553397e+01
4.676651249999999891e+02,-7.356084063338948908e+01
4.676654179687500346e+02,-7.998967877939956850e+01
4.676657109375000232e+02,-8.236041581258206179e+01
4.676660039062500118e+02,-7.629524711011066529e+01
4.676662968750000005e+02,-8.302643796666433218e+01
4.676665898437499891e+02,-7.504546239952054520e+01
4.676668828125000346e+02,-7.712102575465193866e+01
4.676671757812500232e+02,-8.376553075433716344e+01
4.676674687500000118e+02,-8.295438892289560329e+01
4.676677617187500005e+02,-8.272584203284966975e+01
4.676680546874999891e+02,-8.319716797567686228e+01
4.676683476562500346e+02,-8.309727855866910318e+01
4.676686406250000232e+02,-7.324626429277864759e+01
4.676689335937500118e+02,-8.289903427058919760e+01
4.676692265625000005e+02,-7.859959615848217140e+01
4.676695195312499891e+02,-7.842261752411786802e+01
4.676698125000000346e+02,-8.032529426855046495e+01
4.676701054687500232e+02,-7.781478382468884547e+01
4.676703984375000118e+02,-7.967809666539348257e+01
4.676706914062500005e+02,-8.750669659463852668e+01
4.676709843749999891e+02,-8.664415726468156720e+01
4.676712773437500346e+02,-8.683488139578308562e+01
4.676715703125000232e+02,-8.058568782777008721e+01
4.676718632812500118e+02,-7.967072995101520405e+01
4.676721562500000005e+02,-7.304780079553707139e+01
4.676724492187499891e+02,-7.366118076966947115e+01
4.676727421875000346e+02,-7.486502928532760848e+01
4.676730351562500232e+02,-7.679829340316014452e+01
4.676733281250000118e+02,-8.066906617377722455e+01
4.676736210937500005e+02,-8.500360621320582766e+01
4.676739140624999891e+02,-7.619249421209960360e+01
4.676742070312500346e+02,-7.633695742229114956e+01
4.676745000000000232e+02,-7.747034610117448494e+01
4.676747929687500118e+02,-8.769802458922653443e+01
4.676750859375000005e+02,-7.922497334042103034e+01
4.676753789062499891e+02,-7.426880351158972360e+01
4.676756718750000346e+02,-8.032831335281342433e+01
4.676759648437500232e+02,-8.205136217843444513e+01
4.676762578125000118e+02,-9.421219646562101957e+01
4.676765507812500005e+02,-8.078884966499080633e+01
4.676768437499999891e+02,-7.805215618576129089e+01
4.676771367187500346e+02,-8.926918379416139260e+01
4.676774296875000232e+02,-7.721078191942794433e+01
4.676777226562500118e+02,-7.778035342753250347e+01
4.676780156250000005e+02,-8.202121348749136587e+01
4.676783085937499891e+02,-8.148132280289068774e+01
4.676786015625000346e+02,-8.432611117122291944e+01
4.676788945312500232e+02,-8.589187418977245159e+01
4.676791875000000118e+02,-9.127926292067007807e+01
4.676794804687500005e+02,-8.861860803402751685e+01
4.676797734374999891e+02,-8.179367831946120759e+01
4.676800664062500346e+02,-8.051183401484357205e+01
4.676803593750000232e+02,-7.798797648425698981e+01
4.676806523437500118e+02,-8.092817553968252753e+01
4.676809453125000005e+02,-7.732210838171548062e+01
4.676812382812499891e+02,-7.748196396548851794e+01
4.676815312500000346e+02,-8.259101621547887362e+01
4.676818242187500232e+02,-8.336694882037024001e+01
4.676821171875000118e+02,-7.886421848964666026e+01
4.676824101562500005e+02,-8.338939484743976038e+01
4.676827031249999891e+02,-8.011980236429273816e+01
4.676829960937500346e+02,-7.991144908454616314e+01
4.676832890625000232e+02,-7.515036313605850182e+01
4.676835820312500118e+02,-7.584792198835101829e+01
4.676838750000000005e+02,-7.862214846731775708e+01
4.676841679687499891e+02,-8.202060012171375547e+01
4.676844609375000346e+02,-8.787777651682745272e+01
4.676847539062500232e+02,-7.871254902764559347e+01
4.676850468750000118e+02,-8.253843346337264109e+01
4.676853398437500005e+02,-7.726281563350967474e+01
4.676856328124999891e+02,-7.962272858695999389e+01
4.676859257812500346e+02,-7.753013285264660226e+01
4.676862187500000232e+02,-8.288691243989121915e+01
4.676865117187500118e+02,-8.934788462974837842e+01
4.676868046875000005e+02,-7.688478210605701690e+01
4.676870976562499891e+02,-7.673686910895931135e+01
4.676873906250000346e+02,-9.164068879899261333e+01
4.676876835937500232e+02,-8.002205719300707187e+01
4.676879765625000118e+02,-7.960912858119928615e+01
4.676882695312500005e+02,-8.173056094624323009e+01
4.676885624999999891e+02,-7.765281498346496392e+01
4.676888554687500346e+02,-7.722012098187190077e+01
4.676891484375000232e+02,-7.960436361663572313e+01
4.676894414062500118e+02,-7.863783941171752190e+01
4.676897343750000005e+02,-8.337052247875404021e+01
4.676900273437499891e+02,-8.871652671125580980e+01
4.676903203125000346e+02,-7.526287773043218010e+01
4.676906132812500232e+02,-7.714516512410297366e+01
4.676909062500000118e+02,-7.520435257311653743e+01
4.676911992187500005e+02,-7.608324119657571316e+01
4.676914921874999891e+02,-8.652358353686446435e+01
4.676917851562500346e+02,-8.067102616194594589e+01
4.676920781250000232e+02,-7.590507693258425093e+01
4.676923710937500118e+02,-7.528684322497969106e+01
4.676926640625000005e+02,-6.653835756469773344e+01
4.676929570312499891e+02,-6.778485124875830081e+01
4.676932500000000346e+02,-8.153550716091720574e+01
4.676935429687500232e+02,-8.154394333739574563e+01
4.676938359375000118e+02,-8.016380976208625952e+01
4.676941289062500005e+02,-7.723652316291742181e+01
4.676944218749999891e+02,-7.602374017154195940e+01
4.676947148437500346e+02,-7.692571839706229753e+01
4.676950078125000232e+02,-7.959505946349122496e+01
4.676953007812500118e+02,-8.002243335450333461e+01
4.676955937500000005e+02,-8.024807641258006186e+01
4.676958867187499891e+02,-7.528625643095837461e+01
4.676961796875000346e+02,-6.959055871231969093e+01
4.676964726562500232e+02,-7.711678228067637519e+01
4.676967656250000118e+02,-7.875093630612104789e+01
4.676970585937500005e+02,-7.807635997026387997e+01
4.676973515624999891e+02,-7.423656285050397230e+01
4.676976445312500346e+02,-7.622054424845758547e+01
4.676979375000000232e+02,-8.487292159853161877e+01
4.676982304687500118e+02,-7.919972282191130830e+01
4.676985234375000005e+02,-7.729201768385841831e+01
4.676988164062499891e+02,-7.853467249337398925e+01
4.676991093750000346e+02,-8.075174167479175935e+01
4.676994023437500232e+02,-7.348013488331581300e+01
4.676996953125000118e+02,-7.040711538260794100e+01
4.676999882812500005e+02,-7.890447384016374599e+01
4.677002812499999891e+02,-8.717980223822507924e+01
4.677005742187500346e+02,-8.724221982203695802e+01
4.677008671875000232e+02,-8.556388021632673713e+01
4.677011601562500118e+02,-8.245815133891454707e+01
4.677014531250000005e+02,-8.345201502002365146e+01
4.677017460937499891e+02,-8.219398748620834283e+01
4.677020390625000346e+02,-8.051192221642926938e+01
4.677023320312500232e+02,-7.975408929520065726e+01
4.677026250000000118e+02,-7.084962932716226192e+01
4.677029179687500005e+02,-7.060710407420535262e+01
4.677032109374999891e+02,-7.213042029573743719e+01
4.677035039062500346e+02,-7.565475389515799520e+01
4.677037968750000232e+02,-8.097961978755631662e+01
4.677040898437500118e+02,-9.005514991819140391e+01
4.677043828125000005e+02,-8.231345396057938046e+01
4.677046757812499891e+02,-8.189155227178177654e+01
4.677049687500000346e+02,-8.332302348615519350e+01
4.677052617187500232e+02,-8.518179333643749374e+01
4.677055546875000118e+02,-8.452356651861879300e+01
4.677058476562500005e+02,-8.512532592493307959e+01
4.677061406249999891e+02,-9.537835883248422419e+01
4.677064335937500346e+02,-8.924310383648331424e+01
4.677067265625000232e+02,-8.479076377981473911e+01
4.677070195312500118e+02,-8.249876380246664098e+01
4.677073125000000005e+02,-9.372694084170062467e+01
4.677076054687499891e+02,-9.573335658109110113e+01
4.677078984375000346e+02,-8.107605474136406087e+01
4.677081914062500232e+02,-7.872190536297333097e+01
4.677084843750000118e+02,-8.866152944887360832e+01
4.677087773437500005e+02,-9.101313297352128018e+01
4.677090703124999891e+02,-8.446979427112080430e+01
4.677093632812500346e+02,-7.870657437617440166e+01
4.677096562500000232e+02,-7.789741591723965541e+01
4.677099492187500118e+02,-7.999778783509532332e+01
4.677102421875000005e+02,-7.698260773433491977e+01
4.677105351562499891e+02,-7.790940198474007161e+01
4.677108281250000346e+02,-7.868290744481458887e+01
4.677111210937500232e+02,-8.050451239801572001e+01
4.677114140625000118e+02,-8.665814272403025598e+01
4.677117070312500005e+02,-8.745727214741248190e+01
4.677119999999999891e+02,-8.160935599787471517e+01
4.677122929687500346e+02,-7.930866047359992876e+01
4.677125859375000232e+02,-7.614596068972808496e+01
4.677128789062500118e+02,-7.523330081590415830e+01
4.677131718750000005e+02,-6.613645727751307390e+01
4.677134648437499891e+02,-6.778639871563402153e+01
4.677137578125000346e+02,-8.177743214763140145e+01
4.677140507812500232e+02,-8.609765237559489037e+01
4.677143437500000118e+02,-8.952222208842088946e+01
4.677146367187500005e+02,-7.984173480290647262e+01
4.677149296874999891e+02,-8.388335163104939340e+01
4.677152226562500346e+02,-9.437973711919337916e+01
4.677155156250000232e+02,-8.697682919379006705e+01
4.677158085937500118e+02,-8.327795177448366815e+01
4.677161015625000005e+02,-7.502142184911353695e+01
4.677163945312499891e+02,-7.966527206974491548e+01
4.677166875000000346e+02,-7.096714342847984369e+01
4.677169804687500232e+02,-8.152879755018625474e+01
4.677172734375000118e+02,-8.218237945879378969e+01
4.677175664062500005e+02,-9.499462916023426828e+01
4.677178593749999891e+02,-8.943607187299683403e+01
4.677181523437500346e+02,-8.570298044744795618e+01
4.677184453125000232e+02,-7.694117108497233914e+01
4.677187382812500118e+02,-8.066302509953533217e+01
4.677190312500000005e+02,-8.411206646402240494e+01
4.677193242187499891e+02,-8.449819282335215576e+01
4.677196171875000346e+02,-8.728809277417227008e+01
4.677199101562500232e+02,-8.215287498774526398e+01
4.677202031250000118e+02,-7.813394451495113913e+01
4.677204960937500005e+02,-8.188219251011661015e+01
4.677207890624999891e+02,-8.408228610451882901e+01
4.677210820312500346e+02,-8.344726617586630368e+01
4.677213750000000232e+02,-8.753201788875115597e+01
4.677216679687500118e+02,-9.157126220696713403e+01
4.677219609375000005e+02,-1.036202814525675251e+02
4.677222539062499891e+02,-8.291696658428107014e+01
4.677225468750000346e+02,-8.245306080081562072e+01
4.677228398437500232e+02,-1.003393105396220477e+02
4.677231328125000118e+02,-9.047536676841022540e+01
4.677234257812500005e+02,-9.329015034155420949e+01
4.677237187499999891e+02,-8.787264390379650081e+01
4.677240117187500346e+02,-8.496846379737061739e+01
4.677243046875000232e+02,-7.884364091557293364e+01
4.677245976562500118e+02,-7.756973083254362678e+01
4.677248906250000005e+02,-8.121662701526396688e+01
4.677251835937499891e+02,-8.197357287852727836e+01
4.677254765625000346e+02,-7.838165358699396279e+01
4.677257695312500232e+02,-9.462234349840176151e+01
4.677260625000000118e+02,-9.166822652486837342e+01
4.677263554687500005e+02,-8.601568973939002660e+01
4.677266484374999891e+02,-8.504714725516997476e+01
4.677269414062500346e+02,-9.029727085141345810e+01
4.677272343750000232e+02,-9.863878492908906992e+01
4.677275273437500118e+02,-9.350553375109925014e+01
4.677278203125000005e+02,-9.838438933209189940e+01
4.677281132812499891e+02,-8.594598185399546253e+01
4.677284062500000346e+02,-7.996893776996999748e+01
4.677286992187500232e+02,-8.780634558567258807e+01
4.677289921875000118e+02,-8.514958678952129389e+01
4.677292851562500005e+02,-9.531525774331932155e+01
4.677295781249999891e+02,-8.631583464807201267e+01
4.677298710937500346e+02,-8.545437938563230773e+01
4.677301640625000232e+02,-8.145483477658382299e+01
4.677304570312500118e+02,-7.978269355396383844e+01
4.677307500000000005e+02,-7.748897213212806889e+01
4.677310429687499891e+02,-7.819214322165923647e+01
4.677313359375000346e+02,-8.532575119769306582e+01
4.677316289062500232e+02,-8.763242856922184387e+01
4.677319218750000118e+02,-9.188170984632498062e+01
4.677322148437500005e+02,-8.461887587387315079e+01
4.677325078124999891e+02,-8.578502426112467560e+01
4.677328007812500346e+02,-9.159280310031789440e+01
4.677330937500000232e+02,-8.240808089810363413e+01
4.677333867187500118e+02,-7.716569333414189202e+01
4.677336796875000005e+02,-7.768055034469632858e+01
4.677339726562499891e+02,-9.004330753662677012e+01
4.677342656250000346e+02,-9.621224089555539649e+01
4.677345585937500232e+02,-8.181846530494452452e+01
4.677348515625000118e+02,-8.328778335127863386e+01
4.677351445312500005e+02,-8.851645852945924275e+01
4.677354374999999891e+02,-8.079933872700226516e+01
4.677357304687500346e+02,-8.150346257519238691e+01
4.677360234375000232e+02,-8.002399360376170989e+01
4.677363164062500118e+02,-8.278087801450425331e+01
4.677366093750000005e+02,-8.376108606606989326e+01
4.677369023437499891e+02,-8.269580631552517502e+01
4.677371953125000346e+02,-8.718203424814147695e+01
4.677374882812500232e+02,-9.226747280844978150e+01
4.677377812500000118e+02,-8.203947036529378067e+01
4.677380742187500005e+02,-7.931660834904491253e+01
4.677383671874999891e+02,-8.321787393964260104e+01
4.677386601562500346e+02,-8.218896140487034074e+01
4.677389531250000232e+02,-8.528973429143491103e+01
4.677392460937500118e+02,-9.866619856904074481e+01
4.677395390625000005e+02,-9.268033685747597872e+01
4.677398320312499891e+02,-8.752942566817603165e+01
4.677401250000000346e+02,-8.247833290857569466e+01
4.677404179687500232e+02,-8.187627390570816033e+01
4.677407109375000118e+02,-8.240401877332499225e+01
4.677410039062500005e+02,-8.039933056410399104e+01
4.677412968749999891e+02,-7.981839260498671251e+01
4.677415898437500346e+02,-8.129563037506521539e+01
4.677418828125000232e+02,-8.265581913961693772e+01
4.677421757812500118e+02,-9.229193673184839497e+01
4.677424687500000005e+02,-8.608878156741768350e+01
4.677427617187499891e+02,-8.676635701423109026e+01
4.677430546875000346e+02,-8.378542802672852474e+01
4.677433476562500232e+02,-8.403804271093910927e+01
4.677436406250000118e+02,-9.725004233768787287e+01
4.677439335937500005e+02,-8.995906991513277262e+01
4.677442265624999891e+02,-8.463105299537127735e+01
4.677445195312500346e+02,-8.099084401717560411e+01
4.677448125000000232e+02,-8.661153158238980154e+01
4.677451054687500118e+02,-7.978152327463996585e+01
4.677453984375000005e+02,-9.083702742044945921e+01
4.677456914062499891e+02,-8.425535206407877808e+01
4.677459843750000346e+02,-8.204842130592547278e+01
4.677462773437500232e+02,-8.444739826406726024e+01
4.677465703125000118e+02,-8.623273463627255353e+01
4.677468632812500005e+02,-8.330588525389450183e+01
4.677471562499999891e+02,-8.714276106159556434e+01
4.677474492187500346e+02,-9.002308650904444676e+01
4.677477421875000232e+02,-8.125999750331745020e+01
4.677480351562500118e+02,-8.522554150747858159e+01
4.677483281250000005e+02,-8.543423921779542241e+01
4.677486210937499891e+02,-8.573610082848085767e+01
4.677489140625000346e+02,-9.074195211531319671e+01
4.677492070312500232e+02,-8.783849934043189478e+01
4.677495000000000118e+02,-8.471009904588100881e+01
4.677497929687500005e+02,-9.432540505075223791e+01
4.677500859374999891e+02,-9.094743186883205510e+01
4.677503789062500346e+02,-8.025974005284729174e+01
4.677506718750000232e+02,-7.835602686660409688e+01
4.677509648437500118e+02,-8.132028870300726453e+01
4.677512578125000005e+02,-9.080713110472532890e+01
4.677515507812499891e+02,-8.615172572336406631e+01
4.677518437500000346e+02,-8.394795927293964155e+01
4.677521367187500232e+02,-8.223499245483401410e+01
4.677524296875000118e+02,-9.011966636898024774e+01
4.677527226562500005e+02,-8.931545067470059962e+01
4.677530156249999891e+02,-8.347523444720259533e+01
4.677533085937500346e+02,-8.417277254567488853e+01
4.677536015625000232e+02,-8.651065494588900151e+01
4.677538945312500118e+02,-9.330331812701727756e+01
4.677541875000000005e+02,-8.026141895169475049e+01
4.677544804687499891e+02,-9.057787427705630989e+01
4.677547734375000346e+02,-7.560488745216312623e+01
4.677550664062500232e+02,-7.078038007097771356e+01
4.677553593750000118e+02,-7.709665351469686811e+01
4.677556523437500005e+02,-9.212926797827584835e+01
4.677559453124999891e+02,-7.985408823184259575e+01
4.677562382812500346e+02,-7.959562568038215602e+01
4.677565312500000232e+02,-8.111368616275146337e+01
4.677568242187500118e+02,-8.185724526384746014e+01
4.677571171875000005e+02,-8.484059353278283311e+01
4.677574101562499891e+02,-8.191580375999851071e+01
4.677577031250000346e+02,-8.077129550346271003e+01
4.677579960937500232e+02,-8.419132817215941600e+01
4.677582890625000118e+02,-7.411590260532338448e+01
4.677585820312500005e+02,-7.336156798959814296e+01
4.677588749999999891e+02,-8.570242871370712123e+01
4.677591679687500346e+02,-8.568492380818153720e+01
4.677594609375000232e+02,-8.016647376621509125e+01
4.677597539062500118e+02,-7.832274274804046854e+01
4.677600468750000005e+02,-8.483266774975658109e+01
4.677603398437499891e+02,-9.199933156947666646e+01
4.677606328125000346e+02,-8.544268551831258662e+01
4.677609257812500232e+02,-8.091879893817190350e+01
4.677612187500000118e+02,-8.260586459354760791e+01
4.677615117187500005e+02,-9.543091310063536525e+01
4.677618046874999891e+02,-7.264286508766433315e+01
4.677620976562500346e+02,-7.641237929497295056e+01
4.677623906250000232e+02,-8.968029755861579133e+01
4.677626835937500118e+02,-7.806630729020761805e+01
4.677629765625000005e+02,-7.954444639178659315e+01
4.677632695312499891e+02,-8.368095578584437533e+01
4.677635625000000346e+02,-8.746804206553770200e+01
4.677638554687500232e+02,-9.127268670934708439e+01
4.677641484375000118e+02,-8.827925154969048549e+01
4.677644414062500005e+02,-8.368161924717841771e+01
4.677647343749999891e+02,-8.133698629740456454e+01
4.677650273437500346e+02,-8.564795862355673250e+01
4.677653203125000232e+02,-7.528999676463176627e+01
4.677656132812500118e+02,-8.000783547614241797e+01
4.677659062500000005e+02,-8.443395269148346927e+01
4.677661992187499891e+02,-9.291554936312121526e+01
4.677664921875000346e+02,-8.298776996267099548e+01
4.677667851562500232e+02,-7.791870874238702527e+01
4.677670781250000118e+02,-7.886120694127880881e+01
4.677673710937500005e+02,-8.514483726776336425e+01
4.677676640624999891e+02,-8.451929094445719670e+01
4.677679570312500346e+02,-7.752177282716486673e+01
4.677682500000000232e+02,-7.866553736856144496e+01
4.677685429687500118e+02,-8.675800771234308684e+01
4.677688359375000005e+02,-1.012247179745157553e+02
4.677691289062499891e+02,-8.076957235452837836e+01
4.677694218750000346e+02,-7.937653075845473438e+01
4.677697148437500232e+02,-7.882413379396757591e+01
4.677700078125000118e+02,-8.611143706919079932e+01
4.677703007812500005e+02,-8.609491297246984232e+01
4.677705937499999891e+02,-8.192194130396457297e+01
4.677708867187500346e+02,-8.087695955277237658e+01
4.677711796875000232e+02,-7.785490245431742551e+01
4.677714726562500118e+02,-7.505848634772149808e+01
4.677717656250000005e+02,-7.983002255775203082e+01
4.677720585937499891e+02,-8.445705060129549224e+01
4.677723515625000346e+02,-8.035045267977062622e+01
4.677726445312500232e+02,-8.741212593821859400e+01
4.677729375000000118e+02,-9.452674471989936933e+01
4.677732304687500005e+02,-8.296129996762633141e+01
4.677735234374999891e+02,-7.999947169790127077e+01
4.677738164062500346e+02,-8.622273801398429782e+01
4.677741093750000232e+02,-9.301989178212454590e+01
4.677744023437500118e+02,-9.469381239130109407e+01
4.677746953125000005e+02,-8.464375860438119048e+01
4.677749882812499891e+02,-8.667812660271610525e+01
4.677752812500000346e+02,-8.050538996906678335e+01
4.677755742187500232e+02,-7.561556604060258735e+01
4.677758671875000118e+02,-8.358148285088745411e+01
4.677761601562500005e+02,-9.553304780882552905e+01
4.677764531249999891e+02,-8.224215531074185037e+01
4.677767460937500346e+02,-8.369645834191010181e+01
4.677770390625000232e+02,-8.502566717808603869e+01
4.677773320312500118e+02,-8.692932556739195604e+01
4.677776250000000005e+02,-9.217849688648593087e+01
4.677779179687499891e+02,-8.109910297045196614e+01
4.677782109375000346e+02,-9.280632316938492465e+01
4.677785039062500232e+02,-7.961977835206667464e+01
4.677787968750000118e+02,-8.108597091155870373e+01
4.677790898437500005e+02,-8.343287534709119768e+01
4.677793828124999891e+02,-8.952972485013233950e+01
4.677796757812500346e+02,-9.899478981347405693e+01
4.677799687500000232e+02,-8.473781786549038486e+01
4.677802617187500118e+02,-8.386332690574640480e+01
4.677805546875000005e+02,-8.522362388063211824e+01
4.677808476562499891e+02,-8.248832502251127607e+01
4.677811406250000346e+02,-8.943329533292491362e+01
4.677814335937500232e+02,-1.049936546681392144e+02
4.677817265625000118e+02,-8.520164116185327430e+01
4.677820195312500005e+02,-9.118856699906400820e+01
4.677823124999999891e+02,-8.168438396930994827e+01
4.677826054687500346e+02,-8.378904030155078431e+01
4.677828984375000232e+02,-8.244558622491668132e+01
4.677831914062500118e+02,-7.763072936595398232e+01
4.677834843750000005e+02,-7.702742787794954893e+01
4.677837773437499891e+02,-8.304657329724352621e+01
4.677840703125000346e+02,-9.243677842884528673e+01
4.677843632812500232e+02,-9.336886005972894509e+01
4.677846562500000118e+02,-8.498762438468928337e+01
4.677849492187500005e+02,-8.820554630106393290e+01
4.677852421874999891e+02,-8.918808694341058185e+01
4.677855351562500346e+02,-9.080845660650408036e+01
4.677858281250000232e+02,-9.555981913028689689e+01
4.677861210937500118e+02,-8.509834887301492756e+01
4.677864140625000005e+02,-1.046476616840434133e+02
4.677867070312499891e+02,-8.694464683086771117e+01
4.677870000000000346e+02,-8.220956216921027249e+01
4.677872929687500232e+02,-9.564601435297649346e+01
4.677875859375000118e+02,-9.095426474242110260e+01
4.677878789062500005e+02,-9.079140207739459356e+01
4.677881718749999891e+02,-9.025911225991032438e+01
4.677884648437500346e+02,-8.405725962326556555e+01
4.677887578125000232e+02,-8.662548035396552848e+01
4.677890507812500118e+02,-8.702737631708981780e+01
4.677893437500000005e+02,-9.948412244471867893e+01
4.677896367187499891e+02,-8.540077580327837836e+01
4.677899296875000346e+02,-8.523098563341343947e+01
4.677902226562500232e+02,-1.008938566472008063e+02
4.677905156250000118e+02,-8.470053311538977425e+01
4.677908085937500005e+02,-8.730092883377373880e+01
4.677911015624999891e+02,-8.541695853334385902e+01
4.677913945312500346e+02,-9.512934631145839148e+01
4.677916875000000232e+02,-8.985809290436040442e+01
4.677919804687500118e+02,-8.939330822576907565e+01
4.677922734375000005e+02,-8.694315999388660998e+01
4.677925664062499891e+02,-9.473112712324562779e+01
4.677928593750000346e+02,-8.549239476958055661e+01
4.677931523437500232e+02,-8.857740242127248109e+01
4.677934453125000118e+02,-9.161432736923123343e+01
4.677937382812500005e+02,-9.787117412373417835e+01
4.677940312499999891e+02,-8.746800788137281302e+01
4.677943242187500346e+02,-1.080638828925037274e+02
4.677946171875000232e+02,-8.858306129234718185e+01
4.677949101562500118e+02,-9.162800660652197848e+01
4.677952031250000005e+02,-1.006671145497035127e+02
4.677954960937499891e+02,-1.017000365675787208e+02
4.677957890625000346e+02,-8.862852161411446161e+01
4.677960820312500232e+02,-8.114885891168435705e+01
4.677963750000000118e+02,-8.079856422140582595e+01
4.677966679687500005e+02,-8.348619169253744587e+01
4.677969609374999891e+02,-8.183825694802044382e+01
4.677972539062500346e+02,-8.289436994515959611e+01
4.677975468750000232e+02,-8.596515095515525218e+01
4.677978398437500118e+02,-7.859328441151683364e+01
4.677981328125000005e+02,-8.041641164038709633e+01
4.677984257812499891e+02,-8.612011886617951006e+01
4.677987187500000346e+02,-9.738106006340504450e+01
4.677990117187500232e+02,-8.963486346123457338e+01
4.677993046875000118e+02,-1.012198234881957859e+02
4.677995976562500005e+02,-8.279842103210631876e+01
4.677998906249999891e+02,-8.366688619322820841e+01
4.678001835937500346e+02,-8.391468651603240403e+01
4.678004765625000232e+02,-1.007409324693795583e+02
4.678007695312500118e+02,-8.356256347304677945e+01
4.678010625000000005e+02,-8.189826175267306496e+01
4.678013554687499891e+02,-8.137899596912482991e+01
4.678016484375000346e+02,-8.813144614598627413e+01
4.678019414062500232e+02,-9.814692931090796435e+01
4.678022343750000118e+02,-8.226426289393143065e+01
4.678025273437500005e+02,-8.399419381607970081e+01
4.678028203124999891e+02,-8.136600832184961973e+01
4.678031132812500346e+02,-7.952142054321672049e+01
4.678034062500000232e+02,-8.475123927194982798e+01
4.678036992187500118e+02,-8.295647747821077189e+01
4.678039921875000005e+02,-8.374648388432797219e+01
4.678042851562499891e+02,-8.340739252996888808e+01
4.678045781250000346e+02,-8.722906428319014083e+01
4.678048710937500232e+02,-8.635535147625851948e+01
4.678051640625000118e+02,-8.347963256906068352e+01
4.678054570312500005e+02,-9.120010621039727994e+01
4.678057499999999891e+02,-8.978769295503410319e+01
4.678060429687500346e+02,-1.018318266857883998e+02
4.678063359375000232e+02,-8.999802157746357523e+01
4.678066289062500118e+02,-9.130015263311115348e+01
4.678069218750000005e+02,-1.023687056453998565e+02
4.678072148437499891e+02,-9.057238248436361516e+01
4.678075078125000346e+02,-8.856663332290906965e+01
4.678078007812500232e+02,-8.586919664307849587e+01
4.678080937500000118e+02,-8.860413136530526401e+01
4.678083867187500005e+02,-8.343848101217714941e+01
4.678086796874999891e+02,-8.217926065270424374e+01
4.678089726562500346e+02,-8.724636798473063948e+01
4.678092656250000232e+02,-7.905933245236340667e+01
4.678095585937500118e+02,-8.151163871741964329e+01
4.678098515625000005e+02,-8.583195655687964631e+01
4.678101445312499891e+02,-8.580811521348954329e+01
4.678104375000000346e+02,-8.573716506018485006e+01
4.678107304687500232e+02,-9.557862643423817417e+01
4.678110234375000118e+02,-9.017525926232403322e+01
4.678113164062500005e+02,-8.540512651425783019e+01
4.678116093749999891e+02,-8.178944498516494832e+01
4.678119023437500346e+02,-8.800367615727402892e+01
4.678121953125000232e+02,-9.397084559454539487e+01
4.678124882812500118e+02,-9.182717072934539715e+01
4.678127812500000005e+02,-8.722957402387342540e+01
4.678130742187499891e+02,-8.849269712281065381e+01
4.678133671875000346e+02,-8.201665144638370464e+01
4.678136601562500232e+02,-9.066340142525572787e+01
4.678139531250000118e+02,-8.551548065122931064e+01
4.678142460937500005e+02,-9.224015848640810589e+01
4.678145390624999891e+02,-9.359370127160599395e+01
4.678148320312500346e+02,-9.185521694291733752e+01
4.678151250000000232e+02,-8.711707938566090093e+01
4.678154179687500118e+02,-9.007511818782253954e+01
4.678157109375000005e+02,-8.697959567624947397e+01
4.678160039062499891e+02,-9.608504601856814986e+01
4.678162968750000346e+02,-8.244363894730571474e+01
4.678165898437500232e+02,-7.856892160134420067e+01
4.678168828125000118e+02,-8.749485987105614981e+01
4.678171757812500005e+02,-8.541536052958326763e+01
4.678174687499999891e+02,-8.759149294425847643e+01
4.678177617187500346e+02,-8.670637801079642770e+01
4.678180546875000232e+02,-9.011519744061850190e+01
4.678183476562500118e+02,-9.099913059718373631e+01
4.678186406250000005e+02,-1.066485441915676944e+02
4.678189335937499891e+02,-9.587241119856565774e+01
4.678192265625000346e+02,-1.000568314039700510e+02
4.678195195312500232e+02,-8.636842929207679731e+01
4.678198125000000118e+02,-8.364127667060080285e+01
4.678201054687500005e+02,-8.543334006967859295e+01
4.678203984374999891e+02,-8.274898958486065226e+01
4.678206914062500346e+02,-7.982684314135870807e+01
4.678209843750000232e+02,-8.419528693888337045e+01
4.678212773437500118e+02,-8.635385329285989542e+01
4.678215703125000005e+02,-8.981960882434964333e+01
4.678218632812499891e+02,-8.570633224198283528e+01
4.678221562500000346e+02,-8.585637468998550048e+01
4.678224492187500232e+02,-9.708102121715324984e+01
4.678227421875000118e+02,-9.204274595808591641e+01
4.678230351562500005e+02,-8.948576769238397333e+01
4.678233281249999891e+02,-9.619330687602671048e+01
4.678236210937500346e+02,-9.021163399579721442e+01
4.678239140625000232e+02,-8.471226640552183085e+01
4.678242070312500118e+02,-8.820969887035063550e+01
4.678245000000000005e+02,-8.892642484618995979e+01
4.678247929687499891e+02,-9.101639612968727988e+01
4.678250859375000346e+02,-1.021065438589631356e+02
4.678253789062500232e+02,-9.771460266735587652e+01
4.678256718750000118e+02,-9.627671373571963898e+01
4.678259648437500005e+02,-9.793264027326678445e+01
4.678262578124999891e+02,-8.786857264409496793e+01
4.678265507812500346e+02,-8.587442837730094425e+01
4.678268437500000232e+02,-8.189276197083546549e+01
4.678271367187500118e+02,-8.639431381008465394e+01
4.678274296875000005e+02,-8.350311486645482262e+01
4.678277226562499891e+02,-8.236238865389908881e+01
4.678280156250000346e+02,-8.660666033040973844e+01
4.678283085937500232e+02,-8.745335842211437694e+01
4.678286015625000118e+02,-8.426226480294343446e+01
4.678288945312500005e+02,-8.862146445189500810e+01
4.678291874999999891e+02,-8.765263610058340760e+01
4.678294804687500346e+02,-8.591228532630857728e+01
4.678297734375000232e+02,-8.452205041221061776e+01
4.678300664062500118e+02,-8.555027829086428426e+01
4.678303593750000005e+02,-8.193439599774100657e+01
4.678306523437499891e+02,-8.905378311480218656e+01
4.678309453125000346e+02,-9.010590732959229854e+01
4.678312382812500232e+02,-9.775938080491081905e+01
4.678315312500000118e+02,-1.068782912470836379e+02
4.678318242187500005e+02,-8.720379721867018930e+01
4.678321171874999891e+02,-8.332620731680808035e+01
4.678324101562500346e+02,-8.233469339172799550e+01
4.678327031250000232e+02,-8.915646388094089048e+01
4.678329960937500118e+02,-8.371606811143750804e+01
4.678332890625000005e+02,-8.489389228190904646e+01
4.678335820312499891e+02,-9.234133953881097057e+01
4.678338750000000346e+02,-8.870361049847363688e+01
4.678341679687500232e+02,-9.199094870001397339e+01
4.678344609375000118e+02,-9.300078732036095630e+01
4.678347539062500005e+02,-9.130234410613309137e+01
4.678350468749999891e+02,-9.330936524885494521e+01
4.678353398437500346e+02,-9.690506168297383738e+01
4.678356328125000232e+02,-8.980315157465157938e+01
4.678359257812500118e+02,-9.424896671991747610e+01
4.678362187500000005e+02,-9.783489940880345159e+01
4.678365117187499891e+02,-9.050552094158419436e+01
4.678368046875000346e+02,-9.096619362887321358e+01
4.678370976562500232e+02,-8.392776466674081348e+01
4.678373906250000118e+02,-7.637966900552289928e+01
4.678376835937500005e+02,-6.754759414401593176e+01
4.678379765624999891e+02,-7.457360285881200923e+01
4.678382695312500346e+02,-1.051345175480043963e+02
4.678385625000000232e+02,-8.465112128798709534e+01
4.678388554687500118e+02,-8.200861295544657992e+01
4.678391484375000005e+02,-8.727619354679393382e+01
4.678394414062499891e+02,-9.215912732690625830e+01
4.678397343750000346e+02,-8.314388945824539690e+01
4.678400273437500232e+02,-8.084971009181444401e+01
4.678403203125000118e+02,-8.350383402737239180e+01
4.678406132812500005e+02,-9.256555325295965986e+01
4.678409062499999891e+02,-8.529668438200333469e+01
4.678411992187500346e+02,-7.930989530206281302e+01
4.678414921875000232e+02,-8.461870848548966251e+01
4.678417851562500118e+02,-8.543348300230773873e+01
4.678420781250000005e+02,-9.082823327142426706e+01
4.678423710937499891e+02,-8.497305321066266970e+01
4.678426640625000346e+02,-9.377420750541345740e+01
4.678429570312500232e+02,-8.987637369079752148e+01
4.678432500000000118e+02,-8.765705359504173089e+01
4.678435429687500005e+02,-9.454579870414910658e+01
4.678438359374999891e+02,-9.626194653268015600e+01
4.678441289062500346e+02,-9.216805906189952680e+01
4.678444218750000232e+02,-8.706764945905932507e+01
4.678447148437500118e+02,-8.544508265336104103e+01
4.678450078125000005e+02,-9.053378408915787645e+01
4.678453007812499891e+02,-8.779036310752618988e+01
4.678455937500000346e+02,-9.313257330530966271e+01
4.678458867187500232e+02,-8.607086269480747376e+01
4.678461796875000118e+02,-8.202506463337108755e+01
4.678464726562500005e+02,-8.502886673164698550e+01
4.678467656249999891e+02,-9.139723892597029931e+01
4.678470585937500346e+02,-8.317116282788239801e+01
4.678473515625000232e+02,-8.103428286466466091e+01
4.678476445312500118e+02,-9.343475010724901608e+01
4.678479375000000005e+02,-9.948469636387750370e+01
4.678482304687499891e+02,-9.680782863231013380e+01
4.678485234375000346e+02,-8.753860757649059110e+01
4.678488164062500232e+02,-8.700619441674621157e+01
4.678491093750000118e+02,-9.200956429882937471e+01
4.678494023437500005e+02,-8.984906388671058153e+01
4.678496953124999891e+02,-8.431898398953529750e+01
4.678499882812500346e+02,-8.688954537785576804e+01
4.678502812500000232e+02,-8.899827049543529256e+01
4.678505742187500118e+02,-8.351624217880718959e+01
4.678508671875000005e+02,-8.525086216036676490e+01
4.678511601562499891e+02,-8.338071245197268411e+01
4.678514531250000346e+02,-8.506600037043055806e+01
4.678517460937500232e+02,-1.105722961178681061e+02
4.678520390625000118e+02,-9.123029903927326245e+01
4.678523320312500005e+02,-8.541138905117986724e+01
4.678526249999999891e+02,-8.507427828070463249e+01
4.678529179687500346e+02,-9.189125045517583601e+01
4.678532109375000232e+02,-9.271122770579813732e+01
4.678535039062500118e+02,-8.604799519857581913e+01
4.678537968750000005e+02,-8.143141495256779194e+01
4.678540898437499891e+02,-8.293312458725317526e+01
4.678543828125000346e+02,-8.724055057089429965e+01
4.678546757812500232e+02,-1.007216240792481443e+02
4.678549687500000118e+02,-8.511003247642135250e+01
4.678552617187500005e+02,-8.243601443132794770e+01
4.678555546874999891e+02,-8.844231989845212638e+01
4.678558476562500346e+02,-9.261636619249233604e+01
4.678561406250000232e+02,-8.587723411804461193e+01
4.678564335937500118e+02,-8.499577791204197297e+01
4.678567265625000005e+02,-8.189970352833013578e+01
4.678570195312499891e+02,-8.860636743401279602e+01
4.678573125000000346e+02,-9.123144670736473927e+01
4.678576054687500232e+02,-9.554816657949230319e+01
4.678578984375000118e+02,-8.931864001166533740e+01
4.678581914062500005e+02,-9.543501539329072614e+01
4.678584843749999891e+02,-8.583679352346244684e+01
4.678587773437500346e+02,-8.486837994946837682e+01
4.678590703125000232e+02,-8.229214654466565548e+01
4.678593632812500118e+02,-8.375548343023208986e+01
4.678596562500000005e+02,-8.718921100031167271e+01
4.678599492187499891e+02,-7.945532442781134819e+01
4.678602421875000346e+02,-8.565500042148586601e+01
4.678605351562500232e+02,-9.289628292902541773e+01
4.678608281250000118e+02,-9.304827435053078943e+01
4.678611210937500005e+02,-8.394804847627447941e+01
4.678614140624999891e+02,-8.686475540816476837e+01
4.678617070312500346e+02,-8.500924576313758507e+01
4.678620000000000232e+02,-8.186383030691993667e+01
4.678622929687500118e+02,-8.029918986726629271e+01
4.678625859375000005e+02,-8.232123238121849340e+01
4.678628789062499891e+02,-9.969860703518257594e+01
4.678631718750000346e+02,-8.749147849735564364e+01
4.678634648437500232e+02,-8.840968544005048102e+01
4.678637578125000118e+02,-8.990307820932360983e+01
4.678640507812500005e+02,-9.147123725085151591e+01
4.678643437499999891e+02,-9.129421417957792073e+01
4.678646367187500346e+02,-8.906978815101814462e+01
4.678649296875000232e+02,-8.337971751616774441e+01
4.678652226562500118e+02,-8.409686604403304955e+01
4.678655156250000005e+02,-9.339037363163535588e+01
4.678658085937499891e+02,-8.422178146390254483e+01
4.678661015625000346e+02,-8.190172779448508322e+01
4.678663945312500232e+02,-8.418879568913575895e+01
4.678666875000000118e+02,-9.393311450261278139e+01
4.678669804687500005e+02,-8.366784749048420622e+01
4.678672734374999891e+02,-8.495543469881225462e+01
4.678675664062500346e+02,-8.153373871994210731e+01
4.678678593750000232e+02,-8.872337138265564249e+01
4.678681523437500118e+02,-8.307547927553119393e+01
4.678684453125000005e+02,-1.079518625066629767e+02
4.678687382812499891e+02,-8.729817864910566527e+01
4.678690312500000346e+02,-1.015919936507068968e+02
4.678693242187500232e+02,-8.548409731103477327e+01
4.678696171875000118e+02,-8.361080415799337118e+01
4.678699101562500005e+02,-9.454860282572086305e+01
4.678702031249999891e+02,-8.686680846374622433e+01
4.678704960937500346e+02,-8.811958371586563032e+01
4.678707890625000232e+02,-8.474727891596228346e+01
4.678710820312500118e+02,-8.746759869567912915e+01
4.678713750000000005e+02,-8.101571858906035573e+01
4.678716679687499891e+02,-7.868326307310277912e+01
4.678719609375000346e+02,-8.798107795928797259e+01
4.678722539062500232e+02,-8.571789521095114139e+01
4.678725468750000118e+02,-7.970436172254291307e+01
4.678728398437500005e+02,-7.832938423496952396e+01
4.678731328124999891e+02,-8.089844264223594905e+01
4.678734257812500346e+02,-8.720942946113169114e+01
4.678737187500000232e+02,-8.947030175109510708e+01
4.678740117187500118e+02,-8.493677954532081742e+01
4.678743046875000005e+02,-8.597130695055906813e+01
4.678745976562499891e+02,-8.725607330587671129e+01
4.678748906250000346e+02,-8.284059511144933197e+01
4.678751835937500232e+02,-8.637685573154666940e+01
4.678754765625000118e+02,-8.642433518932796233e+01
4.678757695312500005e+02,-9.102895542884195379e+01
4.678760624999999891e+02,-8.245174397184794657e+01
4.678763554687500346e+02,-8.591144302120758880e+01
4.678766484375000232e+02,-9.431529978911387957e+01
4.678769414062500118e+02,-9.251098747827050772e+01
4.678772343750000005e+02,-9.307289131067008725e+01
4.678775273437499891e+02,-8.628394917176017032e+01
4.678778203125000346e+02,-8.021279544184457677e+01
4.678781132812500232e+02,-8.004702795226110368e+01
4.678784062500000118e+02,-7.890142990108708432e+01
4.678786992187500005e+02,-8.028641832877555373e+01
4.678789921874999891e+02,-8.464682040446342626e+01
4.678792851562500346e+02,-1.011155794905126584e+02
4.678795781250000232e+02,-1.000494430289278398e+02
4.678798710937500118e+02,-1.015673679309752373e+02
4.678801640625000005e+02,-8.731990138932769696e+01
4.678804570312499891e+02,-8.310646042645797138e+01
4.678807500000000346e+02,-9.136257131358101446e+01
4.678810429687500232e+02,-9.309801237795547024e+01
4.678813359375000118e+02,-1.012869846945831682e+02
4.678816289062500005e+02,-9.133156934640362579e+01
4.678819218749999891e+02,-7.989499791176159249e+01
4.678822148437500346e+02,-8.020238450780426831e+01
4.678825078125000232e+02,-8.840539778124215786e+01
4.678828007812500118e+02,-9.652650453613031800e+01
4.678830937500000005e+02,-8.616098438812718996e+01
4.678833867187499891e+02,-8.729639911954164688e+01
4.678836796875000346e+02,-8.842056552595094843e+01
4.678839726562500232e+02,-9.420893030963480896e+01
4.678842656250000118e+02,-8.890451626232923843e+01
4.678845585937500005e+02,-8.315197310265713782e+01
4.678848515624999891e+02,-8.249574043024605885e+01
4.678851445312500346e+02,-8.292638538915979041e+01
4.678854375000000232e+02,-9.661180157565246418e+01
4.678857304687500118e+02,-9.022907735161621190e+01
4.678860234375000005e+02,-9.061476294111929519e+01
4.678863164062499891e+02,-8.567675716702825639e+01
4.678866093750000346e+02,-8.391852302741027358e+01
4.678869023437500232e+02,-8.792613033301984160e+01
4.678871953125000118e+02,-1.011993300621427920e+02
4.678874882812500005e+02,-8.749348522817274443e+01
4.678877812499999891e+02,-9.043183841516551524e+01
4.678880742187500346e+02,-8.912447781933946089e+01
4.678883671875000232e+02,-8.784427645378937655e+01
4.678886601562500118e+02,-9.593192922379950005e+01
4.678889531250000005e+02,-8.681518615980053255e+01
4.678892460937499891e+02,-8.375597558322205316e+01
4.678895390625000346e+02,-9.817096569185281396e+01
4.678898320312500232e+02,-8.964847574463348678e+01
4.678901250000000118e+02,-9.092279948188986793e+01
4.678904179687500005e+02,-9.872130848941465331e+01
4.678907109374999891e+02,-9.641715209527397690e+01
4.678910039062500346e+02,-8.766947167023212728e+01
4.678912968750000232e+02,-8.515984804206865988e+01
4.678915898437500118e+02,-9.210152880294602085e+01
4.678918828125000005e+02,-9.387815300246607819e+01
4.678921757812499891e+02,-9.063641971750101334e+01
4.678924687500000346e+02,-7.748090887272847738e+01
4.678927617187500232e+02,-7.898774375891272825e+01
4.678930546875000118e+02,-8.297949572644243688e+01
4.678933476562500005e+02,-8.605023868782242857e+01
4.678936406249999891e+02,-8.785048721749868150e+01
4.678939335937500346e+02,-9.688814995992656520e+01
4.678942265625000232e+02,-9.544307778173026691e+01
4.678945195312500118e+02,-9.307047344888771079e+01
4.678948125000000005e+02,-8.747096671574254856e+01
4.678951054687499891e+02,-8.985998077491048264e+01
4.678953984375000346e+02,-9.223394736941300209e+01
4.678956914062500232e+02,-8.204982956577069331e+01
4.678959843750000118e+02,-7.816140736899983210e+01
4.678962773437500005e+02,-8.751913533842069626e+01
4.678965703124999891e+02,-1.027718400559992205e+02
4.678968632812500346e+02,-8.405935243364432097e+01
4.678971562500000232e+02,-8.236670608197016463e+01
4.678974492187500118e+02,-8.467584712169477257e+01
4.678977421875000005e+02,-8.626916251464817265e+01
4.678980351562499891e+02,-8.491513089737837561e+01
4.678983281250000346e+02,-8.480779722688359357e+01
4.678986210937500232e+02,-8.605528902780461920e+01
4.678989140625000118e+02,-8.715618611117653813e+01
4.678992070312500005e+02,-8.369101874169105315e+01
4.678994999999999891e+02,-1.064912940812277782e+02
4.678997929687500346e+02,-7.481964788464514982e+01
4.679000859375000232e+02,-7.693042392805820384e+01
4.679003789062500118e+02,-9.130728811156230051e+01
4.679006718750000005e+02,-8.781040801495178982e+01
4.679009648437499891e+02,-9.033569278279985326e+01
4.679012578125000346e+02,-8.523694146403626348e+01
4.679015507812500232e+02,-8.559412367823519219e+01
4.679018437500000118e+02,-8.796035064397641179e+01
4.679021367187500005e+02,-9.813168601896776977e+01
4.679024296874999891e+02,-9.625187164301198095e+01
4.679027226562500346e+02,-9.222699262528425379e+01
4.679030156250000232e+02,-8.421471463141288893e+01
4.679033085937500118e+02,-7.897323685184107944e+01
4.679036015625000005e+02,-8.642668235215222694e+01
4.679038945312499891e+02,-9.406684253407506446e+01
4.679041875000000346e+02,-8.950058176396508713e+01
4.679044804687500232e+02,-9.055216218496794056e+01
4.679047734375000118e+02,-9.487107343288654704e+01
4.679050664062500005e+02,-9.312357457563066987e+01
4.679053593749999891e+02,-9.886120385964960633e+01
4.679056523437500346e+02,-8.855369065370206272e+01
4.679059453125000232e+02,-8.859132808461151853e+01
4.679062382812500118e+02,-8.380701561830791491e+01
4.679065312500000005e+02,-8.250642476344648912e+01
4.679068242187499891e+02,-8.324292095883704690e+01
4.679071171875000346e+02,-8.751787328112671105e+01
4.679074101562500232e+02,-8.843765847308908690e+01
4.679077031250000118e+02,-8.374375157097992428e+01
4.679079960937500005e+02,-8.625905594165041634e+01
4.679082890624999891e+02,-8.613839200706733834e+01
4.679085820312500346e+02,-9.064302617943111784e+01
4.679088750000000232e+02,-8.778126581540398377e+01
4.679091679687500118e+02,-8.609234723072198392e+01
4.679094609375000005e+02,-9.747061385096404251e+01
4.679097539062499891e+02,-8.404195779759093909e+01
4.679100468750000346e+02,-9.403466421484068860e+01
4.679103398437500232e+02,-8.705669364245252950e+01
4.679106328125000118e+02,-8.528215400873003205e+01
4.679109257812500005e+02,-8.336832745565436653e+01
4.679112187499999891e+02,-8.290070359341173400e+01
4.679115117187500346e+02,-8.232256675594662454e+01
4.679118046875000232e+02,-9.203615997176962082e+01
4.679120976562500118e+02,-8.815366807748475253e+01
4.679123906250000005e+02,-8.900835130447026700e+01
4.679126835937499891e+02,-8.401782402020481300e+01
4.679129765625000346e+02,-8.777025697531453829e+01
4.679132695312500232e+02,-8.086720675932120628e+01
4.679135625000000118e+02,-8.369050762599613336e+01
4.679138554687500005e+02,-8.465061680645449371e+01
4.679141484374999891e+02,-1.010639560319010855e+02
4.679144414062500346e+02,-9.594227803311788705e+01
4.679147343750000232e+02,-9.114467114561716699e+01
4.679150273437500118e+02,-8.566998832445206347e+01
4.679153203125000005e+02,-9.436792331355077579e+01
4.679156132812499891e+02,-8.870256690632268715e+01
4.679159062500000346e+02,-8.305577403662594804e+01
4.679161992187500232e+02,-8.396644898340116470e+01
4.679164921875000118e+02,-8.334569924351657733e+01
4.679167851562500005e+02,-8.364328290105488861e+01
4.679170781249999891e+02,-8.919936417840568765e+01
4.679173710937500346e+02,-8.732819186729223304e+01
4.679176640625000232e+02,-8.257878963131594219e+01
4.679179570312500118e+02,-8.960012033350830052e+01
4.679182500000000005e+02,-8.144325869825097186e+01
4.679185429687499891e+02,-8.076554942430995254e+01
4.679188359375000346e+02,-8.033717154233008273e+01
4.679191289062500232e+02,-8.895758551367694622e+01
4.679194218750000118e+02,-9.018127262713746006e+01
4.679197148437500005e+02,-9.216163523899359689e+01
4.679200078124999891e+02,-9.763567061133464620e+01
4.679203007812500346e+02,-8.877555211198918528e+01
4.679205937500000232e+02,-9.012575830458460757e+01
4.679208867187500118e+02,-1.011565133130846448e+02
4.679211796875000005e+02,-8.539725462901790820e+01
4.679214726562499891e+02,-8.727580398280903751e+01
4.679217656250000346e+02,-9.115513634860919012e+01
4.679220585937500232e+02,-8.209356918605442388e+01
4.679223515625000118e+02,-8.302056006757229056e+01
4.679226445312500005e+02,-9.767835160245162740e+01
4.679229374999999891e+02,-1.179881501418125254e+02
4.679232304687500346e+02,-8.518935239793600545e+01
4.679235234375000232e+02,-8.641347835112766518e+01
4.679238164062500118e+02,-9.348912174713497336e+01
4.679241093750000005e+02,-9.571988131844959469e+01
4.679244023437499891e+02,-9.100669518122413137e+01
4.679246953125000346e+02,-8.752835951106428070e+01
4.679249882812500232e+02,-8.234199498875781842e+01
4.679252812500000118e+02,-8.341967798137304158e+01
4.679255742187500005e+02,-9.274253003591859112e+01
4.679258671874999891e+02,-9.352021736674052477e+01
4.679261601562500346e+02,-8.129846544551506327e+01
4.679264531250000232e+02,-8.261896742618432654e+01
4.679267460937500118e+02,-9.129404357241608636e+01
4.679270390625000005e+02,-9.213222987204316894e+01
4.679273320312499891e+02,-8.844202972324573864e+01
4.679276250000000346e+02,-8.536875569575543921e+01
4.679279179687500232e+02,-8.957224718320021850e+01
4.679282109375000118e+02,-8.777468040636276214e+01
4.679285039062500005e+02,-9.180839990219844537e+01
4.679287968749999891e+02,-9.270043112889464965e+01
4.679290898437500346e+02,-8.551995139077888552e+01
4.679293828125000232e+02,-8.825834278155610946e+01
4.679296757812500118e+02,-8.212501135787726980e+01
4.679299687500000005e+02,-8.441249825525383699e+01
4.679302617187499891e+02,-9.159109532988354374e+01
4.679305546875000346e+02,-9.836919620500269446e+01
4.679308476562500232e+02,-8.768150510122880803e+01
4.679311406250000118e+02,-9.637555457645771639e+01
4.679314335937500005e+02,-9.891973124261514272e+01
4.679317265624999891e+02,-1.032306139169250798e+02
4.679320195312500346e+02,-8.783563439821912766e+01
4.679323125000000232e+02,-8.347743325968373540e+01
4.679326054687500118e+02,-8.551872502442097357e+01
4.679328984375000005e+02,-8.876672624304188730e+01
4.679331914062499891e+02,-9.029732528397232727e+01
4.679334843750000346e+02,-8.791111202959406512e+01
4.679337773437500232e+02,-8.428437184950050209e+01
4.679340703125000118e+02,-8.512950331766276690e+01
4.679343632812500005e+02,-8.220653101604020208e+01
4.679346562499999891e+02,-9.078725108010473832e+01
4.679349492187500346e+02,-8.093092008404489945e+01
4.679352421875000232e+02,-8.926428104815138909e+01
4.679355351562500118e+02,-9.050196537143492037e+01
4.679358281250000005e+02,-8.299317307945059952e+01
4.679361210937499891e+02,-8.289560470093611855e+01
4.679364140625000346e+02,-8.728083155498246981e+01
4.679367070312500232e+02,-9.206866822347890889e+01
4.679370000000000118e+02,-8.718497748929476643e+01
4.679372929687500005e+02,-8.314925092726618061e+01
4.679375859374999891e+02,-8.732837219899884929e+01
4.679378789062500346e+02,-8.716580406473860876e+01
4.679381718750000232e+02,-8.620764440400512285e+01
4.679384648437500118e+02,-8.863355597131550212e+01
4.679387578125000005e+02,-8.890425356163643755e+01
4.679390507812499891e+02,-9.791395936955608192e+01
4.679393437500000346e+02,-8.397931017889339955e+01
4.679396367187500232e+02,-8.979509446761940694e+01
4.679399296875000118e+02,-8.650096593136680667e+01
4.679402226562500005e+02,-8.154796808699444455e+01
4.679405156249999891e+02,-8.024243628733324840e+01
4.679408085937500346e+02,-8.126545265624953629e+01
4.679411015625000232e+02,-8.702200646875083123e+01
4.679413945312500118e+02,-9.305541575920928210e+01
4.679416875000000005e+02,-8.369216659655265289e+01
4.679419804687499891e+02,-8.606741706871558506e+01
4.679422734375000346e+02,-9.357723539583827232e+01
4.679425664062500232e+02,-8.350801909712990323e+01
4.679428593750000118e+02,-8.635558209793546780e+01
4.679431523437500005e+02,-9.421152343365618265e+01
4.679434453124999891e+02,-8.952466194820158307e+01
4.679437382812500346e+02,-8.691723044251391173e+01
4.679440312500000232e+02,-8.159065766882596904e+01
4.679443242187500118e+02,-7.902732043224463609e+01
4.679446171875000005e+02,-8.488727905167397125e+01
4.679449101562499891e+02,-9.138256986216616440e+01
4.679452031250000346e+02,-8.941981266399535855e+01
4.679454960937500232e+02,-8.389942624101747981e+01
4.679457890625000118e+02,-9.146360100551520134e+01
4.679460820312500005e+02,-8.743492695128649927e+01
4.679463749999999891e+02,-9.499461488719916247e+01
4.679466679687500346e+02,-8.684457882274423923e+01
4.679469609375000232e+02,-8.562099265762043387e+01
4.679472539062500118e+02,-8.761609160611753566e+01
4.679475468750000005e+02,-9.024123560414126644e+01
4.679478398437499891e+02,-9.193507229443477513e+01
4.679481328125000346e+02,-9.904276861424163769e+01
4.679484257812500232e+02,-1.010523502044864443e+02
4.679487187500000118e+02,-9.000810420825428082e+01
4.679490117187500005e+02,-9.586567015509425005e+01
4.679493046874999891e+02,-9.176196287998173773e+01
4.679495976562500346e+02,-9.011911039992847350e+01
4.679498906250000232e+02,-8.645243843738177247e+01
4.679501835937500118e+02,-9.093073818536376507e+01
4.679504765625000005e+02,-8.669019951818867753e+01
4.679507695312499891e+02,-8.946414482968361881e+01
4.679510625000000346e+02,-1.054561209940679447e+02
4.679513554687500232e+02,-9.606749250405943030e+01
4.679516484375000118e+02,-9.123815201661403762e+01
4.679519414062500005e+02,-8.721837273095178489e+01
4.679522343749999891e+02,-8.669840579769747535e+01
4.679525273437500346e+02,-8.659496239986383159e+01
4.679528203125000232e+02,-9.064901365758737484e+01
4.679531132812500118e+02,-9.133271618243219336e+01
4.679534062500000005e+02,-8.786112201356432649e+01
4.679536992187499891e+02,-8.923450984081127046e+01
4.679539921875000346e+02,-9.873294428123364241e+01
4.679542851562500232e+02,-9.532614562976199579e+01
4.679545781250000118e+02,-8.131966138441754310e+01
4.679548710937500005e+02,-8.001958989334329431e+01
4.679551640624999891e+02,-1.050086952010349393e+02
4.679554570312500346e+02,-9.163586226323289452e+01
4.679557500000000232e+02,-1.072853699087594919e+02
4.679560429687500118e+02,-9.357101616718829007e+01
4.679563359375000005e+02,-9.568512597137933540e+01
4.679566289062499891e+02,-9.378576317242028892e+01
4.679569218750000346e+02,-9.712796829124346232e+01
4.679572148437500232e+02,-9.505606519032356516e+01
4.679575078125000118e+02,-8.694111069487948384e+01
4.679578007812500005e+02,-8.286577853508576652e+01
4.679580937499999891e+02,-7.981867421001959428e+01
4.679583867187500346e+02,-8.527748943705766749e+01
4.679586796875000232e+02,-8.682416523845682832e+01
4.679589726562500118e+02,-9.170331442052784610e+01
4.679592656250000005e+02,-8.576224032382690154e+01
4.679595585937499891e+02,-9.018237015908150056e+01
4.679598515625000346e+02,-8.926678748979085753e+01
4.679601445312500232e+02,-8.798526342044257831e+01
4.679604375000000118e+02,-8.796089873675722970e+01
4.679607304687500005e+02,-9.747132551242086151e+01
4.679610234374999891e+02,-9.023367063152257117e+01
4.679613164062500346e+02,-8.577491715533696492e+01
4.679616093750000232e+02,-8.693834682526868107e+01
4.679619023437500118e+02,-8.060458717186868682e+01
4.679621953125000005e+02,-8.288604174194611574e+01
4.679624882812499891e+02,-8.974219413002782630e+01
4.679627812500000346e+02,-8.830736929970282745e+01
4.679630742187500232e+02,-8.698929300641614759e+01
4.679633671875000118e+02,-9.185471079848181830e+01
4.679636601562500005e+02,-9.140674444835782708e+01
4.679639531249999891e+02,-8.514476879622429806e+01
4.679642460937500346e+02,-8.787200691028201049e+01
4.679645390625000232e+02,-9.261498099343367585e+01
4.679648320312500118e+02,-8.975578933098040579e+01
4.679651250000000005e+02,-8.567016200729761977e+01
4.679654179687499891e+02,-8.233088193631388663e+01
4.679657109375000346e+02,-9.136072302850139693e+01
4.679660039062500232e+02,-8.480172429960349234e+01
4.679662968750000118e+02,-8.488873494302941936e+01
4.679665898437500005e+02,-8.672254792283382585e+01
4.679668828124999891e+02,-8.921875041373674264e+01
4.679671757812500346e+02,-8.690088543616229799e+01
4.679674687500000232e+02,-8.727482822125213602e+01
4.679677617187500118e+02,-9.161003132362668566e+01
4.679680546875000005e+02,-9.181816479488341542e+01
4.679683476562499891e+02,-8.652296955710441750e+01
4.679686406250000346e+02,-8.162462326223794662e+01
4.679689335937500232e+02,-8.225062180959810121e+01
4.679692265625000118e+02,-8.062895831820142689e+01
4.679695195312500005e+02,-8.084732175518583119e+01
4.679698124999999891e+02,-9.139760371875294709e+01
4.679701054687500346e+02,-9.038358998373693964e+01
4.679703984375000232e+02,-8.875943014515388541e+01
4.679706914062500118e+02,-9.496484713713994097e+01
4.679709843750000005e+02,-9.080599050007896267e+01
4.679712773437499891e+02,-9.117083566708373610e+01
4.679715703125000346e+02,-8.566684396616733466e+01
4.679718632812500232e+02,-8.298266435544599062e+01
4.679721562500000118e+02,-8.909864231785455502e+01
4.679724492187500005e+02,-8.868277166545408363e+01
4.679727421874999891e+02,-9.329981939964562798e+01
4.679730351562500346e+02,-8.680079514387004735e+01
4.679733281250000232e+02,-8.435920668410338408e+01
4.679736210937500118e+02,-8.217779818517990975e+01
4.679739140625000005e+02,-8.576992267079704391e+01
4.679742070312499891e+02,-9.162079729497273206e+01
4.679745000000000346e+02,-8.812190003001079219e+01
4.679747929687500232e+02,-9.358888700557253060e+01
4.679750859375000118e+02,-8.413336221595804432e+01
4.679753789062500005e+02,-7.884925580460406991e+01
4.679756718749999891e+02,-8.456311615404807469e+01
4.679759648437500346e+02,-8.615424714100376491e+01
4.679762578125000232e+02,-9.236701593021666667e+01
4.679765507812500118e+02,-9.312200493502132304e+01
4.679768437500000005e+02,-9.918933777006465391e+01
4.679771367187499891e+02,-9.166707046350833821e+01
4.679774296875000346e+02,-9.445586718703560791e+01
4.679777226562500232e+02,-1.012221425129046679e+02
4.679780156250000118e+02,-9.872955589129929876e+01
4.679783085937500005e+02,-9.183172737029426003e+01
4.679786015624999891e+02,-8.522921492996522375e+01
4.679788945312500346e+02,-8.326654180896213120e+01
4.679791875000000232e+02,-8.381214973497158383e+01
4.679794804687500118e+02,-9.084501363416126196e+01
4.679797734375000005e+02,-9.181901027525277925e+01
4.679800664062499891e+02,-9.300166804911691543e+01
4.679803593750000346e+02,-8.265997357670252654e+01
4.679806523437500232e+02,-7.937357262739310215e+01
4.679809453125000118e+02,-8.760011423948756715e+01
4.679812382812500005e+02,-9.088489261891436399e+01
4.679815312499999891e+02,-8.333642876985297221e+01
4.679818242187500346e+02,-8.387239837721018887e+01
4.679821171875000232e+02,-8.671127536597012408e+01
4.679824101562500118e+02,-8.285233869146792074e+01
4.679827031250000005e+02,-8.240588848164023261e+01
4.679829960937499891e+02,-8.729765974077957935e+01
4.679832890625000346e+02,-8.586397362078196238e+01
4.679835820312500232e+02,-8.851840462970137935e+01
4.679838750000000118e+02,-9.420812592150949172e+01
4.679841679687500005e+02,-1.027982647723222840e+02
4.679844609374999891e+02,-8.546736728649091219e+01
4.679847539062500346e+02,-8.773908766843774742e+01
4.679850468750000232e+02,-9.633163671342313705e+01
4.679853398437500118e+02,-9.326183536724143153e+01
4.679856328125000005e+02,-9.269674624072634117e+01
4.679859257812499891e+02,-8.473796136046557592e+01
4.679862187500000346e+02,-8.984462319303106881e+01
4.679865117187500232e+02,-9.327586619880811725e+01
4.679868046875000118e+02,-9.008755436901624591e+01
4.679870976562500005e+02,-8.446573066905882854e+01
4.679873906249999891e+02,-8.282831100246110623e+01
4.679876835937500346e+02,-9.178031849921509888e+01
4.679879765625000232e+02,-8.512524274254722911e+01
4.679882695312500118e+02,-8.570330535870432698e+01
4.679885625000000005e+02,-8.455153548631754745e+01
4.679888554687499891e+02,-9.142944114075780249e+01
4.679891484375000346e+02,-9.436880635343443657e+01
4.679894414062500232e+02,-9.634905871791775667e+01
4.679897343750000118e+02,-8.988642476028158512e+01
4.679900273437500005e+02,-9.257901893279061767e+01
4.679903203124999891e+02,-9.100544457814110899e+01
4.679906132812500346e+02,-9.407560683790741507e+01
4.679909062500000232e+02,-9.853484576598376066e+01
4.679911992187500118e+02,-9.307701049811136329e+01
4.679914921875000005e+02,-8.991484481782333660e+01
4.679917851562499891e+02,-8.455542570144076819e+01
4.679920781250000346e+02,-8.318646130028135133e+01
4.679923710937500232e+02,-8.147847713811729875e+01
4.679926640625000118e+02,-8.754777235801306290e+01
4.679929570312500005e+02,-1.145533485306145849e+02
4.679932499999999891e+02,-9.674964580405294612e+01
4.679935429687500346e+02,-9.507618867082251768e+01
4.679938359375000232e+02,-9.386161056925728019e+01
4.679941289062500118e+02,-1.007181210194955980e+02
4.679944218750000005e+02,-9.761914946785734060e+01
4.679947148437499891e+02,-1.027738527851011696e+02
4.679950078125000346e+02,-9.005759211880045711e+01
4.679953007812500232e+02,-9.059915904569294298e+01
4.679955937500000118e+02,-1.159811411371492511e+02
4.679958867187500005e+02,-8.750123585435005680e+01
4.679961796874999891e+02,-8.830005255346594595e+01
4.679964726562500346e+02,-9.107293986780706518e+01
4.679967656250000232e+02,-1.016667870263093221e+02
4.679970585937500118e+02,-8.763282890263698732e+01
4.679973515625000005e+02,-9.221023853130610348e+01
4.679976445312499891e+02,-8.869143327922532194e+01
4.679979375000000346e+02,-9.586200159276151567e+01
4.679982304687500232e+02,-8.866490368751226470e+01
4.679985234375000118e+02,-1.027533791170444317e+02
4.679988164062500005e+02,-8.812741970420567839e+01
4.679991093749999891e+02,-8.516113513977691696e+01
4.679994023437500346e+02,-8.932505845698081259e+01
4.679996953125000232e+02,-9.107976652841077225e+01
4.679999882812500118e+02,-9.228864127863609212e+01
4.680002812500000005e+02,-9.238298752799339297e+01
4.680005742187499891e+02,-8.822879325054071842e+01
4.680008671875000346e+02,-8.575966461019234544e+01
4.680011601562500232e+02,-9.070533441306572797e+01
4.680014531250000118e+02,-8.960986552511330672e+01
4.680017460937500005e+02,-9.348250964146512842e+01
4.680020390624999891e+02,-9.375134263929859912e+01
4.680023320312500346e+02,-8.876830604246300993e+01
4.680026250000000232e+02,-8.834443784235986641e+01
4.680029179687500118e+02,-8.766602281159457277e+01
4.680032109375000005e+02,-9.399836773298653725e+01
4.680035039062499891e+02,-8.783403611890392426e+01
4.680037968750000346e+02,-8.503368796697779430e+01
4.680040898437500232e+02,-8.349895312055041074e+01
4.680043828125000118e+02,-8.892021980979566820e+01
4.680046757812500005e+02,-8.719325972899753197e+01
4.680049687499999891e+02,-8.852597614356187705e+01
4.680052617187500346e+02,-9.967058419151609883e+01
4.680055546875000232e+02,-9.992278485380799680e+01
4.680058476562500118e+02,-1.094598459674785005e+02
4.680061406250000005e+02,-9.104599758706879697e+01
4.680064335937499891e+02,-8.281147525505714668e+01
4.680067265625000346e+02,-8.268772031635224096e+01
4.680070195312500232e+02,-8.717439400807755590e+01
4.680073125000000118e+02,-9.605829853176371103e+01
4.680076054687500005e+02,-8.554920455251179590e+01
4.680078984374999891e+02,-8.529175974324836318e+01
4.680081914062500346e+02,-1.118595773858543652e+02
4.680084843750000232e+02,-9.192609027803092658e+01
4.680087773437500118e+02,-1.026161990053398085e+02
4.680090703125000005e+02,-9.096057794997862800e+01
4.680093632812499891e+02,-8.982467564158568507e+01
4.680096562500000346e+02,-8.093527317848055702e+01
4.680099492187500232e+02,-8.252736819582793260e+01
4.680102421875000118e+02,-9.674198842873980198e+01
4.680105351562500005e+02,-9.792434764753680554e+01
4.680108281249999891e+02,-8.999501115198211210e+01
4.680111210937500346e+02,-9.486630309336645439e+01
4.680114140625000232e+02,-9.262184701008504817e+01
4.680117070312500118e+02,-1.002193244849210174e+02
4.680120000000000005e+02,-9.369596690378642734e+01
4.680122929687499891e+02,-8.712752335144416804e+01
4.680125859375000346e+02,-8.295987803604043620e+01
4.680128789062500232e+02,-8.670060040069272134e+01
4.680131718750000118e+02,-9.196562198844827662e+01
4.680134648437500005e+02,-8.849552686269731794e+01
4.680137578124999891e+02,-9.120314368922713300e+01
4.680140507812500346e+02,-9.119188414528878184e+01
4.680143437500000232e+02,-9.554149265534820756e+01
4.680146367187500118e+02,-9.860085067907414214e+01
4.680149296875000005e+02,-9.493725730977409683e+01
4.680152226562499891e+02,-9.579893139066365393e+01
4.680155156250000346e+02,-9.375382851675163920e+01
4.680158085937500232e+02,-1.023411158768131912e+02
4.680161015625000118e+02,-9.650994378691146380e+01
4.680163945312500005e+02,-9.366409703932055208e+01
4.680166874999999891e+02,-9.202437303031523186e+01
4.680169804687500346e+02,-9.635075644172609088e+01
4.680172734375000232e+02,-1.058606015157615161e+02
4.680175664062500118e+02,-9.151563657824205222e+01
4.680178593750000005e+02,-8.997171282374887369e+01
4.680181523437499891e+02,-9.047533195459415367e+01
4.680184453125000346e+02,-8.694041307850648082e+01
4.680187382812500232e+02,-9.059854833054301082e+01
4.680190312500000118e+02,-9.534332268643271391e+01
4.680193242187500005e+02,-8.685782592732878982e+01
4.680196171874999891e+02,-9.070362131547111062e+01
4.680199101562500346e+02,-8.934599328329333900e+01
4.680202031250000232e+02,-8.765687578223507614e+01
4.680204960937500118e+02,-8.902352007179202076e+01
4.680207890625000005e+02,-9.896264609002355428e+01
4.680210820312499891e+02,-9.466398037888825456e+01
4.680213750000000346e+02,-9.078017063920781027e+01
4.680216679687500232e+02,-8.959059089817357346e+01
4.680219609375000118e+02,-8.658641054270844961e+01
4.680222539062500005e+02,-8.764068803980421762e+01
4.680225468749999891e+02,-8.325854235760253630e+01
4.680228398437500346e+02,-8.428855893758941420e+01
4.680231328125000232e+02,-8.745326935120174028e+01
4.680234257812500118e+02,-9.295537971445179437e+01
4.680237187500000005e+02,-9.177541317049816882e+01
4.680240117187499891e+02,-8.709669227931394175e+01
4.680243046875000346e+02,-8.078404120823734047e+01
4.680245976562500232e+02,-9.334300953670762624e+01
4.680248906250000118e+02,-8.913588804982397562e+01
4.680251835937500005e+02,-8.905668250076836046e+01
4.680254765624999891e+02,-9.683884905603770221e+01
4.680257695312500346e+02,-1.032404466391561755e+02
4.680260625000000232e+02,-8.709022375900480029e+01
4.680263554687500118e+02,-8.719521589835282782e+01
4.680266484375000005e+02,-8.877078848473084349e+01
4.680269414062499891e+02,-8.896486478248286289e+01
4.680272343750000346e+02,-9.002539180068228575e+01
4.680275273437500232e+02,-9.189692627630306276e+01
4.680278203125000118e+02,-8.925371865672155991e+01
4.680281132812500005e+02,-9.370386081718029914e+01
4.680284062499999891e+02,-8.966334226391748530e+01
4.680286992187500346e+02,-8.833478792157735882e+01
4.680289921875000232e+02,-1.028541135852563286e+02
4.680292851562500118e+02,-9.004008929460808019e+01
4.680295781250000005e+02,-8.747494954609719287e+01
4.680298710937499891e+02,-8.942747116461121948e+01
4.680301640625000346e+02,-9.332319861848290543e+01
4.680304570312500232e+02,-9.292327678273899494e+01
4.680307500000000118e+02,-8.767956943376346146e+01
4.680310429687500005e+02,-8.584605533826032797e+01
4.680313359374999891e+02,-8.807261784313205055e+01
4.680316289062500346e+02,-8.755453582289364078e+01
4.680319218750000232e+02,-9.062052550729228528e+01
4.680322148437500118e+02,-9.521431716397219702e+01
4.680325078125000005e+02,-9.108788493988797086e+01
4.680328007812499891e+02,-9.284972848815429813e+01
4.680330937500000346e+02,-8.896221963831577284e+01
4.680333867187500232e+02,-8.495051300350412760e+01
4.680336796875000118e+02,-8.885546628285692350e+01
4.680339726562500005e+02,-8.447574938104067144e+01
4.680342656249999891e+02,-8.305624701641167462e+01
4.680345585937500346e+02,-8.791724640030729176e+01
4.680348515625000232e+02,-9.026685352126902728e+01
4.680351445312500118e+02,-9.043244193706591716e+01
4.680354375000000005e+02,-9.376415213195444665e+01
4.680357304687499891e+02,-9.998828333221190690e+01
4.680360234375000346e+02,-9.536261937606873573e+01
4.680363164062500232e+02,-1.002834583224448863e+02
4.680366093750000118e+02,-8.845693959388449912e+01
4.680369023437500005e+02,-8.890822690246801585e+01
4.680371953124999891e+02,-8.812119941780545673e+01
4.680374882812500346e+02,-8.587494292093376203e+01
4.680377812500000232e+02,-8.618444003266455411e+01
4.680380742187500118e+02,-1.043794134247416991e+02
4.680383671875000005e+02,-9.035611485919511665e+01
4.680386601562499891e+02,-8.965927554065309835e+01
4.680389531250000346e+02,-9.473916427143079488e+01
4.680392460937500232e+02,-9.110973919709354618e+01
4.680395390625000118e+02,-9.463177774238045004e+01
4.680398320312500005e+02,-9.005166208329937660e+01
4.680401249999999891e+02,-8.612216026317329920e+01
4.680404179687500346e+02,-8.386228081627837128e+01
4.680407109375000232e+02,-9.289285846961215043e+01
4.680410039062500118e+02,-9.960278340510433281e+01
4.680412968750000005e+02,-9.375990658902227892e+01
4.680415898437499891e+02,-8.635563987105643946e+01
4.680418828125000346e+02,-9.099865770600928272e+01
4.680421757812500232e+02,-9.149488973122947755e+01
4.680424687500000118e+02,-9.505541079053773501e+01
4.680427617187500005e+02,-8.215440425415076220e+01
4.680430546874999891e+02,-8.191552528038155856e+01
4.680433476562500346e+02,-9.207530046677740643e+01
4.680436406250000232e+02,-9.342429724734010676e+01
4.680439335937500118e+02,-9.059962710906434324e+01
4.680442265625000005e+02,-8.995120133634772230e+01
4.680445195312499891e+02,-9.354708975316415831e+01
4.680448125000000346e+02,-8.953747877400391531e+01
4.680451054687500232e+02,-9.268490038779434315e+01
4.680453984375000118e+02,-9.215715404091037044e+01
4.680456914062500005e+02,-9.288926269875813091e+01
4.680459843749999891e+02,-8.962089649557923110e+01
4.680462773437500346e+02,-9.013046941807823487e+01
4.680465703125000232e+02,-8.909541355983307653e+01
4.680468632812500118e+02,-9.551010113706010429e+01
4.680471562500000005e+02,-9.194045330998616805e+01
4.680474492187499891e+02,-8.798669898178519588e+01
4.680477421875000346e+02,-8.525496425229802355e+01
4.680480351562500232e+02,-9.105363621092253368e+01
4.680483281250000118e+02,-9.332158092026098473e+01
4.680486210937500005e+02,-8.742518739282643025e+01
4.680489140624999891e+02,-8.692304325981223201e+01
4.680492070312500346e+02,-9.885840419055959671e+01
4.680495000000000232e+02,-8.354702994461965204e+01
4.680497929687500118e+02,-8.622855534522558685e+01
4.680500859375000005e+02,-9.424401349145391293e+01
4.680503789062499891e+02,-9.531197845849119688e+01
4.680506718750000346e+02,-9.021041735666186412e+01
4.680509648437500232e+02,-9.938487462643321635e+01
4.680512578125000118e+02,-8.748309527686728870e+01
4.680515507812500005e+02,-8.551069556073917965e+01
4.680518437499999891e+02,-1.066476023885481652e+02
4.680521367187500346e+02,-8.783580719235007450e+01
4.680524296875000232e+02,-8.893158916745218789e+01
4.680527226562500118e+02,-8.656113365116476643e+01
4.680530156250000005e+02,-9.263522331682040090e+01
4.680533085937499891e+02,-9.365984092322702281e+01
4.680536015625000346e+02,-1.020009193755615229e+02
4.680538945312500232e+02,-1.066232865822856297e+02
4.680541875000000118e+02,-8.677001240392849013e+01
4.680544804687500005e+02,-8.411017314457964744e+01
4.680547734374999891e+02,-9.220188326380917943e+01
4.680550664062500346e+02,-8.771893611320757600e+01
4.680553593750000232e+02,-9.385628878858121027e+01
4.680556523437500118e+02,-9.266554319438691323e+01
4.680559453125000005e+02,-9.787324877030715697e+01
4.680562382812499891e+02,-9.527145675606811892e+01
4.680565312500000346e+02,-9.921672593638858473e+01
4.680568242187500232e+02,-9.077749052585775758e+01
4.680571171875000118e+02,-8.597721922871920697e+01
4.680574101562500005e+02,-9.213572238137041381e+01
4.680577031249999891e+02,-9.369466672233207305e+01
4.680579960937500346e+02,-9.381115122095401659e+01
4.680582890625000232e+02,-9.052829856291614874e+01
4.680585820312500118e+02,-8.962431044333440866e+01
4.680588750000000005e+02,-8.704728759946573291e+01
4.680591679687499891e+02,-9.183907408481987034e+01
4.680594609375000346e+02,-9.421011562226914293e+01
4.680597539062500232e+02,-9.081628461114962647e+01
4.680600468750000118e+02,-8.537041286369171189e+01
4.680603398437500005e+02,-8.284083025797451683e+01
4.680606328124999891e+02,-8.451699090096404632e+01
4.680609257812500346e+02,-8.496044900818772305e+01
4.680612187500000232e+02,-8.971320696261442151e+01
4.680615117187500118e+02,-8.807024468408948792e+01
4.680618046875000005e+02,-8.949546741592902777e+01
4.680620976562499891e+02,-8.879158774565721046e+01
4.680623906250000346e+02,-8.858035535168717445e+01
4.680626835937500232e+02,-9.955522307755316547e+01
4.680629765625000118e+02,-9.588063325933123338e+01
4.680632695312500005e+02,-1.014076514709292667e+02
4.680635624999999891e+02,-8.847448543012333744e+01
4.680638554687500346e+02,-8.673259036103931408e+01
4.680641484375000232e+02,-8.632906607229236329e+01
4.680644414062500118e+02,-9.047197255737044941e+01
4.680647343750000005e+02,-8.899190325492014608e+01
4.680650273437499891e+02,-8.912223612492599045e+01
4.680653203125000346e+02,-1.028817555118629627e+02
4.680656132812500232e+02,-9.440233441920283042e+01
4.680659062500000118e+02,-9.844428612214889540e+01
4.680661992187500005e+02,-9.324096946718618995e+01
4.680664921874999891e+02,-1.039649361892297605e+02
4.680667851562500346e+02,-9.175542009581825198e+01
4.680670781250000232e+02,-8.688663330405358920e+01
4.680673710937500118e+02,-9.183796707096264811e+01
4.680676640625000005e+02,-8.445523681199453847e+01
4.680679570312499891e+02,-9.374668785000331184e+01
4.680682500000000346e+02,-9.833895839853869347e+01
4.680685429687500232e+02,-9.005573251804952406e+01
4.680688359375000118e+02,-8.914892454950344813e+01
4.680691289062500005e+02,-8.796794273975461920e+01
4.680694218749999891e+02,-8.505868940045017723e+01
4.680697148437500346e+02,-8.351253189795563969e+01
4.680700078125000232e+02,-8.600696823620152998e+01
4.680703007812500118e+02,-8.471529609791288351e+01
4.680705937500000005e+02,-8.996784461252291010e+01
4.680708867187499891e+02,-9.463656525527326835e+01
4.680711796875000346e+02,-9.187260497569211282e+01
4.680714726562500232e+02,-9.724140299052400849e+01
4.680717656250000118e+02,-9.979788042655098934e+01
4.680720585937500005e+02,-9.718594273741067013e+01
4.680723515624999891e+02,-8.870296247173811821e+01
4.680726445312500346e+02,-8.658812645158567989e+01
4.680729375000000232e+02,-8.647823151917192774e+01
4.680732304687500118e+02,-8.869728285289258451e+01
4.680735234375000005e+02,-9.083290476434282823e+01
4.680738164062499891e+02,-9.459434661550113788e+01
4.680741093750000346e+02,-9.421913450727750217e+01
4.680744023437500232e+02,-9.654717684085305507e+01
4.680746953125000118e+02,-1.006016791710129326e+02
4.680749882812500005e+02,-1.040392956343969217e+02
4.680752812499999891e+02,-9.631458344017731577e+01
4.680755742187500346e+02,-8.709447468550320082e+01
4.680758671875000232e+02,-8.541622380624198740e+01
4.680761601562500118e+02,-9.177174250336639716e+01
4.680764531250000005e+02,-8.886405695378572034e+01
4.680767460937499891e+02,-8.651927355235000050e+01
4.680770390625000346e+02,-9.671437202519491905e+01
4.680773320312500232e+02,-8.823970232568571248e+01
4.680776250000000118e+02,-8.573496678758529299e+01
4.680779179687500005e+02,-8.810754060153857381e+01
4.680782109374999891e+02,-9.002787467392720089e+01
4.680785039062500346e+02,-8.623917631101916470e+01
4.680787968750000232e+02,-9.317223983084872430e+01
4.680790898437500118e+02,-1.002600872301113668e+02
4.680793828125000005e+02,-9.581271636573265482e+01
4.680796757812499891e+02,-8.971457642436222102e+01
4.680799687500000346e+02,-8.660378671835528053e+01
4.680802617187500232e+02,-9.937196719322196259e+01
4.680805546875000118e+02,-8.931053140070885377e+01
4.680808476562500005e+02,-8.661176340582700561e+01
4.680811406249999891e+02,-8.939068566996468235e+01
4.680814335937500346e+02,-1.124219879129559558e+02
4.680817265625000232e+02,-9.353720306820351027e+01
4.680820195312500118e+02,-8.947444955088053575e+01
4.680823125000000005e+02,-9.675463636372286658e+01
4.680826054687499891e+02,-8.776073893747968668e+01
4.680828984375000346e+02,-8.884014628452347040e+01
4.680831914062500232e+02,-9.770584202753839520e+01
4.680834843750000118e+02,-9.179105965379861232e+01
4.680837773437500005e+02,-8.864423108687788044e+01
4.680840703124999891e+02,-8.686757070090892796e+01
4.680843632812500346e+02,-8.912373074155821939e+01
4.680846562500000232e+02,-9.454006037338547230e+01
4.680849492187500118e+02,-9.745805630171918210e+01
4.680852421875000005e+02,-9.615957953592321417e+01
4.680855351562499891e+02,-9.319987989176061660e+01
4.680858281250000346e+02,-9.150635860879107497e+01
4.680861210937500232e+02,-8.784976675563919457e+01
4.680864140625000118e+02,-7.814921154999821340e+01
4.680867070312500005e+02,-8.008168907961582761e+01
4.680869999999999891e+02,-9.997823413405426152e+01
4.680872929687500346e+02,-9.981189258712740298e+01
4.680875859375000232e+02,-9.874155930260377545e+01
4.680878789062500118e+02,-9.007846850506891201e+01
4.680881718750000005e+02,-9.056349307085824307e+01
4.680884648437499891e+02,-8.981192622775729717e+01
4.680887578125000346e+02,-9.696566385869452631e+01
4.680890507812500232e+02,-9.980482722172978072e+01
4.680893437500000118e+02,-1.056194835853645202e+02
4.680896367187500005e+02,-9.050092670521738114e+01
4.680899296874999891e+02,-8.393414809254495879e+01
4.680902226562500346e+02,-9.021517637242729393e+01
4.680905156250000232e+02,-9.479433081147435303e+01
4.680908085937500118e+02,-8.952530844537815824e+01
4.680911015625000005e+02,-8.902533083243713463e+01
4.680913945312499891e+02,-9.940594188536150000e+01
4.680916875000000346e+02,-9.340352065096911360e+01
4.680919804687500232e+02,-9.326906571724849471e+01
4.680922734375000118e+02,-9.388308150798130214e+01
4.680925664062500005e+02,-9.069233315773389847e+01
4.680928593749999891e+02,-8.624000779487859347e+01
4.680931523437500346e+02,-8.615610941196052863e+01
4.680934453125000232e+02,-8.480402322918831715e+01
4.680937382812500118e+02,-8.534228608048147180e+01
4.680940312500000005e+02,-8.539411771637284687e+01
4.680943242187499891e+02,-9.041678151327141677e+01
4.680946171875000346e+02,-9.015235161347106896e+01
4.680949101562500232e+02,-9.515479271614879053e+01
4.680952031250000118e+02,-9.302168669228439057e+01
4.680954960937500005e+02,-9.885323177455339305e+01
4.680957890624999891e+02,-9.569345838734604115e+01
4.680960820312500346e+02,-9.575119541002216295e+01
4.680963750000000232e+02,-9.306514198710517860e+01
4.680966679687500118e+02,-9.412799305479543932e+01
4.680969609375000005e+02,-1.237530928498422469e+02
4.680972539062499891e+02,-9.113699159402065675e+01
4.680975468750000346e+02,-8.405357612409927981e+01
4.680978398437500232e+02,-8.370308544709249077e+01
4.680981328125000118e+02,-8.867138359053647889e+01
4.680984257812500005e+02,-8.806513080493402867e+01
4.680987187499999891e+02,-9.139507474777374796e+01
4.680990117187500346e+02,-9.947958195085946898e+01
4.680993046875000232e+02,-1.069927042035085378e+02
4.680995976562500118e+02,-9.038236388694951984e+01
4.680998906250000005e+02,-9.033406526297838468e+01
4.681001835937499891e+02,-9.869725532199312568e+01
4.681004765625000346e+02,-9.253572838681272117e+01
4.681007695312500232e+02,-9.195623598980466795e+01
4.681010625000000118e+02,-8.926382512066213337e+01
4.681013554687500005e+02,-9.104815369002392345e+01
4.681016484374999891e+02,-1.017544720668871463e+02
4.681019414062500346e+02,-9.451647419427354180e+01
4.681022343750000232e+02,-9.009674797316881723e+01
4.681025273437500118e+02,-8.446126553219545485e+01
4.681028203125000005e+02,-8.670321670210981324e+01
4.681031132812499891e+02,-9.259888918451821382e+01
4.681034062500000346e+02,-9.244972197773441280e+01
4.681036992187500232e+02,-9.599035858351237493e+01
4.681039921875000118e+02,-9.181621674996578975e+01
4.681042851562500005e+02,-9.983428399366893302e+01
4.681045781249999891e+02,-9.390128487692678050e+01
4.681048710937500346e+02,-9.185083579892535965e+01
4.681051640625000232e+02,-8.818081770589611779e+01
4.681054570312500118e+02,-1.105054755079208917e+02
4.681057500000000005e+02,-9.137425194779233095e+01
4.681060429687499891e+02,-9.854828356996301864e+01
4.681063359375000346e+02,-9.200878051546919778e+01
4.681066289062500232e+02,-9.508972879316077353e+01
4.681069218750000118e+02,-1.069119279508946221e+02
4.681072148437500005e+02,-9.795099612732856542e+01
4.681075078124999891e+02,-9.144284503820820476e+01
4.681078007812500346e+02,-9.067115683189747699e+01
4.681080937500000232e+02,-1.067560646171206997e+02
4.681083867187500118e+02,-9.660503238460874798e+01
4.681086796875000005e+02,-9.371871735074367393e+01
4.681089726562499891e+02,-1.244804986572432739e+02
4.681092656250000346e+02,-9.272746630698622994e+01
4.681095585937500232e+02,-9.084327166028839429e+01
4.681098515625000118e+02,-8.890641513779900151e+01
4.681101445312500005e+02,-9.045876217683442633e+01
4.681104374999999891e+02,-8.876323662946985849e+01
4.681107304687500346e+02,-8.462645975897770256e+01
4.681110234375000232e+02,-8.622713974136340198e+01
4.681113164062500118e+02,-9.034462806349438324e+01
4.681116093750000005e+02,-9.085055555002078620e+01
4.681119023437499891e+02,-8.611808621166792932e+01
4.681121953125000346e+02,-9.147230534145626279e+01
4.681124882812500232e+02,-1.033069306883152194e+02
4.681127812500000118e+02,-8.844831581353122374e+01
4.681130742187500005e+02,-9.289954617555765992e+01
4.681133671874999891e+02,-9.346308568522206883e+01
4.681136601562500346e+02,-9.019140395194577309e+01
4.681139531250000232e+02,-9.180321809478201089e+01
4.681142460937500118e+02,-1.021148600967796227e+02
4.681145390625000005e+02,-9.596308757233258291e+01
4.681148320312499891e+02,-8.866199043711176841e+01
4.681151250000000346e+02,-8.745750028799992037e+01
4.681154179687500232e+02,-8.793727568618058399e+01
4.681157109375000118e+02,-9.542637682652646447e+01
4.681160039062500005e+02,-9.800485678876168549e+01
4.681162968749999891e+02,-8.978104363859242198e+01
4.681165898437500346e+02,-8.778254321064258647e+01
4.681168828125000232e+02,-9.443591633459375601e+01
4.681171757812500118e+02,-1.128252653444335465e+02
4.681174687500000005e+02,-9.122691358322286703e+01
4.681177617187499891e+02,-8.870712046622961111e+01
4.681180546875000346e+02,-8.887945191514680232e+01
4.681183476562500232e+02,-9.072943462773127976e+01
4.681186406250000118e+02,-9.465179894757595491e+01
4.681189335937500005e+02,-1.055602308647917482e+02
4.681192265624999891e+02,-9.164976609594160095e+01
4.681195195312500346e+02,-8.993404352897144349e+01
4.681198125000000232e+02,-9.542721328321346164e+01
4.681201054687500118e+02,-8.886045251800658207e+01
4.681203984375000005e+02,-8.600924987174394687e+01
4.681206914062499891e+02,-8.866909454748113717e+01
4.681209843750000346e+02,-9.854605294751236499e+01
4.681212773437500232e+02,-9.509858187396871188e+01
4.681215703125000118e+02,-9.464518296545463727e+01
4.681218632812500005e+02,-9.700520033137614462e+01
4.681221562499999891e+02,-9.593682462785912435e+01
4.681224492187500346e+02,-9.989181038787467060e+01
4.681227421875000232e+02,-9.494999084280087231e+01
4.681230351562500118e+02,-1.037384862405452282e+02
4.681233281250000005e+02,-9.532076280712766447e+01
4.681236210937499891e+02,-9.485667772951725851e+01
4.681239140625000346e+02,-9.154559358555329140e+01
4.681242070312500232e+02,-9.312453783164994547e+01
4.681245000000000118e+02,-8.917196683769647336e+01
4.681247929687500005e+02,-9.152787384687138683e+01
4.681250859374999891e+02,-1.060094071536507130e+02
4.681253789062500346e+02,-8.888790707163180116e+01
4.681256718750000232e+02,-9.149649310860915818e+01
4.681259648437500118e+02,-8.873467414390005104e+01
4.681262578125000005e+02,-8.854374228504661914e+01
4.681265507812499891e+02,-8.771375871967792648e+01
4.681268437500000346e+02,-8.965550997267220623e+01
4.681271367187500232e+02,-9.691271257194132716e+01
4.681274296875000118e+02,-1.085162167431187470e+02
4.681277226562500005e+02,-9.348292053798897427e+01
4.681280156249999891e+02,-9.110747164731769487e+01
4.681283085937500346e+02,-8.983309181235136975e+01
4.681286015625000232e+02,-8.822778382416764487e+01
4.681288945312500118e+02,-8.919316678502252671e+01
4.681291875000000005e+02,-8.710308184386755670e+01
4.681294804687499891e+02,-9.230047460041824081e+01
4.681297734375000346e+02,-9.627658550731835874e+01
4.681300664062500232e+02,-9.238351738820600190e+01
4.681303593750000118e+02,-9.614489828957584905e+01
4.681306523437500005e+02,-1.040158113970846614e+02
4.681309453124999891e+02,-9.538106234397076832e+01
4.681312382812500346e+02,-9.416846148965959173e+01
4.681315312500000232e+02,-8.738552998650165193e+01
4.681318242187500118e+02,-8.537678979704770654e+01
4.681321171875000005e+02,-8.764383464090626319e+01
4.681324101562499891e+02,-9.854484276117563013e+01
4.681327031250000346e+02,-9.916142410111611127e+01
4.681329960937500232e+02,-9.413713785129371558e+01
4.681332890625000118e+02,-9.872623116717207381e+01
4.681335820312500005e+02,-9.791052834962080453e+01
4.681338749999999891e+02,-9.466727655298662114e+01
4.681341679687500346e+02,-9.234719030123733319e+01
4.681344609375000232e+02,-8.966756332409639185e+01
4.681347539062500118e+02,-9.317220442667374414e+01
4.681350468750000005e+02,-8.822268488536911946e+01
4.681353398437499891e+02,-9.477003589328289479e+01
4.681356328125000346e+02,-9.263367155648006701e+01
4.681359257812500232e+02,-9.572783810574549079e+01
4.681362187500000118e+02,-1.086881379925952444e+02
4.681365117187500005e+02,-9.357429422715657097e+01
4.681368046874999891e+02,-1.027169420335596044e+02
4.681370976562500346e+02,-9.095056148765334569e+01
4.681373906250000232e+02,-8.878897631272094770e+01
4.681376835937500118e+02,-8.765237588296601245e+01
4.681379765625000005e+02,-8.739745892232265589e+01
4.681382695312499891e+02,-8.932653535047120386e+01
4.681385625000000346e+02,-8.802338914318767138e+01
4.681388554687500232e+02,-9.439781393610667237e+01
4.681391484375000118e+02,-8.790879867375103629e+01
4.681394414062500005e+02,-8.758566119809033523e+01
4.681397343749999891e+02,-8.863028566665542485e+01
4.681400273437500346e+02,-8.900266659284685034e+01
4.681403203125000232e+02,-1.177040703479552377e+02
4.681406132812500118e+02,-9.646971722685272255e+01
4.681409062500000005e+02,-1.011652328890731525e+02
4.681411992187499891e+02,-9.106112593224693796e+01
4.681414921875000346e+02,-8.697104771327229855e+01
4.681417851562500232e+02,-8.770558592171779821e+01
4.681420781250000118e+02,-9.288902308259903862e+01
4.681423710937500005e+02,-9.054658671428168759e+01
4.681426640624999891e+02,-9.567624214522142267e+01
4.681429570312500346e+02,-9.371973737759697087e+01
4.681432500000000232e+02,-9.092142126816240477e+01
4.681435429687500118e+02,-8.973765471494760959e+01
4.681438359375000005e+02,-8.842363502734642111e+01
4.681441289062499891e+02,-8.560551552704421852e+01
4.681444218750000346e+02,-9.043929223429145736e+01
4.681447148437500232e+02,-9.421104355485934434e+01
4.681450078125000118e+02,-9.428408710227172662e+01
4.681453007812500005e+02,-9.683282255509277547e+01
4.681455937499999891e+02,-9.689800866751511421e+01
4.681458867187500346e+02,-8.838226894275534562e+01
4.681461796875000232e+02,-9.476100033311379889e+01
4.681464726562500118e+02,-8.550987713820762792e+01
4.681467656250000005e+02,-9.641368836120949481e+01
4.681470585937499891e+02,-1.009783801031257156e+02
4.681473515625000346e+02,-9.893022670279079023e+01
4.681476445312500232e+02,-9.160750514122270260e+01
4.681479375000000118e+02,-8.872188474879628473e+01
4.681482304687500005e+02,-8.868843908042428836e+01
4.681485234374999891e+02,-8.961617172121438557e+01
4.681488164062500346e+02,-9.301658214154247162e+01
4.681491093750000232e+02,-1.042016966580153650e+02
4.681494023437500118e+02,-9.694013638976612413e+01
4.681496953125000005e+02,-1.053057712966171522e+02
4.681499882812499891e+02,-1.092076729564798541e+02
4.681502812500000346e+02,-9.534252265560249384e+01
4.681505742187500232e+02,-9.776647024965556909e+01
4.681508671875000118e+02,-9.345246605093008441e+01
4.681511601562500005e+02,-8.623946342500568107e+01
4.681514531249999891e+02,-9.620420718104490732e+01
4.681517460937500346e+02,-9.281684039086957227e+01
4.681520390625000232e+02,-9.574037421293864725e+01
4.681523320312500118e+02,-9.360337254249679972e+01
4.681526250000000005e+02,-8.714921875848311572e+01
4.681529179687499891e+02,-8.958643114464334190e+01
4.681532109375000346e+02,-9.431325775555158941e+01
4.681535039062500232e+02,-8.655559562372738469e+01
4.681537968750000118e+02,-8.849468233334108902e+01
4.681540898437500005e+02,-9.808868607027768860e+01
4.681543828124999891e+02,-1.070381230890586721e+02
4.681546757812500346e+02,-1.014837912139250307e+02
4.681549687500000232e+02,-8.916420819430263123e+01
4.681552617187500118e+02,-9.637046586323558017e+01
4.681555546875000005e+02,-1.013324185081238085e+02
4.681558476562499891e+02,-9.065202785607849023e+01
4.681561406250000346e+02,-8.779538548738246106e+01
4.681564335937500232e+02,-9.928378516646358776e+01
4.681567265625000118e+02,-9.083772382165562931e+01
4.681570195312500005e+02,-9.585899663622861056e+01
4.681573124999999891e+02,-9.605108170250126420e+01
4.681576054687500346e+02,-1.065630289848531049e+02
4.681578984375000232e+02,-9.831433025006271009e+01
4.681581914062500118e+02,-1.154242214301632714e+02
4.681584843750000005e+02,-9.261150151260960683e+01
4.681587773437499891e+02,-9.110017588360703655e+01
4.681590703125000346e+02,-9.406418361708210796e+01
4.681593632812500232e+02,-9.045057280191059590e+01
4.681596562500000118e+02,-9.154362881542371611e+01
4.681599492187500005e+02,-9.391880975414265720e+01
4.681602421874999891e+02,-9.864409770405266897e+01
4.681605351562500346e+02,-9.473767001377417785e+01
4.681608281250000232e+02,-9.203045905623106648e+01
4.681611210937500118e+02,-9.727392737588135674e+01
4.681614140625000005e+02,-9.814789150624142167e+01
4.681617070312499891e+02,-9.787767399486179443e+01
4.681620000000000346e+02,-1.026576288037165483e+02
4.681622929687500232e+02,-9.759894692277326556e+01
4.681625859375000118e+02,-9.807787097951185729e+01
4.681628789062500005e+02,-9.483513419892861407e+01
4.681631718749999891e+02,-8.698488370197024722e+01
4.681634648437500346e+02,-9.523430915233780070e+01
4.681637578125000232e+02,-1.002972438797599750e+02
4.681640507812500118e+02,-1.001215006806627486e+02
4.681643437500000005e+02,-9.061607644963144992e+01
4.681646367187499891e+02,-8.907209645782668872e+01
4.681649296875000346e+02,-9.089396211205669829e+01
4.681652226562500232e+02,-9.393402362788498294e+01
4.681655156250000118e+02,-9.441217988491494850e+01
4.681658085937500005e+02,-1.012856228137193568e+02
4.681661015624999891e+02,-9.888698110106913930e+01
4.681663945312500346e+02,-9.554708449685180938e+01
4.681666875000000232e+02,-9.744426104112734777e+01
4.681669804687500118e+02,-9.755766694313800258e+01
4.681672734375000005e+02,-9.756843499686011967e+01
4.681675664062499891e+02,-9.597625559355901714e+01
4.681678593750000346e+02,-8.602680927500357200e+01
4.681681523437500232e+02,-8.748239829594513139e+01
4.681684453125000118e+02,-9.629954595903191716e+01
4.681687382812500005e+02,-8.925811944734824976e+01
4.681690312499999891e+02,-9.625740348356185905e+01
4.681693242187500346e+02,-9.545606935066822984e+01
4.681696171875000232e+02,-9.935927587340896139e+01
4.681699101562500118e+02,-9.283828209235723250e+01
4.681702031250000005e+02,-9.124582120354993720e+01
4.681704960937499891e+02,-9.145483307335572931e+01
4.681707890625000346e+02,-9.234340234351903121e+01
4.681710820312500232e+02,-8.887763483693819921e+01
4.681713750000000118e+02,-9.542982142832534009e+01
4.681716679687500005e+02,-1.024852570984773905e+02
4.681719609374999891e+02,-1.053228080464554637e+02
4.681722539062500346e+02,-1.051110611174625831e+02
4.681725468750000232e+02,-9.053203344349199710e+01
4.681728398437500118e+02,-8.575075397877827754e+01
4.681731328125000005e+02,-9.163503842702891689e+01
4.681734257812499891e+02,-1.043291846040159214e+02
4.681737187500000346e+02,-1.150532965807505548e+02
4.681740117187500232e+02,-1.000884667001579373e+02
4.681743046875000118e+02,-9.972410917416640075e+01
4.681745976562500005e+02,-9.759737723107988927e+01
4.681748906249999891e+02,-1.055359319045493294e+02
4.681751835937500346e+02,-1.323759261848382494e+02
4.681754765625000232e+02,-9.296953104275695523e+01
4.681757695312500118e+02,-8.896942907162694780e+01
4.681760625000000005e+02,-9.252958499593975716e+01
4.681763554687499891e+02,-9.216186903208901526e+01
4.681766484375000346e+02,-9.331014096105715794e+01
4.681769414062500232e+02,-1.084637708798389752e+02
4.681772343750000118e+02,-9.382019764055200994e+01
4.681775273437500005e+02,-9.881357574354777284e+01
4.681778203124999891e+02,-9.361609234155346826e+01
4.681781132812500346e+02,-9.939190312187334087e+01
4.681784062500000232e+02,-9.137502316626454046e+01
4.681786992187500118e+02,-1.014693706380787006e+02
4.681789921875000005e+02,-9.406951570919315486e+01
4.681792851562499891e+02,-9.420035066070246899e+01
4.681795781250000346e+02,-9.146188719114383048e+01
4.681798710937500232e+02,-9.941274146543565848e+01
4.681801640625000118e+02,-1.068771511880430012e+02
4.681804570312500005e+02,-9.279084968435998348e+01
4.681807499999999891e+02,-8.595993604880678163e+01
4.681810429687500346e+02,-8.832440396979627906e+01
4.681813359375000232e+02,-8.638895851109387536e+01
4.681816289062500118e+02,-9.138990629473607896e+01
4.681819218750000005e+02,-1.070511186242900408e+02
4.681822148437499891e+02,-9.326669660849267984e+01
4.681825078125000346e+02,-9.121199327074023699e+01
4.681828007812500232e+02,-1.008682022185523692e+02
4.681830937500000118e+02,-9.380604001732254460e+01
4.681833867187500005e+02,-9.782886123462233741e+01
4.681836796874999891e+02,-1.004085754615710471e+02
4.681839726562500346e+02,-9.969948879628832117e+01
4.681842656250000232e+02,-1.038657182083739485e+02
4.681845585937500118e+02,-1.026596198720628479e+02
4.681848515625000005e+02,-1.036556883102418993e+02
4.681851445312499891e+02,-9.628377717456514517e+01
4.681854375000000346e+02,-9.697682108036238446e+01
4.681857304687500232e+02,-9.517476124745388688e+01
4.681860234375000118e+02,-8.802691329580787283e+01
4.681863164062500005e+02,-9.933894067572563813e+01
4.681866093749999891e+02,-9.454882295906536172e+01
4.681869023437500346e+02,-1.053514136412231181e+02
4.681871953125000232e+02,-9.093382261010501111e+01
4.681874882812500118e+02,-9.241692421437031157e+01
4.681877812500000005e+02,-9.185456048651246874e+01
4.681880742187499891e+02,-9.324400898425595585e+01
4.681883671875000346e+02,-8.867978997961650123e+01
4.681886601562500232e+02,-8.693422610592408262e+01
4.681889531250000118e+02,-9.043665070464173539e+01
4.681892460937500005e+02,-9.220318386585623216e+01
4.681895390624999891e+02,-9.290476642514489924e+01
4.681898320312500346e+02,-9.158086691385668132e+01
4.681901250000000232e+02,-1.028054095456819681e+02
4.681904179687500118e+02,-9.443668701943582278e+01
4.681907109375000005e+02,-9.824025812055204199e+01
4.681910039062499891e+02,-1.044974248964675070e+02
4.681912968750000346e+02,-9.574823613011375301e+01
4.681915898437500232e+02,-1.042923298390137319e+02
4.681918828125000118e+02,-9.084473366890732393e+01
4.681921757812500005e+02,-8.537547100581640791e+01
4.681924687499999891e+02,-8.967579781498251634e+01
4.681927617187500346e+02,-9.048276646816076152e+01
4.681930546875000232e+02,-8.780683660327713369e+01
4.681933476562500118e+02,-8.703406073849308200e+01
4.681936406250000005e+02,-8.901952532530943074e+01
4.681939335937499891e+02,-9.030537015846662996e+01
4.681942265625000346e+02,-9.671000556891597455e+01
4.681945195312500232e+02,-9.389228386226068324e+01
4.681948125000000118e+02,-1.084658840618959061e+02
4.681951054687500005e+02,-9.603110012970046228e+01
4.681953984374999891e+02,-9.882064260758457408e+01
4.681956914062500346e+02,-9.599831015372606657e+01
4.681959843750000232e+02,-9.238836697315872470e+01
4.681962773437500118e+02,-9.684697889432996476e+01
4.681965703125000005e+02,-8.759721845345777069e+01
4.681968632812499891e+02,-9.126289841697371230e+01
4.681971562500000346e+02,-9.485041660731377533e+01
4.681974492187500232e+02,-9.453994909769073729e+01
4.681977421875000118e+02,-1.098013934210571421e+02
4.681980351562500005e+02,-1.040501751036499201e+02
4.681983281249999891e+02,-9.712746525983644119e+01
4.681986210937500346e+02,-9.261373912717604640e+01
4.681989140625000232e+02,-9.777450845567227589e+01
4.681992070312500118e+02,-9.038512028317485658e+01
4.681995000000000005e+02,-9.045903233028612078e+01
4.681997929687499891e+02,-9.380339206384155659e+01
4.682000859375000346e+02,-9.056571767326261124e+01
4.682003789062500232e+02,-1.002874876890705735e+02
4.682006718750000118e+02,-8.994945787162603779e+01
4.682009648437500005e+02,-9.145541196792542848e+01
4.682012578124999891e+02,-9.181824777202373866e+01
4.682015507812500346e+02,-9.863558919056040963e+01
4.682018437500000232e+02,-1.021964760851658411e+02
4.682021367187500118e+02,-1.056616604406766413e+02
4.682024296875000005e+02,-9.958493258996372788e+01
4.682027226562499891e+02,-9.630054775262175326e+01
4.682030156250000346e+02,-9.490104883925636159e+01
4.682033085937500232e+02,-9.316769799462817048e+01
4.682036015625000118e+02,-9.167460907115173541e+01
4.682038945312500005e+02,-9.997524043709969988e+01
4.682041874999999891e+02,-1.017065156937948842e+02
4.682044804687500346e+02,-9.491340545955468144e+01
4.682047734375000232e+02,-9.680083682486687735e+01
4.682050664062500118e+02,-1.047134545779598511e+02
4.682053593750000005e+02,-9.761872351132728909e+01
4.682056523437499891e+02,-1.057670026056941168e+02
4.682059453125000346e+02,-9.522993846338621893e+01
4.682062382812500232e+02,-9.496106640416881817e+01
4.682065312500000118e+02,-9.697684144791446670e+01
4.682068242187500005e+02,-8.969605528090761482e+01
4.682071171874999891e+02,-8.616644575851047705e+01
4.682074101562500346e+02,-9.197019448764800131e+01
4.682077031250000232e+02,-9.027554437269871812e+01
4.682079960937500118e+02,-9.065548115078038904e+01
4.682082890625000005e+02,-9.230983793944247395e+01
4.682085820312499891e+02,-9.647682108370145215e+01
4.682088750000000346e+02,-9.573384074587073655e+01
4.682091679687500232e+02,-9.338593810560772113e+01
4.682094609375000118e+02,-9.239919361600800585e+01
4.682097539062500005e+02,-9.655950889076345334e+01
4.682100468749999891e+02,-9.109849961187796907e+01
4.682103398437500346e+02,-9.592423065809538230e+01
4.682106328125000232e+02,-9.149390853891701170e+01
4.682109257812500118e+02,-9.216155874162842565e+01
4.682112187500000005e+02,-9.048742857626011471e+01
4.682115117187499891e+02,-9.693436082490157446e+01
4.682118046875000346e+02,-9.730914784736967249e+01
4.682120976562500232e+02,-9.531961971171452319e+01
4.682123906250000118e+02,-9.858993085099461950e+01
4.682126835937500005e+02,-1.082505933469760464e+02
4.682129765624999891e+02,-9.391521320194087252e+01
4.682132695312500346e+02,-8.910684646305860213e+01
4.682135625000000232e+02,-9.281210169965308410e+01
4.682138554687500118e+02,-9.412673706808264740e+01
4.682141484375000005e+02,-9.104880023750801854e+01
4.682144414062499891e+02,-9.558010634675453332e+01
4.682147343750000346e+02,-9.330073873913318039e+01
4.682150273437500232e+02,-9.807759563380002987e+01
4.682153203125000118e+02,-9.593658607807535077e+01
4.682156132812500005e+02,-8.859036998953749276e+01
4.682159062499999891e+02,-9.023251381273480831e+01
4.682161992187500346e+02,-9.395757238141470680e+01
4.682164921875000232e+02,-9.406180153958356982e+01
4.682167851562500118e+02,-9.573042694128091057e+01
4.682170781250000005e+02,-9.357964575400089302e+01
4.682173710937499891e+02,-8.690367418284502321e+01
4.682176640625000346e+02,-9.220885321494564835e+01
4.682179570312500232e+02,-9.148862173140639698e+01
4.682182500000000118e+02,-8.961202738618152353e+01
4.682185429687500005e+02,-9.342555506088774564e+01
4.682188359374999891e+02,-9.166865399796492397e+01
4.682191289062500346e+02,-9.046858693861636880e+01
4.682194218750000232e+02,-9.089744964522834891e+01
4.682197148437500118e+02,-8.880969578377401774e+01
4.682200078125000005e+02,-9.136690104666701018e+01
4.682203007812499891e+02,-1.021270127535367891e+02
4.682205937500000346e+02,-8.997980251216083047e+01
4.682208867187500232e+02,-8.982551303805294651e+01
4.682211796875000118e+02,-8.837305285307567715e+01
4.682214726562500005e+02,-8.956531716243330266e+01
4.682217656249999891e+02,-1.116317610693123754e+02
4.682220585937500346e+02,-9.346522719587497363e+01
4.682223515625000232e+02,-9.299556051572020010e+01
4.682226445312500118e+02,-9.371082817717679347e+01
4.682229375000000005e+02,-9.084474504634719949e+01
4.682232304687499891e+02,-9.780206254439322322e+01
4.682235234375000346e+02,-1.119656124198925085e+02
4.682238164062500232e+02,-9.715681603412869549e+01
4.682241093750000118e+02,-9.431513336562917971e+01
4.682244023437500005e+02,-9.555029457850224617e+01
4.682246953124999891e+02,-9.265614645785470316e+01
4.682249882812500346e+02,-9.863620884560310742e+01
4.682252812500000232e+02,-9.519966620219427966e+01
4.682255742187500118e+02,-1.053261655923702591e+02
4.682258671875000005e+02,-9.045084126962936466e+01
4.682261601562499891e+02,-1.061950074099118524e+02
4.682264531250000346e+02,-9.363974697065103214e+01
4.682267460937500232e+02,-8.932865387199734641e+01
4.682270390625000118e+02,-8.726578594615560291e+01
4.682273320312500005e+02,-8.607757153518193149e+01
4.682276249999999891e+02,-9.448723816053139046e+01
4.682279179687500346e+02,-1.002981442718872813e+02
4.682282109375000232e+02,-1.079207532083737817e+02
4.682285039062500118e+02,-9.202340591685364757e+01
4.682287968750000005e+02,-9.052427066859223714e+01
4.682290898437499891e+02,-9.801204005140830589e+01
4.682293828125000346e+02,-1.091162097823139732e+02
4.682296757812500232e+02,-9.417820667991902894e+01
4.682299687500000118e+02,-9.143655672744094431e+01
4.682302617187500005e+02,-9.138360608682339148e+01
4.682305546874999891e+02,-9.540518805931847623e+01
4.682308476562500346e+02,-1.074053118048885551e+02
4.682311406250000232e+02,-9.285700509537983294e+01
4.682314335937500118e+02,-9.021712323106306997e+01
4.682317265625000005e+02,-9.733662382680464020e+01
4.682320195312499891e+02,-9.238182399594622041e+01
4.682323125000000346e+02,-1.103530445442026462e+02
4.682326054687500232e+02,-9.027452177765879071e+01
4.682328984375000118e+02,-9.406733268800734038e+01
4.682331914062500005e+02,-1.041867569643739131e+02
4.682334843749999891e+02,-9.497591647118211711e+01
4.682337773437500346e+02,-1.104717881263183301e+02
4.682340703125000232e+02,-9.126763182763995985e+01
4.682343632812500118e+02,-8.823889573206507464e+01
4.682346562500000005e+02,-9.670676654119878890e+01
4.682349492187499891e+02,-9.308831474332600919e+01
4.682352421875000346e+02,-9.569646156532661507e+01
4.682355351562500232e+02,-1.004571205502125366e+02
4.682358281250000118e+02,-9.540279829408447654e+01
4.682361210937500005e+02,-9.515711252732796765e+01
4.682364140624999891e+02,-9.377986932507545248e+01
4.682367070312500346e+02,-9.527195950852176054e+01
4.682370000000000232e+02,-9.726620097307248614e+01
4.682372929687500118e+02,-9.681772766906674121e+01
4.682375859375000005e+02,-9.418337715837378710e+01
4.682378789062499891e+02,-9.156663571710126348e+01
4.682381718750000346e+02,-9.469655010168861509e+01
4.682384648437500232e+02,-9.917490586841859113e+01
4.682387578125000118e+02,-9.025619602714496637e+01
4.682390507812500005e+02,-9.489755431989809153e+01
4.682393437499999891e+02,-9.500272595406579512e+01
4.682396367187500346e+02,-1.031367270818637110e+02
4.682399296875000232e+02,-9.657906009714068318e+01
4.682402226562500118e+02,-9.962874479364919011e+01
4.682405156250000005e+02,-9.873898365339562133e+01
4.682408085937499891e+02,-9.539556545145387645e+01
4.682411015625000346e+02,-9.223130163842665752e+01
4.682413945312500232e+02,-9.110634902705761817e+01
4.682416875000000118e+02,-9.903203063710337517e+01
4.682419804687500005e+02,-9.329527754409177476e+01
4.682422734374999891e+02,-9.355460388833546403e+01
4.682425664062500346e+02,-9.061574613820772583e+01
4.682428593750000232e+02,-9.005105041655332343e+01
4.682431523437500118e+02,-9.551214283876797140e+01
4.682434453125000005e+02,-9.394581179725901166e+01
4.682437382812499891e+02,-9.432499028015941178e+01
4.682440312500000346e+02,-9.350702951377374461e+01
4.682443242187500232e+02,-9.485084467752244564e+01
4.682446171875000118e+02,-9.202876569797838613e+01
4.682449101562500005e+02,-8.815095885247222895e+01
4.682452031249999891e+02,-9.424487358788796598e+01
4.682454960937500346e+02,-9.598537298657640804e+01
4.682457890625000232e+02,-9.418737670260844652e+01
4.682460820312500118e+02,-1.001124815386143894e+02
4.682463750000000005e+02,-9.974168961054087390e+01
4.682466679687499891e+02,-9.490125900082327348e+01
4.682469609375000346e+02,-9.306543896627070467e+01
4.682472539062500232e+02,-9.575847204190858974e+01
4.682475468750000118e+02,-9.201987996508842116e+01
4.682478398437500005e+02,-9.341959683085612198e+01
4.682481328124999891e+02,-9.043098723944774520e+01
4.682484257812500346e+02,-9.001296969960537808e+01
4.682487187500000232e+02,-9.567067837561947385e+01
4.682490117187500118e+02,-1.001176448855211447e+02
4.682493046875000005e+02,-9.767942109277916529e+01
4.682495976562499891e+02,-9.648383253766181156e+01
4.682498906250000346e+02,-9.994170171422197768e+01
4.682501835937500232e+02,-9.425598159737772619e+01
4.682504765625000118e+02,-9.012530346693648653e+01
4.682507695312500005e+02,-8.989879005105821363e+01
4.682510624999999891e+02,-1.099435379117928164e+02
4.682513554687500346e+02,-9.356508613493372195e+01
4.682516484375000232e+02,-9.618632435329669761e+01
4.682519414062500118e+02,-9.218315951679996090e+01
4.682522343750000005e+02,-9.261227609957364848e+01
4.682525273437499891e+02,-9.385148833247647815e+01
4.682528203125000346e+02,-9.706314601258347352e+01
4.682531132812500232e+02,-9.519532114535215328e+01
4.682534062500000118e+02,-9.277189354753502926e+01
4.682536992187500005e+02,-9.501007185243381059e+01
4.682539921874999891e+02,-9.377685097739529851e+01
4.682542851562500346e+02,-1.012592625061854648e+02
4.682545781250000232e+02,-9.507992999238851439e+01
4.682548710937500118e+02,-9.465257677689902494e+01
4.682551640625000005e+02,-9.722173426135663021e+01
4.682554570312499891e+02,-9.287711281528736151e+01
4.682557500000000346e+02,-9.026153286860423464e+01
4.682560429687500232e+02,-9.252527004339802374e+01
4.682563359375000118e+02,-9.377061013848035032e+01
4.682566289062500005e+02,-9.376479767018743416e+01
4.682569218749999891e+02,-9.940309808605297803e+01
4.682572148437500346e+02,-9.835840751045721220e+01
4.682575078125000232e+02,-9.574725157340928661e+01
4.682578007812500118e+02,-8.845962046742577911e+01
4.682580937500000005e+02,-9.019296811546168158e+01
4.682583867187499891e+02,-8.968039155132041174e+01
4.682586796875000346e+02,-8.957260939324723381e+01
4.682589726562500232e+02,-9.487429670510141477e+01
4.682592656250000118e+02,-9.908923180235900929e+01
4.682595585937500005e+02,-9.650118490962880458e+01
4.682598515624999891e+02,-9.118660766263664641e+01
4.682601445312500346e+02,-9.371152571391831998e+01
4.682604375000000232e+02,-9.652185592019233695e+01
4.682607304687500118e+02,-9.067462968581975247e+01
4.682610234375000005e+02,-8.893989616000517628e+01
4.682613164062499891e+02,-9.058263497103892803e+01
4.682616093750000346e+02,-8.962764805514214572e+01
4.682619023437500232e+02,-9.101176414333554021e+01
4.682621953125000118e+02,-9.229137406208387517e+01
4.682624882812500005e+02,-1.004856534735287852e+02
4.682627812499999891e+02,-9.623469329036535669e+01
4.682630742187500346e+02,-9.481555979106349241e+01
4.682633671875000232e+02,-1.066774995860313311e+02
4.682636601562500118e+02,-1.017457467735832353e+02
4.682639531250000005e+02,-9.417269623077575602e+01
4.682642460937499891e+02,-9.711635913278928456e+01
4.682645390625000346e+02,-9.337200566190958284e+01
4.682648320312500232e+02,-9.462737075007142096e+01
4.682651250000000118e+02,-1.126261302686194341e+02
4.682654179687500005e+02,-1.100541181157567650e+02
4.682657109374999891e+02,-9.967633297968893658e+01
4.682660039062500346e+02,-9.493629870338244814e+01
4.682662968750000232e+02,-9.658715300869188525e+01
4.682665898437500118e+02,-8.793525333550243772e+01
4.682668828125000005e+02,-8.807197549808003600e+01
4.682671757812499891e+02,-8.989762000897123073e+01
4.682674687500000346e+02,-9.093828506972663206e+01
4.682677617187500232e+02,-9.490276287781836118e+01
4.682680546875000118e+02,-9.751656854555542964e+01
4.682683476562500005e+02,-8.880255015221011661e+01
4.682686406249999891e+02,-9.200852004310034715e+01
4.682689335937500346e+02,-9.385871880085255725e+01
4.682692265625000232e+02,-8.906978065828661784e+01
4.682695195312500118e+02,-9.524666657494341848e+01
4.682698125000000005e+02,-9.505640690562570683e+01
4.682701054687499891e+02,-9.169753640915386939e+01
4.682703984375000346e+02,-9.025379105687092363e+01
4.682706914062500232e+02,-9.033807757667520377e+01
4.682709843750000118e+02,-1.097478202979000770e+02
4.682712773437500005e+02,-9.081750950404752132e+01
4.682715703124999891e+02,-9.573209830101993134e+01
4.682718632812500346e+02,-9.631565069024216541e+01
4.682721562500000232e+02,-9.601258492528688748e+01
4.682724492187500118e+02,-9.572051105702217910e+01
4.682727421875000005e+02,-9.283625870223147558e+01
4.682730351562499891e+02,-8.989265361914033292e+01
4.682733281250000346e+02,-9.282171013789188407e+01
4.682736210937500232e+02,-9.273697502991737451e+01
4.682739140625000118e+02,-8.828351955698661868e+01
4.682742070312500005e+02,-9.255321317416149896e+01
4.682744999999999891e+02,-9.270566769760257841e+01
4.682747929687500346e+02,-9.154536303821386412e+01
4.682750859375000232e+02,-1.033277244139001425e+02
4.682753789062500118e+02,-9.487423750840478931e+01
4.682756718750000005e+02,-9.360720400802902930e+01
4.682759648437499891e+02,-9.192186742477902328e+01
4.682762578125000346e+02,-9.483264623125199932e+01
4.682765507812500232e+02,-9.049484825219062145e+01
4.682768437500000118e+02,-9.148231482335114606e+01
4.682771367187500005e+02,-9.412041279251461390e+01
4.682774296874999891e+02,-1.038340355488917339e+02
4.682777226562500346e+02,-9.919497964323035433e+01
4.682780156250000232e+02,-1.040131759397575451e+02
4.682783085937500118e+02,-9.377088834800751727e+01
4.682786015625000005e+02,-9.415524262992596505e+01
4.682788945312499891e+02,-9.794336834921858781e+01
4.682791875000000346e+02,-9.704744688086688598e+01
4.682794804687500232e+02,-9.926138299503344342e+01
4.682797734375000118e+02,-9.516333663218530603e+01
4.682800664062500005e+02,-9.081595343470175408e+01
4.682803593749999891e+02,-9.149718456041910031e+01
4.682806523437500346e+02,-9.220100707009983410e+01
4.682809453125000232e+02,-9.404012010121577703e+01
4.682812382812500118e+02,-1.103627961844038623e+02
4.682815312500000005e+02,-9.916966246222253289e+01
4.682818242187499891e+02,-9.198112939978928182e+01
4.682821171875000346e+02,-9.247568897840636737e+01
4.682824101562500232e+02,-9.819669921307703930e+01
4.682827031250000118e+02,-9.256482698544184018e+01
4.682829960937500005e+02,-9.007687095584010706e+01
4.682832890624999891e+02,-9.441983757704525715e+01
4.682835820312500346e+02,-8.810992903696039491e+01
4.682838750000000232e+02,-8.815464652276358493e+01
4.682841679687500118e+02,-9.315455155268347198e+01
4.682844609375000005e+02,-9.228186687060848215e+01
4.682847539062499891e+02,-8.823099005996759558e+01
4.682850468750000346e+02,-8.855690902144053211e+01
4.682853398437500232e+02,-9.436299241492426404e+01
4.682856328125000118e+02,-9.289729343088129099e+01
4.682859257812500005e+02,-9.842101436857493013e+01
4.682862187499999891e+02,-9.217518652002929969e+01
4.682865117187500346e+02,-9.480786106797441448e+01
4.682868046875000232e+02,-1.026595417924971230e+02
4.682870976562500118e+02,-9.886354037123888361e+01
4.682873906250000005e+02,-8.899649811923012521e+01
4.682876835937499891e+02,-9.130418200588192690e+01
4.682879765625000346e+02,-1.013698683231197606e+02
4.682882695312500232e+02,-9.280222481006671842e+01
4.682885625000000118e+02,-9.929769650587087426e+01
4.682888554687500005e+02,-9.979610688454170031e+01
4.682891484374999891e+02,-9.960972130378324607e+01
4.682894414062500346e+02,-8.953363272882185697e+01
4.682897343750000232e+02,-9.564443164020869403e+01
4.682900273437500118e+02,-9.167000464383228575e+01
4.682903203125000005e+02,-9.893777476903059664e+01
4.682906132812499891e+02,-1.134841687669691481e+02
4.682909062500000346e+02,-9.172260553405936889e+01
4.682911992187500232e+02,-9.106717024836183327e+01
4.682914921875000118e+02,-9.052793793623979468e+01
4.682917851562500005e+02,-9.440982636640953274e+01
4.682920781249999891e+02,-1.023098054313750538e+02
4.682923710937500346e+02,-9.431742043095113104e+01
4.682926640625000232e+02,-9.304342250206148890e+01
4.682929570312500118e+02,-9.476200778702911975e+01
4.682932500000000005e+02,-9.719558277267668700e+01
4.682935429687499891e+02,-9.492392449357657824e+01
4.682938359375000346e+02,-1.029480185236231335e+02
4.682941289062500232e+02,-9.431855817016898413e+01
4.682944218750000118e+02,-9.324364352041955328e+01
4.682947148437500005e+02,-1.000654379325920900e+02
4.682950078124999891e+02,-9.594899812734820443e+01
4.682953007812500346e+02,-9.717253407039012814e+01
4.682955937500000232e+02,-9.285336404726264448e+01
4.682958867187500118e+02,-9.252570086097583157e+01
4.682961796875000005e+02,-1.014185916595992722e+02
4.682964726562499891e+02,-9.996621261342546916e+01
4.682967656250000346e+02,-9.792892316404660846e+01
4.682970585937500232e+02,-9.882232611042996950e+01
4.682973515625000118e+02,-9.298489785004043995e+01
4.682976445312500005e+02,-9.053656019296987267e+01
4.682979374999999891e+02,-9.271034576366800195e+01
4.682982304687500346e+02,-8.982557130980822535e+01
4.682985234375000232e+02,-9.353430083741170620e+01
4.682988164062500118e+02,-1.041171365623735596e+02
4.682991093750000005e+02,-1.000023298966688543e+02
4.682994023437499891e+02,-9.686676221083145322e+01
4.682996953125000346e+02,-1.006721083367867777e+02
4.682999882812500232e+02,-1.045003376511642443e+02
4.683002812500000118e+02,-1.025300305262607878e+02
4.683005742187500005e+02,-1.103364801694185644e+02
4.683008671874999891e+02,-1.006353510094562012e+02
4.683011601562500346e+02,-9.044661562985456271e+01
4.683014531250000232e+02,-8.974751164177067153e+01
4.683017460937500118e+02,-1.004287552000529757e+02
4.683020390625000005e+02,-1.068109299146747304e+02
4.683023320312499891e+02,-9.042463952820432382e+01
4.683026250000000346e+02,-9.222249756807515553e+01
4.683029179687500232e+02,-9.268806233463450894e+01
4.683032109375000118e+02,-9.253569948328362216e+01
4.683035039062500005e+02,-8.778892767537584518e+01
4.683037968749999891e+02,-9.104391540848389752e+01
4.683040898437500346e+02,-9.456223926592821272e+01
4.683043828125000232e+02,-9.944078587590541929e+01
4.683046757812500118e+02,-9.427976773354521356e+01
4.683049687500000005e+02,-8.845507272170559077e+01
4.683052617187499891e+02,-8.682359131326202828e+01
4.683055546875000346e+02,-9.183609509593418352e+01
4.683058476562500232e+02,-1.037260729801541714e+02
4.683061406250000118e+02,-1.003396590976714862e+02
4.683064335937500005e+02,-1.041347777819012776e+02
4.683067265624999891e+02,-9.438156725465715624e+01
4.683070195312500346e+02,-9.009268095081742445e+01
4.683073125000000232e+02,-9.944949536661651734e+01
4.683076054687500118e+02,-9.461712204014730787e+01
4.683078984375000005e+02,-8.839710160141223128e+01
4.683081914062499891e+02,-9.109966706580665630e+01
4.683084843750000346e+02,-9.222666451544009192e+01
4.683087773437500232e+02,-8.867804875369938600e+01
4.683090703125000118e+02,-8.885726766247360331e+01
4.683093632812500005e+02,-9.685623088013701931e+01
4.683096562499999891e+02,-9.194195439322160723e+01
4.683099492187500346e+02,-8.899968005596248588e+01
4.683102421875000232e+02,-9.025898651540659046e+01
4.683105351562500118e+02,-9.832624174201386325e+01
4.683108281250000005e+02,-9.413128905171957683e+01
4.683111210937499891e+02,-8.960023279389682216e+01
4.683114140625000346e+02,-9.420026378233939113e+01
4.683117070312500232e+02,-1.011566163377389671e+02
4.683120000000000118e+02,-1.056867235472964808e+02
4.683122929687500005e+02,-9.796514623540878119e+01
4.683125859374999891e+02,-9.116440561015241428e+01
4.683128789062500346e+02,-9.295493912782312407e+01
4.683131718750000232e+02,-9.248557669804600323e+01
4.683134648437500118e+02,-9.571895054385235824e+01
4.683137578125000005e+02,-1.010819607319888007e+02
4.683140507812499891e+02,-1.018108404395388931e+02
4.683143437500000346e+02,-9.994669271284266188e+01
4.683146367187500232e+02,-1.017614856226091291e+02
4.683149296875000118e+02,-9.421859802086794389e+01
4.683152226562500005e+02,-9.477238819154776195e+01
4.683155156249999891e+02,-1.039189673741364288e+02
4.683158085937500346e+02,-9.744648354095652110e+01
4.683161015625000232e+02,-9.534187071659007984e+01
4.683163945312500118e+02,-9.605203084301689387e+01
4.683166875000000005e+02,-1.021871162763899292e+02
4.683169804687499891e+02,-9.689343834018181667e+01
4.683172734375000346e+02,-9.996756973499961418e+01
4.683175664062500232e+02,-1.000210951568689381e+02
4.683178593750000118e+02,-1.047208105577826700e+02
4.683181523437500005e+02,-9.494400534052300600e+01
4.683184453124999891e+02,-9.130838720009140275e+01
4.683187382812500346e+02,-9.683979075196987196e+01
4.683190312500000232e+02,-9.570905784618966550e+01
4.683193242187500118e+02,-1.004850477093654320e+02
4.683196171875000005e+02,-9.914049747660737921e+01
4.683199101562499891e+02,-9.163326087926461128e+01
4.683202031250000346e+02,-9.034903949980369475e+01
4.683204960937500232e+02,-9.239908654668903409e+01
4.683207890625000118e+02,-9.764148163431984528e+01
4.683210820312500005e+02,-1.014045178095177846e+02
4.683213749999999891e+02,-9.683537248767163419e+01
4.683216679687500346e+02,-9.443740327805221568e+01
4.683219609375000232e+02,-9.074782834668155829e+01
4.683222539062500118e+02,-8.883511301418620576e+01
4.683225468750000005e+02,-9.456210695583992276e+01
4.683228398437499891e+02,-1.250044304174632970e+02
4.683231328125000346e+02,-9.594762388307749745e+01
4.683234257812500232e+02,-9.904854536645628116e+01
4.683237187500000118e+02,-1.007701035487448991e+02
4.683240117187500005e+02,-9.240919373961126837e+01
4.683243046874999891e+02,-9.132102522442195891e+01
4.683245976562500346e+02,-9.276283842291091730e+01
4.683248906250000232e+02,-1.027372042606771885e+02
4.683251835937500118e+02,-9.140933036683314583e+01
4.683254765625000005e+02,-9.174033865585423086e+01
4.683257695312499891e+02,-9.127419568408944883e+01
4.683260625000000346e+02,-9.026423439042808639e+01
4.683263554687500232e+02,-9.977217260105697960e+01
4.683266484375000118e+02,-1.026322831598911307e+02
4.683269414062500005e+02,-9.522421689449410565e+01
4.683272343749999891e+02,-9.555130482379055934e+01
4.683275273437500346e+02,-9.696425422287074980e+01
4.683278203125000232e+02,-1.097027874055392402e+02
4.683281132812500118e+02,-1.107647826193811511e+02
4.683284062500000005e+02,-1.071305279675086126e+02
4.683286992187499891e+02,-9.868063509227579289e+01
4.683289921875000346e+02,-9.911053686743314017e+01
4.683292851562500232e+02,-9.683974497046607155e+01
4.683295781250000118e+02,-9.191843157071764381e+01
4.683298710937500005e+02,-9.351530461107238068e+01
4.683301640624999891e+02,-9.163790784098554809e+01
4.683304570312500346e+02,-1.090790062816878390e+02
4.683307500000000232e+02,-9.520492852526801641e+01
4.683310429687500118e+02,-9.515407739421134181e+01
4.683313359375000005e+02,-9.416617695217448158e+01
4.683316289062499891e+02,-9.985102989654774319e+01
4.683319218750000346e+02,-9.323373430662407202e+01
4.683322148437500232e+02,-9.150615192774095874e+01
4.683325078125000118e+02,-9.913763483747584360e+01
4.683328007812500005e+02,-9.425548035632493793e+01
4.683330937499999891e+02,-9.248025516201808216e+01
4.683333867187500346e+02,-9.060028005523719230e+01
4.683336796875000232e+02,-9.361950831007226270e+01
4.683339726562500118e+02,-9.294503731013698200e+01
4.683342656250000005e+02,-9.261684903055838447e+01
4.683345585937499891e+02,-9.662660632851182640e+01
4.683348515625000346e+02,-9.631167925141254216e+01
4.683351445312500232e+02,-9.309981707802540996e+01
4.683354375000000118e+02,-8.954597109357153784e+01
4.683357304687500005e+02,-9.085261232269556331e+01
4.683360234374999891e+02,-9.084486301362973393e+01
4.683363164062500346e+02,-9.744224319994759753e+01
4.683366093750000232e+02,-9.601344608282381898e+01
4.683369023437500118e+02,-9.664562561970902266e+01
4.683371953125000005e+02,-1.030165959069653354e+02
4.683374882812499891e+02,-9.340370310081233640e+01
4.683377812500000346e+02,-9.143022364776624045e+01
4.683380742187500232e+02,-9.439208119680171194e+01
4.683383671875000118e+02,-9.418919359793068224e+01
4.683386601562500005e+02,-9.247944591224066357e+01
4.683389531249999891e+02,-9.639790794829652043e+01
4.683392460937500346e+02,-9.374764053195335123e+01
4.683395390625000232e+02,-9.196113774185269563e+01
4.683398320312500118e+02,-9.401657423974491223e+01
4.683401250000000005e+02,-9.349957755478160948e+01
4.683404179687499891e+02,-9.664671182081474399e+01
4.683407109375000346e+02,-1.024894639874349309e+02
4.683410039062500232e+02,-1.008453116033297050e+02
4.683412968750000118e+02,-9.464374804867006219e+01
4.683415898437500005e+02,-9.552653954428362226e+01
4.683418828124999891e+02,-9.349953738548296656e+01
4.683421757812500346e+02,-9.248582227420428126e+01
4.683424687500000232e+02,-1.022331847349034604e+02
4.683427617187500118e+02,-9.117406663106849862e+01
4.683430546875000005e+02,-9.031805614305375229e+01
4.683433476562499891e+02,-9.906083072763387065e+01
4.683436406250000346e+02,-1.028091322445967535e+02
4.683439335937500232e+02,-9.313938620815829950e+01
4.683442265625000118e+02,-9.307158272145004219e+01
4.683445195312500005e+02,-9.243588268843853939e+01
4.683448124999999891e+02,-9.594820313525468691e+01
4.683451054687500346e+02,-9.261122902998019413e+01
4.683453984375000232e+02,-1.012880759431331654e+02
4.683456914062500118e+02,-9.451668565660474997e+01
4.683459843750000005e+02,-9.653652445357539591e+01
4.683462773437499891e+02,-9.776708323242820597e+01
4.683465703125000346e+02,-1.037228703229091877e+02
4.683468632812500232e+02,-8.954629332379637674e+01
4.683471562500000118e+02,-8.911134190007024358e+01
4.683474492187500005e+02,-9.552197273410538969e+01
4.683477421874999891e+02,-1.082612609732777997e+02
4.683480351562500346e+02,-9.755045850112752248e+01
4.683483281250000232e+02,-9.332568126214934523e+01
4.683486210937500118e+02,-9.301582177823839004e+01
4.683489140625000005e+02,-9.476462911822741830e+01
4.683492070312499891e+02,-9.651072687159779662e+01
4.683495000000000346e+02,-9.815277814201198225e+01
4.683497929687500232e+02,-9.459517040009458810e+01
4.683500859375000118e+02,-1.046215166754708719e+02
4.683503789062500005e+02,-9.745647976184025651e+01
4.683506718749999891e+02,-9.561555456348166615e+01
4.683509648437500346e+02,-1.020775595640136544e+02
4.683512578125000232e+02,-1.108752405050789349e+02
4.683515507812500118e+02,-1.105073909449666019e+02
4.683518437500000005e+02,-1.055948700461397607e+02
4.683521367187499891e+02,-1.016697379388340039e+02
4.683524296875000346e+02,-1.057083670257243568e+02
4.683527226562500232e+02,-9.631416661135405377e+01
4.683530156250000118e+02,-9.977770060736958158e+01
4.683533085937500005e+02,-9.967782301599831385e+01
4.683536015624999891e+02,-9.445445930409889002e+01
4.683538945312500346e+02,-9.098523833677553796e+01
4.683541875000000232e+02,-9.321549179344806646e+01
4.683544804687500118e+02,-9.715557002474722026e+01
4.683547734375000005e+02,-1.069082698490853716e+02
4.683550664062499891e+02,-9.782866159489054780e+01
4.683553593750000346e+02,-9.634918832971079894e+01
4.683556523437500232e+02,-9.394608181451138762e+01
4.683559453125000118e+02,-1.005556861827517423e+02
4.683562382812500005e+02,-9.540340992121093677e+01
4.683565312499999891e+02,-1.056601562661392677e+02
4.683568242187500346e+02,-9.912550874437782511e+01
4.683571171875000232e+02,-9.985005231026855199e+01
4.683574101562500118e+02,-1.028933114324766365e+02
4.683577031250000005e+02,-9.616656076730612313e+01
4.683579960937499891e+02,-9.993534836259989618e+01
4.683582890625000346e+02,-1.048774567185814846e+02
4.683585820312500232e+02,-9.904742325909042222e+01
4.683588750000000118e+02,-9.342606078853117424e+01
4.683591679687500005e+02,-9.234278580588073737e+01
4.683594609374999891e+02,-9.168575332092935071e+01
4.683597539062500346e+02,-9.357777517099131614e+01
4.683600468750000232e+02,-1.009645672027263430e+02
4.683603398437500118e+02,-9.900595289012935041e+01
4.683606328125000005e+02,-1.137349571087042222e+02
4.683609257812499891e+02,-1.024847137051247756e+02
4.683612187500000346e+02,-9.231418770476155089e+01
4.683615117187500232e+02,-9.188320648867255613e+01
4.683618046875000118e+02,-9.780268715428478288e+01
4.683620976562500005e+02,-9.748787448310962134e+01
4.683623906249999891e+02,-9.646619778049588945e+01
4.683626835937500346e+02,-1.028653711328518341e+02
4.683629765625000232e+02,-1.016652389850278837e+02
4.683632695312500118e+02,-9.679954770812672393e+01
4.683635625000000005e+02,-9.681610837542149284e+01
4.683638554687499891e+02,-9.609527367693146971e+01
4.683641484375000346e+02,-9.399563788979924084e+01
4.683644414062500232e+02,-1.026658990894751611e+02
4.683647343750000118e+02,-9.116663222788837118e+01
4.683650273437500005e+02,-8.905956334280756437e+01
4.683653203124999891e+02,-9.240471147780054650e+01
4.683656132812500346e+02,-9.752990112097471354e+01
4.683659062500000232e+02,-1.093694057117690761e+02
4.683661992187500118e+02,-9.620421978037822441e+01
4.683664921875000005e+02,-9.477238733413003047e+01
4.683667851562499891e+02,-9.936900039058781431e+01
4.683670781250000346e+02,-9.165861422996412955e+01
4.683673710937500232e+02,-9.117695716464143629e+01
4.683676640625000118e+02,-9.847032585757752088e+01
4.683679570312500005e+02,-9.813161868954132672e+01
4.683682499999999891e+02,-9.431324550607757828e+01
4.683685429687500346e+02,-9.560112055296416145e+01
4.683688359375000232e+02,-1.038528710567604207e+02
4.683691289062500118e+02,-1.165956132026053496e+02
4.683694218750000005e+02,-9.675142166232218699e+01
4.683697148437499891e+02,-9.823402744398185860e+01
4.683700078125000346e+02,-1.041276377248170348e+02
4.683703007812500232e+02,-9.399040070538671898e+01
4.683705937500000118e+02,-9.651990850652184406e+01
4.683708867187500005e+02,-1.134866840667548473e+02
4.683711796874999891e+02,-9.678520843318884204e+01
4.683714726562500346e+02,-9.685850644869005066e+01
4.683717656250000232e+02,-9.535016379549909971e+01
4.683720585937500118e+02,-8.923257764807257786e+01
4.683723515625000005e+02,-8.738236895679875715e+01
4.683726445312499891e+02,-8.841339827128742002e+01
4.683729375000000346e+02,-9.230581127555170440e+01
4.683732304687500232e+02,-9.539897008041180015e+01
4.683735234375000118e+02,-1.097078452784514866e+02
4.683738164062500005e+02,-1.059800570292065771e+02
4.683741093749999891e+02,-1.052627313937551605e+02
4.683744023437500346e+02,-1.001537392433374976e+02
4.683746953125000232e+02,-1.002338965612250377e+02
4.683749882812500118e+02,-9.169342450746469808e+01
4.683752812500000005e+02,-9.411590142417686877e+01
4.683755742187499891e+02,-1.039282215456280056e+02
4.683758671875000346e+02,-1.004798420581103215e+02
4.683761601562500232e+02,-9.160619423152674301e+01
4.683764531250000118e+02,-9.586621504802403138e+01
4.683767460937500005e+02,-1.036531509240945184e+02
4.683770390624999891e+02,-9.578591150703631740e+01
4.683773320312500346e+02,-9.620266976665762115e+01
4.683776250000000232e+02,-9.500691157105580942e+01
4.683779179687500118e+02,-9.673777285378696433e+01
4.683782109375000005e+02,-1.057625006805636616e+02
4.683785039062499891e+02,-1.098438828535953746e+02
4.683787968750000346e+02,-1.106260881966650516e+02
4.683790898437500232e+02,-1.152420215286618657e+02
4.683793828125000118e+02,-9.832595798676861421e+01
4.683796757812500005e+02,-9.275824999379649682e+01
4.683799687499999891e+02,-9.757291712448136423e+01
4.683802617187500346e+02,-1.019562498367957346e+02
4.683805546875000232e+02,-9.564354197340661301e+01
4.683808476562500118e+02,-9.606410113000164586e+01
4.683811406250000005e+02,-9.063491658043275834e+01
4.683814335937499891e+02,-9.150911570252827687e+01
4.683817265625000346e+02,-9.270027728752266682e+01
4.683820195312500232e+02,-9.865100332153429008e+01
4.683823125000000118e+02,-1.033938061148273135e+02
4.683826054687500005e+02,-9.744692321404474455e+01
4.683828984374999891e+02,-9.752250026910905945e+01
4.683831914062500346e+02,-9.482799146263091927e+01
4.683834843750000232e+02,-9.992802359577581228e+01
4.683837773437500118e+02,-9.735133892640334352e+01
4.683840703125000005e+02,-9.203377280371358893e+01
4.683843632812499891e+02,-9.498479568897296588e+01
4.683846562500000346e+02,-9.378074213159658257e+01
4.683849492187500232e+02,-1.050567016227180943e+02
4.683852421875000118e+02,-9.365412316180653818e+01
4.683855351562500005e+02,-9.139642138265074323e+01
4.683858281249999891e+02,-9.690464115533717404e+01
4.683861210937500346e+02,-1.036757738981630439e+02
4.683864140625000232e+02,-1.011814903263914118e+02
4.683867070312500118e+02,-9.253363641999899869e+01
4.683870000000000005e+02,-9.282445605119482934e+01
4.683872929687499891e+02,-1.035528154391707858e+02
4.683875859375000346e+02,-9.321710194489675416e+01
4.683878789062500232e+02,-9.225664263999644277e+01
4.683881718750000118e+02,-9.895213821461986470e+01
4.683884648437500005e+02,-9.871527444256560102e+01
4.683887578124999891e+02,-9.675429827035517860e+01
4.683890507812500346e+02,-1.068455144988019185e+02
4.683893437500000232e+02,-1.364608986805897928e+02
4.683896367187500118e+02,-9.445230457719404171e+01
4.683899296875000005e+02,-8.685894198417018686e+01
4.683902226562499891e+02,-8.687871902301790783e+01
4.683905156250000346e+02,-9.323001078538625563e+01
4.683908085937500232e+02,-9.870375199889653572e+01
4.683911015625000118e+02,-9.767239752317507850e+01
4.683913945312500005e+02,-1.007397404885036849e+02
4.683916874999999891e+02,-9.136820591774588252e+01
4.683919804687500346e+02,-9.052328165424671624e+01
4.683922734375000232e+02,-1.017097678669789218e+02
4.683925664062500118e+02,-1.062624479526492678e+02
4.683928593750000005e+02,-9.765807715646361942e+01
4.683931523437499891e+02,-9.320795531385698496e+01
4.683934453125000346e+02,-9.390568797088573660e+01
4.683937382812500232e+02,-9.771354829210611115e+01
4.683940312500000118e+02,-9.530845570753429286e+01
4.683943242187500005e+02,-9.527504520438344571e+01
4.683946171874999891e+02,-9.002469307802272169e+01
4.683949101562500346e+02,-8.840285804825725791e+01
4.683952031250000232e+02,-9.652637939829398306e+01
4.683954960937500118e+02,-9.347651236652941975e+01
4.683957890625000005e+02,-9.427970232390893557e+01
4.683960820312499891e+02,-9.916415181810471324e+01
4.683963750000000346e+02,-9.646905266244726818e+01
4.683966679687500232e+02,-9.159507060615290186e+01
4.683969609375000118e+02,-9.902855527203441000e+01
4.683972539062500005e+02,-1.028792383089651707e+02
4.683975468749999891e+02,-9.450046371606723028e+01
4.683978398437500346e+02,-9.931341317489581400e+01
4.683981328125000232e+02,-9.701171532256013563e+01
4.683984257812500118e+02,-9.715088806442247460e+01
4.683987187500000005e+02,-9.464816799128284686e+01
4.683990117187499891e+02,-9.272441411826358149e+01
4.683993046875000346e+02,-9.895602461946498352e+01
4.683995976562500232e+02,-1.117039238271115522e+02
4.683998906250000118e+02,-1.001738626093470543e+02
4.684001835937500005e+02,-9.907969013416888515e+01
4.684004765624999891e+02,-9.463787951206219873e+01
4.684007695312500346e+02,-9.083924198293109953e+01
4.684010625000000232e+02,-9.803570154122490976e+01
4.684013554687500118e+02,-9.089286774959219883e+01
4.684016484375000005e+02,-8.944371822013367535e+01
4.684019414062499891e+02,-9.358059057446594409e+01
4.684022343750000346e+02,-9.767838669818799247e+01
4.684025273437500232e+02,-9.788249933158542149e+01
4.684028203125000118e+02,-1.025371380504563632e+02
4.684031132812500005e+02,-9.731375515200895165e+01
4.684034062499999891e+02,-1.162961331011279356e+02
4.684036992187500346e+02,-9.902606885111502777e+01
4.684039921875000232e+02,-8.993993831172650744e+01
4.684042851562500118e+02,-9.128520923437389456e+01
4.684045781250000005e+02,-9.168827354889600656e+01
4.684048710937499891e+02,-9.407954261106849003e+01
4.684051640625000346e+02,-1.074633862315314161e+02
4.684054570312500232e+02,-9.786478034315548769e+01
4.684057500000000118e+02,-1.141459536189395294e+02
4.684060429687500005e+02,-1.007796014256091013e+02
4.684063359374999891e+02,-9.958515978948085490e+01
4.684066289062500346e+02,-1.003725256291849490e+02
4.684069218750000232e+02,-9.039455391941386608e+01
4.684072148437500118e+02,-9.215936855513223236e+01
4.684075078125000005e+02,-1.033274775299599071e+02
4.684078007812499891e+02,-1.031623910717721628e+02
4.684080937500000346e+02,-1.041966341822417377e+02
4.684083867187500232e+02,-9.385079406957942183e+01
4.684086796875000118e+02,-1.022332473807415170e+02
4.684089726562500005e+02,-9.313609805285582866e+01
4.684092656249999891e+02,-9.488827551898293677e+01
4.684095585937500346e+02,-9.905890212743958045e+01
4.684098515625000232e+02,-1.074439578379742102e+02
4.684101445312500118e+02,-1.066050942132795143e+02
4.684104375000000005e+02,-1.040089475750241661e+02
4.684107304687499891e+02,-1.009676307326032116e+02
4.684110234375000346e+02,-1.024994415413179922e+02
4.684113164062500232e+02,-9.690353643921127968e+01
4.684116093750000118e+02,-9.030589320698227596e+01
4.684119023437500005e+02,-8.908334048580567810e+01
4.684121953124999891e+02,-1.013833761874963102e+02
4.684124882812500346e+02,-9.382286522982582255e+01
4.684127812500000232e+02,-9.410246704477785329e+01
4.684130742187500118e+02,-9.861661995994346341e+01
4.684133671875000005e+02,-9.629913659348000010e+01
4.684136601562499891e+02,-9.764289079639389968e+01
4.684139531250000346e+02,-1.064445489799057896e+02
4.684142460937500232e+02,-1.106629803026594345e+02
4.684145390625000118e+02,-1.168576775839043336e+02
4.684148320312500005e+02,-9.905118048738691527e+01
4.684151249999999891e+02,-1.084244343330693425e+02
4.684154179687500346e+02,-1.002499758285340050e+02
4.684157109375000232e+02,-9.565434574921484057e+01
4.684160039062500118e+02,-9.282948384044871659e+01
4.684162968750000005e+02,-9.675363070237071383e+01
4.684165898437499891e+02,-9.797326321296856122e+01
4.684168828125000346e+02,-9.134076569377285182e+01
4.684171757812500232e+02,-9.433027865646127452e+01
4.684174687500000118e+02,-1.003819080710264444e+02
4.684177617187500005e+02,-9.622732055045750599e+01
4.684180546874999891e+02,-9.354786253528921236e+01
4.684183476562500346e+02,-9.276342383084526944e+01
4.684186406250000232e+02,-1.006424306969995399e+02
4.684189335937500118e+02,-9.879018933381318845e+01
4.684192265625000005e+02,-9.638600252436462767e+01
4.684195195312499891e+02,-9.553693895196714436e+01
4.684198125000000346e+02,-9.798335097027083407e+01
4.684201054687500232e+02,-1.064080107042734085e+02
4.684203984375000118e+02,-1.009104991887181910e+02
4.684206914062500005e+02,-9.290953489254611952e+01
4.684209843749999891e+02,-9.161751111669966008e+01
4.684212773437500346e+02,-9.591177173251685417e+01
4.684215703125000232e+02,-9.945743758787125444e+01
4.684218632812500118e+02,-9.634757421893871765e+01
4.684221562500000005e+02,-1.047544813021150958e+02
4.684224492187499891e+02,-1.061378860274736837e+02
4.684227421875000346e+02,-9.633875790100330505e+01
4.684230351562500232e+02,-9.202274668484622566e+01
4.684233281250000118e+02,-9.045726698529024645e+01
4.684236210937500005e+02,-9.150133150669785209e+01
4.684239140624999891e+02,-9.218536521749628321e+01
4.684242070312500346e+02,-9.799675953357635194e+01
4.684245000000000232e+02,-1.136241452794232742e+02
4.684247929687500118e+02,-1.094984620581310395e+02
4.684250859375000005e+02,-9.505790569723154704e+01
4.684253789062499891e+02,-9.249136189670372232e+01
4.684256718750000346e+02,-9.660011648464384848e+01
4.684259648437500232e+02,-1.017501110976875367e+02
4.684262578125000118e+02,-9.764774369288305422e+01
4.684265507812500005e+02,-1.009084682485020892e+02
4.684268437499999891e+02,-1.003483022221608820e+02
4.684271367187500346e+02,-9.933179903887472051e+01
4.684274296875000232e+02,-1.129495765757857839e+02
4.684277226562500118e+02,-1.017288813039141360e+02
4.684280156250000005e+02,-1.017714736798731820e+02
4.684283085937499891e+02,-1.004584285374059220e+02
4.684286015625000346e+02,-9.867845632075840001e+01
4.684288945312500232e+02,-9.835221029063404785e+01
4.684291875000000118e+02,-1.084906482484382053e+02
4.684294804687500005e+02,-1.030183470788181666e+02
4.684297734374999891e+02,-9.583050087244588155e+01
4.684300664062500346e+02,-9.897829573424780847e+01
4.684303593750000232e+02,-1.003972692569373066e+02
4.684306523437500118e+02,-9.692042785366511737e+01
4.684309453125000005e+02,-1.016888937171107159e+02
4.684312382812499891e+02,-9.264471651881108016e+01
4.684315312500000346e+02,-9.645063403449390194e+01
4.684318242187500232e+02,-1.032703614990501961e+02
4.684321171875000118e+02,-1.071851927489275056e+02
4.684324101562500005e+02,-1.033391541332822214e+02
4.684327031249999891e+02,-9.544658577659710375e+01
4.684329960937500346e+02,-9.675041325583947582e+01
4.684332890625000232e+02,-9.449352451191123237e+01
4.684335820312500118e+02,-9.897215709808483552e+01
4.684338750000000005e+02,-1.037161436203099498e+02
4.684341679687499891e+02,-9.602106319082554364e+01
4.684344609375000346e+02,-9.371429937176351643e+01
4.684347539062500232e+02,-9.176597894460024918e+01
4.684350468750000118e+02,-9.830627486724327468e+01
4.684353398437500005e+02,-1.038276242236719611e+02
4.684356328124999891e+02,-1.063480808648311040e+02
4.684359257812500346e+02,-9.637437727897525974e+01
4.684362187500000232e+02,-9.451930644448979990e+01
4.684365117187500118e+02,-1.002383374622480403e+02
4.684368046875000005e+02,-1.051597671273679993e+02
4.684370976562499891e+02,-9.919515983001481629e+01
4.684373906250000346e+02,-9.360113244139816402e+01
4.684376835937500232e+02,-9.482662891061011123e+01
4.684379765625000118e+02,-1.006097818333952745e+02
4.684382695312500005e+02,-1.047466116796146025e+02
4.684385624999999891e+02,-1.072655296107446929e+02
4.684388554687500346e+02,-1.068624882634697002e+02
4.684391484375000232e+02,-1.049305381669271071e+02
4.684394414062500118e+02,-1.016237102808052839e+02
4.684397343750000005e+02,-9.351105731431687218e+01
4.684400273437499891e+02,-9.306066956715555705e+01
4.684403203125000346e+02,-1.063264036547292477e+02
4.684406132812500232e+02,-9.396508391870668220e+01
4.684409062500000118e+02,-9.344975578130964777e+01
4.684411992187500005e+02,-1.064375417703361961e+02
4.684414921874999891e+02,-1.056532613598051995e+02
4.684417851562500346e+02,-9.713891739624403954e+01
4.684420781250000232e+02,-9.918488573259067209e+01
4.684423710937500118e+02,-1.020225656117027313e+02
4.684426640625000005e+02,-1.086427653453816333e+02
4.684429570312499891e+02,-9.952351698681057712e+01
4.684432500000000346e+02,-1.128091663702080609e+02
4.684435429687500232e+02,-9.969460337704234121e+01
4.684438359375000118e+02,-9.651136822385929293e+01
4.684441289062500005e+02,-1.020218136898537722e+02
4.684444218749999891e+02,-1.013439076038925180e+02
4.684447148437500346e+02,-9.692962730090677326e+01
4.684450078125000232e+02,-9.533818855762706335e+01
4.684453007812500118e+02,-9.679219681955532906e+01
4.684455937500000005e+02,-1.022964806000429689e+02
4.684458867187499891e+02,-9.788735718682519860e+01
4.684461796875000346e+02,-9.962592874864994030e+01
4.684464726562500232e+02,-9.914348729078079714e+01
4.684467656250000118e+02,-9.820952142178251165e+01
4.684470585937500005e+02,-1.011331874193666778e+02
4.684473515624999891e+02,-1.008940957233135691e+02
4.684476445312500346e+02,-9.421153852672105700e+01
4.684479375000000232e+02,-9.866950327677288612e+01
4.684482304687500118e+02,-1.079471455146511261e+02
4.684485234375000005e+02,-1.006583549176644681e+02
4.684488164062499891e+02,-1.107809836060923203e+02
4.684491093750000346e+02,-9.415703659405521364e+01
4.684494023437500232e+02,-9.279804060937001964e+01
4.684496953125000118e+02,-1.062055318909044104e+02
4.684499882812500005e+02,-9.236650397542702251e+01
4.684502812499999891e+02,-9.917848833369779982e+01
4.684505742187500346e+02,-1.015424932709721304e+02
4.684508671875000232e+02,-9.932657839154018120e+01
4.684511601562500118e+02,-9.807036092116895531e+01
4.684514531250000005e+02,-9.426480907374883600e+01
4.684517460937499891e+02,-9.710816013097924326e+01
4.684520390625000346e+02,-9.736372707896111933e+01
4.684523320312500232e+02,-9.554228070654804128e+01
4.684526250000000118e+02,-1.021900832005135840e+02
4.684529179687500005e+02,-9.707187497603699455e+01
4.684532109374999891e+02,-9.587592717746341009e+01
4.684535039062500346e+02,-9.480067038029250170e+01
4.684537968750000232e+02,-9.458855007838639040e+01
4.684540898437500118e+02,-9.233850137955771231e+01
4.684543828125000005e+02,-9.720706639444048847e+01
4.684546757812499891e+02,-9.460479758316843402e+01
4.684549687500000346e+02,-1.017127770984451018e+02
4.684552617187500232e+02,-1.032141963228351926e+02
4.684555546875000118e+02,-1.115539063963096709e+02
4.684558476562500005e+02,-9.991250235312315908e+01
4.684561406249999891e+02,-9.911589365001786689e+01
4.684564335937500346e+02,-9.654068646242207308e+01
4.684567265625000232e+02,-9.390016454504868193e+01
4.684570195312500118e+02,-9.124963804654102262e+01
4.684573125000000005e+02,-9.274091496076127328e+01
4.684576054687499891e+02,-9.356796499193437455e+01
4.684578984375000346e+02,-9.189466410712846312e+01
4.684581914062500232e+02,-1.020934736149018818e+02
4.684584843750000118e+02,-1.063876893009910134e+02
4.684587773437500005e+02,-9.657080173420115443e+01
4.684590703124999891e+02,-9.556732994225426125e+01
4.684593632812500346e+02,-9.520455160130586592e+01
4.684596562500000232e+02,-9.506164102773324487e+01
4.684599492187500118e+02,-1.038283060086485250e+02
4.684602421875000005e+02,-1.005331707589048875e+02
4.684605351562499891e+02,-1.032187253049659859e+02
4.684608281250000346e+02,-1.093492334383396951e+02
4.684611210937500232e+02,-1.028629978784865102e+02
4.684614140625000118e+02,-1.012495760030401470e+02
4.684617070312500005e+02,-1.012427051567604224e+02
4.684619999999999891e+02,-9.610978517665773779e+01
4.684622929687500346e+02,-9.326293185750147074e+01
4.684625859375000232e+02,-9.597233577708811936e+01
4.684628789062500118e+02,-1.026408955090020214e+02
4.684631718750000005e+02,-1.099621231027456076e+02
4.684634648437499891e+02,-9.399230196941722681e+01
4.684637578125000346e+02,-8.910140262624749141e+01
4.684640507812500232e+02,-9.032138085179772702e+01
4.684643437500000118e+02,-1.048347763480450254e+02
4.684646367187500005e+02,-9.824820269150970375e+01
4.684649296874999891e+02,-1.057531669781068473e+02
4.684652226562500346e+02,-1.043378030364554121e+02
4.684655156250000232e+02,-1.010342887862299079e+02
4.684658085937500118e+02,-1.044594374096575393e+02
4.684661015625000005e+02,-1.024361762811572305e+02
4.684663945312499891e+02,-9.492772431233734665e+01
4.684666875000000346e+02,-9.334707053890532791e+01
4.684669804687500232e+02,-9.521828263104575285e+01
4.684672734375000118e+02,-9.605317551583171110e+01
4.684675664062500005e+02,-9.467440155222766407e+01
4.684678593749999891e+02,-1.025305553389332260e+02
4.684681523437500346e+02,-1.068211732256489483e+02
4.684684453125000232e+02,-9.543718309377371156e+01
4.684687382812500118e+02,-9.598360622214806881e+01
4.684690312500000005e+02,-9.605730099577442616e+01
4.684693242187499891e+02,-9.529882510270547868e+01
4.684696171875000346e+02,-1.109989529827252568e+02
4.684699101562500232e+02,-1.088972454908907963e+02
4.684702031250000118e+02,-1.063265700955859927e+02
4.684704960937500005e+02,-1.055742741523423689e+02
4.684707890624999891e+02,-9.790052111213228159e+01
4.684710820312500346e+02,-9.390257752386530399e+01
4.684713750000000232e+02,-9.455327493210708667e+01
4.684716679687500118e+02,-9.895145326130335661e+01
4.684719609375000005e+02,-9.339689767195325487e+01
4.684722539062499891e+02,-1.009862751134168093e+02
4.684725468750000346e+02,-1.001458183997431490e+02
4.684728398437500232e+02,-9.694948673171737141e+01
4.684731328125000118e+02,-1.113358088153156586e+02
4.684734257812500005e+02,-9.614307683758613621e+01
4.684737187499999891e+02,-9.379251106976560948e+01
4.684740117187500346e+02,-9.318850799318995826e+01
4.684743046875000232e+02,-9.602987246114089714e+01
4.684745976562500118e+02,-9.971350309713655236e+01
4.684748906250000005e+02,-9.342110138334687974e+01
4.684751835937499891e+02,-9.523583175247426880e+01
4.684754765625000346e+02,-9.475752554774189207e+01
4.684757695312500232e+02,-9.622532430108385881e+01
4.684760625000000118e+02,-9.714729713493633767e+01
4.684763554687500005e+02,-1.042306964156716020e+02
4.684766484374999891e+02,-1.031950542835221825e+02
4.684769414062500346e+02,-1.129697515403049692e+02
4.684772343750000232e+02,-9.202791098624348365e+01
4.684775273437500118e+02,-9.435881877854626509e+01
4.684778203125000005e+02,-1.102661525515030121e+02
4.684781132812499891e+02,-1.066126067400815316e+02
4.684784062500000346e+02,-1.005871402254206259e+02
4.684786992187500232e+02,-1.021462874568899650e+02
4.684789921875000118e+02,-9.756915604621437410e+01
4.684792851562500005e+02,-9.616836049840030398e+01
4.684795781249999891e+02,-9.997926098642557236e+01
4.684798710937500346e+02,-1.072424159119270826e+02
4.684801640625000232e+02,-1.052523583613788247e+02
4.684804570312500118e+02,-1.041802321489429914e+02
4.684807500000000005e+02,-1.003744354066666631e+02
4.684810429687499891e+02,-1.052278938987834920e+02
4.684813359375000346e+02,-9.830396258961343392e+01
4.684816289062500232e+02,-9.538228031594458400e+01
4.684819218750000118e+02,-9.539673506485692656e+01
4.684822148437500005e+02,-9.886579486890708779e+01
4.684825078124999891e+02,-9.478860140543703494e+01
4.684828007812500346e+02,-9.163978553777585034e+01
4.684830937500000232e+02,-9.143982743517733525e+01
4.684833867187500118e+02,-9.542659941603048424e+01
4.684836796875000005e+02,-1.024075004697621836e+02
4.684839726562499891e+02,-1.003693796247406738e+02
4.684842656250000346e+02,-9.782519606277233493e+01
4.684845585937500232e+02,-9.782557682306691049e+01
4.684848515625000118e+02,-9.667172724831429775e+01
4.684851445312500005e+02,-9.726409605096662858e+01
4.684854374999999891e+02,-9.468707469038982083e+01
4.684857304687500346e+02,-9.540670074057780425e+01
4.684860234375000232e+02,-9.577532309232935859e+01
4.684863164062500118e+02,-1.011108779436783607e+02
4.684866093750000005e+02,-1.032813609285459790e+02
4.684869023437499891e+02,-1.042022996547059819e+02
4.684871953125000346e+02,-1.042326312513117301e+02
4.684874882812500232e+02,-9.621159561124895276e+01
4.684877812500000118e+02,-9.776261583011736889e+01
4.684880742187500005e+02,-1.033532208339722729e+02
4.684883671874999891e+02,-1.007058246324036759e+02
4.684886601562500346e+02,-9.229918146245006483e+01
4.684889531250000232e+02,-9.378309466197768529e+01
4.684892460937500118e+02,-9.448188878469055396e+01
4.684895390625000005e+02,-9.749424128744622919e+01
4.684898320312499891e+02,-1.005385471384311700e+02
4.684901250000000346e+02,-9.770022801818714697e+01
4.684904179687500232e+02,-1.025979493874771435e+02
4.684907109375000118e+02,-9.861372014653811391e+01
4.684910039062500005e+02,-9.903904314084661564e+01
4.684912968749999891e+02,-1.046953487732023547e+02
4.684915898437500346e+02,-1.012445004274860878e+02
4.684918828125000232e+02,-9.197032964998969362e+01
4.684921757812500118e+02,-1.022990338692597589e+02
4.684924687500000005e+02,-9.828000349303863459e+01
4.684927617187499891e+02,-9.987588354546596747e+01
4.684930546875000346e+02,-9.589254930340281646e+01
4.684933476562500232e+02,-1.153476798493520761e+02
4.684936406250000118e+02,-9.850972373987374908e+01
4.684939335937500005e+02,-9.984810363853328852e+01
4.684942265624999891e+02,-1.019410428700597890e+02
4.684945195312500346e+02,-1.015582629474909169e+02
4.684948125000000232e+02,-1.008035964624333758e+02
4.684951054687500118e+02,-1.055821047955760008e+02
4.684953984375000005e+02,-1.000858187829853421e+02
4.684956914062499891e+02,-9.898186132416590510e+01
4.684959843750000346e+02,-9.415184632333992454e+01
4.684962773437500232e+02,-1.011002076781620360e+02
4.684965703125000118e+02,-9.980312348222453522e+01
4.684968632812500005e+02,-1.015153762426401727e+02
4.684971562499999891e+02,-1.193880336552526131e+02
4.684974492187500346e+02,-9.577947503622351633e+01
4.684977421875000232e+02,-1.068247742264802156e+02
4.684980351562500118e+02,-9.701573171983577026e+01
4.684983281250000005e+02,-9.376956976709462310e+01
4.684986210937499891e+02,-9.470116219769379029e+01
4.684989140625000346e+02,-1.088776586594734113e+02
4.684992070312500232e+02,-9.892662186642718325e+01
4.684995000000000118e+02,-9.471449393962140562e+01
4.684997929687500005e+02,-9.537553995337898982e+01
4.685000859374999891e+02,-9.663621404917262225e+01
4.685003789062500346e+02,-1.030714681096412022e+02
4.685006718750000232e+02,-1.002974654410999733e+02
4.685009648437500118e+02,-9.485170670835087492e+01
4.685012578125000005e+02,-9.370693019755428566e+01
4.685015507812499891e+02,-1.040374855421256655e+02
4.685018437500000346e+02,-9.669440165748595462e+01
4.685021367187500232e+02,-1.058643575189399400e+02
4.685024296875000118e+02,-9.824408871643396424e+01
4.685027226562500005e+02,-1.015205355820710906e+02
4.685030156249999891e+02,-1.039601195450057673e+02
4.685033085937500346e+02,-1.046491787586199962e+02
4.685036015625000232e+02,-1.000894255097507113e+02
4.685038945312500118e+02,-1.004126873293691489e+02
4.685041875000000005e+02,-1.037555770979864889e+02
4.685044804687499891e+02,-1.031239636582892274e+02
4.685047734375000346e+02,-1.079918297551159867e+02
4.685050664062500232e+02,-9.612651469178470620e+01
4.685053593750000118e+02,-9.861658759468271285e+01
4.685056523437500005e+02,-1.028701202841599240e+02
4.685059453124999891e+02,-9.909544729160968757e+01
4.685062382812500346e+02,-1.026320636807789981e+02
4.685065312500000232e+02,-1.042418502541285648e+02
4.685068242187500118e+02,-1.145350831893679242e+02
4.685071171875000005e+02,-1.065870756357808489e+02
4.685074101562499891e+02,-1.029878717828524088e+02
4.685077031250000346e+02,-9.902945122291912128e+01
4.685079960937500232e+02,-1.004123487281332814e+02
4.685082890625000118e+02,-1.058975423547175154e+02
4.685085820312500005e+02,-9.814013237627625585e+01
4.685088749999999891e+02,-9.408112720593931044e+01
4.685091679687500346e+02,-9.181567137351876795e+01
4.685094609375000232e+02,-9.500486703720953585e+01
4.685097539062500118e+02,-1.046241829588655037e+02
4.685100468750000005e+02,-1.040890866432498285e+02
4.685103398437499891e+02,-1.015514997392779009e+02
4.685106328125000346e+02,-1.057329988779099210e+02
4.685109257812500232e+02,-1.154157737304574312e+02
4.685112187500000118e+02,-1.033546182686894781e+02
4.685115117187500005e+02,-1.001404298533818462e+02
4.685118046874999891e+02,-1.121973351982398697e+02
4.685120976562500346e+02,-9.835433628862212174e+01
4.685123906250000232e+02,-9.616219137249947835e+01
4.685126835937500118e+02,-9.620489435882970497e+01
4.685129765625000005e+02,-1.084523283088884682e+02
4.685132695312499891e+02,-1.006029024384601911e+02
4.685135625000000346e+02,-9.860931948356704879e+01
4.685138554687500232e+02,-1.016625531727025731e+02
4.685141484375000118e+02,-1.072169415174976166e+02
4.685144414062500005e+02,-1.016834518431737564e+02
4.685147343749999891e+02,-9.998130956129313063e+01
4.685150273437500346e+02,-1.032916334450895022e+02
4.685153203125000232e+02,-9.624691998168437124e+01
4.685156132812500118e+02,-9.315322096135007257e+01
4.685159062500000005e+02,-9.447597460181751217e+01
4.685161992187499891e+02,-9.848578398148123370e+01
4.685164921875000346e+02,-1.068056064718787326e+02
4.685167851562500232e+02,-9.619382373648335260e+01
4.685170781250000118e+02,-9.831085013513407489e+01
4.685173710937500005e+02,-1.149883143196049389e+02
4.685176640624999891e+02,-1.036377695914499384e+02
4.685179570312500346e+02,-9.743226078419996838e+01
4.685182500000000232e+02,-9.586399148248639790e+01
4.685185429687500118e+02,-1.006522249772676787e+02
4.685188359375000005e+02,-1.013751118097951434e+02
4.685191289062499891e+02,-1.002628788474399215e+02
4.685194218750000346e+02,-9.811236331234370311e+01
4.685197148437500232e+02,-1.097742284388904750e+02
4.685200078125000118e+02,-9.381141976050948017e+01
4.685203007812500005e+02,-9.431552629799328713e+01
4.685205937499999891e+02,-1.015929854597805502e+02
4.685208867187500346e+02,-9.403962104478108586e+01
4.685211796875000232e+02,-9.624020875048006474e+01
4.685214726562500118e+02,-1.160563632780929169e+02
4.685217656250000005e+02,-1.084491429592351750e+02
4.685220585937499891e+02,-9.964033328684101321e+01
4.685223515625000346e+02,-1.063403562157703988e+02
4.685226445312500232e+02,-1.010912815975523529e+02
4.685229375000000118e+02,-1.050411887920923704e+02
4.685232304687500005e+02,-1.050211853826725132e+02
4.685235234374999891e+02,-1.001961102758087634e+02
4.685238164062500346e+02,-9.579615326779375550e+01
4.685241093750000232e+02,-9.470332911887403782e+01
4.685244023437500118e+02,-9.455093788299564039e+01
4.685246953125000005e+02,-9.562141889888444268e+01
4.685249882812499891e+02,-1.001884010765747348e+02
4.685252812500000346e+02,-1.000490862162105685e+02
4.685255742187500232e+02,-1.134249694851570922e+02
4.685258671875000118e+02,-1.065574921956815757e+02
4.685261601562500005e+02,-9.522701967845389959e+01
4.685264531249999891e+02,-9.786350816369659356e+01
4.685267460937500346e+02,-1.059025659980970318e+02
4.685270390625000232e+02,-9.991867187080542578e+01
4.685273320312500118e+02,-1.011967608662783107e+02
4.685276250000000005e+02,-9.648073065809795423e+01
4.685279179687499891e+02,-9.434274161005393466e+01
4.685282109375000346e+02,-9.864562325183925395e+01
4.685285039062500232e+02,-9.737826880019711950e+01
4.685287968750000118e+02,-9.720681309502106160e+01
4.685290898437500005e+02,-9.853026627020753381e+01
4.685293828124999891e+02,-1.057010249672395901e+02
4.685296757812500346e+02,-1.026896194330315097e+02
4.685299687500000232e+02,-9.579149165099724428e+01
4.685302617187500118e+02,-9.096279209434433710e+01
4.685305546875000005e+02,-8.982330749440833983e+01
4.685308476562499891e+02,-9.499895184953024341e+01
4.685311406250000346e+02,-1.179332551004279424e+02
4.685314335937500232e+02,-9.837536762086457998e+01
4.685317265625000118e+02,-1.078545570167447920e+02
4.685320195312500005e+02,-1.138963411730217103e+02
4.685323124999999891e+02,-1.010689308119800813e+02
4.685326054687500346e+02,-1.015840527883466109e+02
4.685328984375000232e+02,-1.030853959299644771e+02
4.685331914062500118e+02,-1.009303427970501161e+02
4.685334843750000005e+02,-9.944888691314289986e+01
4.685337773437499891e+02,-1.264014765181232889e+02
4.685340703125000346e+02,-9.911658696949280056e+01
4.685343632812500232e+02,-1.087978130225920665e+02
4.685346562500000118e+02,-1.053758293184399264e+02
4.685349492187500005e+02,-1.096038863977353941e+02
4.685352421874999891e+02,-1.007528444175036952e+02
4.685355351562500346e+02,-1.010337603360630965e+02
4.685358281250000232e+02,-1.019036660141352115e+02
4.685361210937500118e+02,-1.079700926677607953e+02
4.685364140625000005e+02,-1.022143525060827756e+02
4.685367070312499891e+02,-9.855976618218562635e+01
4.685370000000000346e+02,-9.421407090705790210e+01
4.685372929687500232e+02,-1.017553456349128993e+02
4.685375859375000118e+02,-1.064726004708622895e+02
4.685378789062500005e+02,-1.020878237730857165e+02
4.685381718749999891e+02,-9.629349405362984271e+01
4.685384648437500346e+02,-1.001195838901098512e+02
4.685387578125000232e+02,-1.030506176016670139e+02
4.685390507812500118e+02,-1.050199704388920594e+02
4.685393437500000005e+02,-9.487566058783676226e+01
4.685396367187499891e+02,-1.045577416000130313e+02
4.685399296875000346e+02,-9.776184241208403591e+01
4.685402226562500232e+02,-9.331379963296240021e+01
4.685405156250000118e+02,-9.805902121810456151e+01
4.685408085937500005e+02,-1.061769056890903897e+02
4.685411015624999891e+02,-1.002555668461084650e+02
4.685413945312500346e+02,-9.452491319876445175e+01
4.685416875000000232e+02,-9.757221794187756814e+01
4.685419804687500118e+02,-1.011775359043043636e+02
4.685422734375000005e+02,-1.026190406142791289e+02
4.685425664062499891e+02,-9.865867673228044055e+01
4.685428593750000346e+02,-1.141590392920935670e+02
4.685431523437500232e+02,-1.066236734047195114e+02
4.685434453125000118e+02,-9.970001824012931024e+01
4.685437382812500005e+02,-9.527796331545889075e+01
4.685440312499999891e+02,-9.430569048846649594e+01
4.685443242187500346e+02,-9.854559123919142394e+01
4.685446171875000232e+02,-9.979680611010145697e+01
4.685449101562500118e+02,-1.010976315159329744e+02
4.685452031250000005e+02,-9.451788295054885225e+01
4.685454960937499891e+02,-9.737007996692121026e+01
4.685457890625000346e+02,-1.047744194147537797e+02
4.685460820312500232e+02,-1.157466823917934278e+02
4.685463750000000118e+02,-1.033802525647104460e+02
4.685466679687500005e+02,-9.482853597771922693e+01
4.685469609374999891e+02,-9.340244744880473604e+01
4.685472539062500346e+02,-1.026898504399214289e+02
4.685475468750000232e+02,-9.887977954414522230e+01
4.685478398437500118e+02,-9.987412965835738987e+01
4.685481328125000005e+02,-9.943010259502933934e+01
4.685484257812499891e+02,-9.947133654973335126e+01
4.685487187500000346e+02,-9.916618235726950559e+01
4.685490117187500232e+02,-1.011101158339526620e+02
4.685493046875000118e+02,-9.965144311899847196e+01
4.685495976562500005e+02,-9.534353155159116966e+01
4.685498906249999891e+02,-1.012384068668998225e+02
4.685501835937500346e+02,-1.025196353453786173e+02
4.685504765625000232e+02,-9.993506888128264620e+01
4.685507695312500118e+02,-9.666526918015200920e+01
4.685510625000000005e+02,-9.884755188048541186e+01
4.685513554687499891e+02,-1.018240144811077812e+02
4.685516484375000346e+02,-1.028919097457664122e+02
4.685519414062500232e+02,-1.046620413300804131e+02
4.685522343750000118e+02,-1.092631448660426088e+02
4.685525273437500005e+02,-9.866905005406871965e+01
4.685528203124999891e+02,-1.054885500913220966e+02
4.685531132812500346e+02,-9.947775091354083088e+01
4.685534062500000232e+02,-1.042182851786078004e+02
4.685536992187500118e+02,-9.393937021965155054e+01
4.685539921875000005e+02,-9.037743231257289267e+01
4.685542851562499891e+02,-9.066723191722950048e+01
4.685545781250000346e+02,-1.007291962300234331e+02
4.685548710937500232e+02,-9.884884854209374794e+01
4.685551640625000118e+02,-9.984185439924885941e+01
4.685554570312500005e+02,-1.048324378377674009e+02
4.685557499999999891e+02,-9.895810211814409740e+01
4.685560429687500346e+02,-9.678676059025562495e+01
4.685563359375000232e+02,-1.019558497029157138e+02
4.685566289062500118e+02,-1.089508085566065745e+02
4.685569218750000005e+02,-1.050546807681199937e+02
4.685572148437499891e+02,-9.914451146614845811e+01
4.685575078125000346e+02,-1.011313674951954766e+02
4.685578007812500232e+02,-9.599623920266085975e+01
4.685580937500000118e+02,-9.543418433527594402e+01
4.685583867187500005e+02,-9.444724803857725703e+01
4.685586796874999891e+02,-9.923829243901280961e+01
4.685589726562500346e+02,-9.801408911144436331e+01
4.685592656250000232e+02,-1.008069892091229605e+02
4.685595585937500118e+02,-1.019468622064679977e+02
4.685598515625000005e+02,-9.849653138288087462e+01
4.685601445312499891e+02,-9.697572657539191709e+01
4.685604375000000346e+02,-9.734429066755707538e+01
4.685607304687500232e+02,-9.819391612796044910e+01
4.685610234375000118e+02,-9.694938485853440113e+01
4.685613164062500005e+02,-1.163038776257704683e+02
4.685616093749999891e+02,-9.818150791585824777e+01
4.685619023437500346e+02,-9.858925004015951288e+01
4.685621953125000232e+02,-9.941253212394221350e+01
4.685624882812500118e+02,-9.861694102941976325e+01
4.685627812500000005e+02,-9.859922139797468787e+01
4.685630742187499891e+02,-9.929294720767522620e+01
4.685633671875000346e+02,-1.058157746571535398e+02
4.685636601562500232e+02,-1.020919531662857906e+02
4.685639531250000118e+02,-9.964307585410085721e+01
4.685642460937500005e+02,-1.051127357459836276e+02
4.685645390624999891e+02,-9.675895604258369076e+01
4.685648320312500346e+02,-9.871172594492836083e+01
4.685651250000000232e+02,-1.075174229775337551e+02
4.685654179687500118e+02,-1.006867710020260915e+02
4.685657109375000005e+02,-1.016627988645937108e+02
4.685660039062499891e+02,-9.947558962347657996e+01
4.685662968750000346e+02,-9.930312768058171002e+01
4.685665898437500232e+02,-1.012319342362300887e+02
4.685668828125000118e+02,-9.915986371638949493e+01
4.685671757812500005e+02,-9.570963884077474404e+01
4.685674687499999891e+02,-9.784498488283722395e+01
4.685677617187500346e+02,-9.921229416995339534e+01
4.685680546875000232e+02,-9.999194893698829389e+01
4.685683476562500118e+02,-1.003620187704829334e+02
4.685686406250000005e+02,-1.020345173648309611e+02
4.685689335937499891e+02,-1.050335776351884221e+02
4.685692265625000346e+02,-1.048725272328789799e+02
4.685695195312500232e+02,-1.104422204602719546e+02
4.685698125000000118e+02,-1.040088848911374839e+02
4.685701054687500005e+02,-1.091239754021143682e+02
4.685703984374999891e+02,-1.009016618371285006e+02
4.685706914062500346e+02,-9.498813375160372630e+01
4.685709843750000232e+02,-1.019535050179059823e+02
4.685712773437500118e+02,-9.874112719085444212e+01
4.685715703125000005e+02,-1.023037371177611163e+02
4.685718632812499891e+02,-1.005577507363129399e+02
4.685721562500000346e+02,-1.007242886253761469e+02
4.685724492187500232e+02,-1.061857178165074203e+02
4.685727421875000118e+02,-9.561117391953443700e+01
4.685730351562500005e+02,-9.615564450753318226e+01
4.685733281249999891e+02,-1.005910673108268583e+02
4.685736210937500346e+02,-9.579121388103487789e+01
4.685739140625000232e+02,-9.899421127067492421e+01
4.685742070312500118e+02,-1.123679847894957362e+02
4.685745000000000005e+02,-1.022866276838458077e+02
4.685747929687499891e+02,-1.078606371833114821e+02
4.685750859375000346e+02,-1.208695084959990709e+02
4.685753789062500232e+02,-1.002366741190447499e+02
4.685756718750000118e+02,-9.617682051689214973e+01
4.685759648437500005e+02,-9.510164083918573397e+01
4.685762578124999891e+02,-9.779424756391981077e+01
4.685765507812500346e+02,-9.996383307863069945e+01
4.685768437500000232e+02,-1.099098533048911008e+02
4.685771367187500118e+02,-1.059551385786508320e+02
4.685774296875000005e+02,-1.020373528100202662e+02
4.685777226562499891e+02,-1.067979151792905839e+02
4.685780156250000346e+02,-1.064055252045112070e+02
4.685783085937500232e+02,-1.037646519612031852e+02
4.685786015625000118e+02,-1.117862726594447054e+02
4.685788945312500005e+02,-1.023425057398904272e+02
4.685791874999999891e+02,-9.700455542901089245e+01
4.685794804687500346e+02,-1.003315110558759216e+02
4.685797734375000232e+02,-1.015950221312901931e+02
4.685800664062500118e+02,-9.895214212403271858e+01
4.685803593750000005e+02,-1.041558360189679320e+02
4.685806523437499891e+02,-1.008957606589075482e+02
4.685809453125000346e+02,-9.790145331831639908e+01
4.685812382812500232e+02,-9.889811970346329417e+01
4.685815312500000118e+02,-1.144711574683996815e+02
4.685818242187500005e+02,-9.926019291204390527e+01
4.685821171874999891e+02,-9.449013888274404849e+01
4.685824101562500346e+02,-9.548980823088587044e+01
4.685827031250000232e+02,-9.858359976534606517e+01
4.685829960937500118e+02,-1.076060504455655433e+02
4.685832890625000005e+02,-9.859944669069375323e+01
4.685835820312499891e+02,-1.024573253766251071e+02
4.685838750000000346e+02,-1.098488873113841464e+02
4.685841679687500232e+02,-1.004338544354496463e+02
4.685844609375000118e+02,-1.032495145365103042e+02
4.685847539062500005e+02,-1.003112423947453635e+02
4.685850468749999891e+02,-1.031987182417578879e+02
4.685853398437500346e+02,-1.037028724771817423e+02
4.685856328125000232e+02,-9.931714698173374245e+01
4.685859257812500118e+02,-1.012227604100870337e+02
4.685862187500000005e+02,-1.007851162960042473e+02
4.685865117187499891e+02,-9.640892001400089839e+01
4.685868046875000346e+02,-9.886017014350260013e+01
4.685870976562500232e+02,-1.017410675466306458e+02
4.685873906250000118e+02,-1.026584378747582491e+02
4.685876835937500005e+02,-9.927344189829688048e+01
4.685879765624999891e+02,-1.082822737357816720e+02
4.685882695312500346e+02,-1.030933002650574508e+02
4.685885625000000232e+02,-1.155811908269866422e+02
4.685888554687500118e+02,-1.015853197564241839e+02
4.685891484375000005e+02,-9.558403710041197598e+01
4.685894414062499891e+02,-9.603397740787541181e+01
4.685897343750000346e+02,-9.812648118906241734e+01
4.685900273437500232e+02,-1.011007091042452402e+02
4.685903203125000118e+02,-1.208669776365409518e+02
4.685906132812500005e+02,-9.698172179619226085e+01
4.685909062499999891e+02,-9.532651935870900672e+01
4.685911992187500346e+02,-1.007067770929592712e+02
4.685914921875000232e+02,-9.855983462671838424e+01
4.685917851562500118e+02,-1.075853897679299251e+02
4.685920781250000005e+02,-1.224254520071212937e+02
4.685923710937499891e+02,-1.197934562611182088e+02
4.685926640625000346e+02,-9.574813079830910567e+01
4.685929570312500232e+02,-9.556428560709673548e+01
4.685932500000000118e+02,-1.055005742766047092e+02
4.685935429687500005e+02,-9.897347390301597159e+01
4.685938359374999891e+02,-9.944670324695306363e+01
4.685941289062500346e+02,-9.995070455790551023e+01
4.685944218750000232e+02,-1.162133600372737590e+02
4.685947148437500118e+02,-1.059058751099122873e+02
4.685950078125000005e+02,-1.029459067051541723e+02
4.685953007812499891e+02,-1.046354314431679313e+02
4.685955937500000346e+02,-1.002599435645171297e+02
4.685958867187500232e+02,-9.828012337395034592e+01
4.685961796875000118e+02,-1.047928188007111174e+02
4.685964726562500005e+02,-1.236270928461072742e+02
4.685967656249999891e+02,-1.026296035211278763e+02
4.685970585937500346e+02,-1.113645812934070989e+02
4.685973515625000232e+02,-9.719612203762085301e+01
4.685976445312500118e+02,-9.703854292373394230e+01
4.685979375000000005e+02,-9.883388703854413393e+01
4.685982304687499891e+02,-1.070125717796770317e+02
4.685985234375000346e+02,-1.038052474525865136e+02
4.685988164062500232e+02,-1.050491913720431114e+02
4.685991093750000118e+02,-1.044307262317076379e+02
4.685994023437500005e+02,-9.712500843852667742e+01
4.685996953124999891e+02,-9.793588599286870533e+01
4.685999882812500346e+02,-9.671888482755301197e+01
4.686002812500000232e+02,-9.411675132860159465e+01
4.686005742187500118e+02,-9.875936476851057932e+01
4.686008671875000005e+02,-1.109094512114768634e+02
4.686011601562499891e+02,-1.089612000809113397e+02
4.686014531250000346e+02,-1.014903351342087774e+02
4.686017460937500232e+02,-9.917743939651361984e+01
4.686020390625000118e+02,-1.016521907179664339e+02
4.686023320312500005e+02,-1.018002327859965419e+02
4.686026249999999891e+02,-1.127577281486208136e+02
4.686029179687500346e+02,-1.034031158630347278e+02
4.686032109375000232e+02,-9.756333111150838988e+01
4.686035039062500118e+02,-9.789032059597548141e+01
4.686037968750000005e+02,-9.654556161521026070e+01
4.686040898437499891e+02,-1.034496971121733253e+02
4.686043828125000346e+02,-1.068875864238436861e+02
4.686046757812500232e+02,-1.001475327899327112e+02
4.686049687500000118e+02,-1.070681300783829784e+02
4.686052617187500005e+02,-1.035560530860293937e+02
4.686055546874999891e+02,-9.907426768366437386e+01
4.686058476562500346e+02,-1.099097108658156401e+02
4.686061406250000232e+02,-9.996563648109591327e+01
4.686064335937500118e+02,-9.752397378658781690e+01
4.686067265625000005e+02,-9.849701626255159681e+01
4.686070195312499891e+02,-1.017676676264081124e+02
4.686073125000000346e+02,-9.603617432164732293e+01
4.686076054687500232e+02,-9.789935518823190819e+01
4.686078984375000118e+02,-1.014200980623615180e+02
4.686081914062500005e+02,-1.042344711655156004e+02
4.686084843749999891e+02,-1.166427338576403372e+02
4.686087773437500346e+02,-1.027605570170925091e+02
4.686090703125000232e+02,-1.025688753506943982e+02
4.686093632812500118e+02,-1.170402501759090939e+02
4.686096562500000005e+02,-1.129032900476790360e+02
4.686099492187499891e+02,-1.010015437346942520e+02
4.686102421875000346e+02,-9.974903665832778188e+01
4.686105351562500232e+02,-1.030262743665054614e+02
4.686108281250000118e+02,-1.056932433075193813e+02
4.686111210937500005e+02,-9.668584385454764174e+01
4.686114140624999891e+02,-9.845429547027102046e+01
4.686117070312500346e+02,-1.058350486831011210e+02
4.686120000000000232e+02,-1.165074635062314456e+02
4.686122929687500118e+02,-1.071406002270424409e+02
4.686125859375000005e+02,-1.174305688094570854e+02
4.686128789062499891e+02,-1.125584446616975072e+02
4.686131718750000346e+02,-1.039902872110126708e+02
4.686134648437500232e+02,-1.005519161231885192e+02
4.686137578125000118e+02,-9.767118199835169889e+01
4.686140507812500005e+02,-1.019293869488133595e+02
4.686143437499999891e+02,-1.036055876574907302e+02
4.686146367187500346e+02,-9.808657916115672037e+01
4.686149296875000232e+02,-9.977628044240748295e+01
4.686152226562500118e+02,-9.884767803659767083e+01
4.686155156250000005e+02,-1.068410782136246127e+02
4.686158085937499891e+02,-1.025445955957178654e+02
4.686161015625000346e+02,-9.915866302685435585e+01
4.686163945312500232e+02,-9.642786950760421405e+01
4.686166875000000118e+02,-9.667129089990199020e+01
4.686169804687500005e+02,-9.699415582685904269e+01
4.686172734374999891e+02,-1.020087379219652632e+02
4.686175664062500346e+02,-1.055213097626685794e+02
4.686178593750000232e+02,-9.952602261985113330e+01
4.686181523437500118e+02,-9.641585670814528441e+01
4.686184453125000005e+02,-9.785187031901122623e+01
4.686187382812499891e+02,-1.003547945523063447e+02
4.686190312500000346e+02,-1.074949893977906754e+02
4.686193242187500232e+02,-9.858569559837934548e+01
4.686196171875000118e+02,-9.975227496788677684e+01
4.686199101562500005e+02,-1.090336162896610830e+02
4.686202031249999891e+02,-1.045209652244532208e+02
4.686204960937500346e+02,-1.045538231120685424e+02
4.686207890625000232e+02,-9.765246418215268420e+01
4.686210820312500118e+02,-1.012463610744284495e+02
4.686213750000000005e+02,-9.924938291503721643e+01
4.686216679687499891e+02,-1.050155334369293882e+02
4.686219609375000346e+02,-9.671073694672300292e+01
4.686222539062500232e+02,-1.039677164331793051e+02
4.686225468750000118e+02,-1.061790028705098905e+02
4.686228398437500005e+02,-1.058751123233080023e+02
4.686231328124999891e+02,-1.003975269197260758e+02
4.686234257812500346e+02,-1.081854872969342551e+02
4.686237187500000232e+02,-1.102889119061749739e+02
4.686240117187500118e+02,-9.440103714734419782e+01
4.686243046875000005e+02,-9.463382356926598504e+01
4.686245976562499891e+02,-1.076805375514475998e+02
4.686248906250000346e+02,-1.086462588065924564e+02
4.686251835937500232e+02,-1.171385167359046164e+02
4.686254765625000118e+02,-9.926176141411303888e+01
4.686257695312500005e+02,-1.033673010916076294e+02
4.686260624999999891e+02,-1.027677061813349724e+02
4.686263554687500346e+02,-1.021017846186487219e+02
4.686266484375000232e+02,-1.101424870545782539e+02
4.686269414062500118e+02,-1.213867668247503389e+02
4.686272343750000005e+02,-9.970384835514040844e+01
4.686275273437499891e+02,-9.929167832669044458e+01
4.686278203125000346e+02,-1.079657625449496692e+02
4.686281132812500232e+02,-1.001213712174870949e+02
4.686284062500000118e+02,-1.067376340208475938e+02
4.686286992187500005e+02,-1.147753975572218224e+02
4.686289921874999891e+02,-1.135283998576095996e+02
4.686292851562500346e+02,-1.049429826184259014e+02
4.686295781250000232e+02,-9.977763764846024230e+01
4.686298710937500118e+02,-9.883621354280572291e+01
4.686301640625000005e+02,-1.058434442908048680e+02
4.686304570312499891e+02,-9.969826827303560890e+01
4.686307500000000346e+02,-9.816538734772629482e+01
4.686310429687500232e+02,-1.034320183291663255e+02
4.686313359375000118e+02,-1.063840673011746958e+02
4.686316289062500005e+02,-1.081308503865679569e+02
4.686319218749999891e+02,-1.030507771282406395e+02
4.686322148437500346e+02,-1.037558125355830043e+02
4.686325078125000232e+02,-9.718064561433577353e+01
4.686328007812500118e+02,-9.630845059388178697e+01
4.686330937500000005e+02,-9.764358300018629677e+01
4.686333867187499891e+02,-9.992779243866681327e+01
4.686336796875000346e+02,-1.039249897519967902e+02
4.686339726562500232e+02,-1.010476385301782756e+02
4.686342656250000118e+02,-9.978192710615903138e+01
4.686345585937500005e+02,-1.021328979551270635e+02
4.686348515624999891e+02,-1.104959706465015188e+02
4.686351445312500346e+02,-1.002696219966048972e+02
4.686354375000000232e+02,-1.072606922896983690e+02
4.686357304687500118e+02,-1.060118117227409442e+02
4.686360234375000005e+02,-1.038007097554539371e+02
4.686363164062499891e+02,-1.060945708008554789e+02
4.686366093750000346e+02,-1.016438739857866835e+02
4.686369023437500232e+02,-1.065835445820720793e+02
4.686371953125000118e+02,-1.103131159920596360e+02
4.686374882812500005e+02,-1.239019475350366548e+02
4.686377812499999891e+02,-1.053193923958043712e+02
4.686380742187500346e+02,-1.015932612704197879e+02
4.686383671875000232e+02,-1.003102828048224069e+02
4.686386601562500118e+02,-1.105010090157146010e+02
4.686389531250000005e+02,-1.016021938373562250e+02
4.686392460937499891e+02,-1.001029921139604397e+02
4.686395390625000346e+02,-9.704917500985479251e+01
4.686398320312500232e+02,-1.036392986240111043e+02
4.686401250000000118e+02,-1.096832920802162192e+02
4.686404179687500005e+02,-1.031452494408777767e+02
4.686407109374999891e+02,-1.017331372253294006e+02
4.686410039062500346e+02,-9.952048643973624564e+01
4.686412968750000232e+02,-9.937178801892015656e+01
4.686415898437500118e+02,-9.813678883566643663e+01
4.686418828125000005e+02,-9.933389920692134467e+01
4.686421757812499891e+02,-1.044889094513208363e+02
4.686424687500000346e+02,-1.032712781283960339e+02
4.686427617187500232e+02,-9.950975688036919564e+01
4.686430546875000118e+02,-1.060740916945877927e+02
4.686433476562500005e+02,-1.102638169300986419e+02
4.686436406249999891e+02,-1.016829354081330052e+02
4.686439335937500346e+02,-1.029351474820856822e+02
4.686442265625000232e+02,-9.674753296133647495e+01
4.686445195312500118e+02,-9.898864769730465696e+01
4.686448125000000005e+02,-1.124778480975499662e+02
4.686451054687499891e+02,-1.098078243308448236e+02
4.686453984375000346e+02,-9.927643667449879672e+01
4.686456914062500232e+02,-1.012191807628447293e+02
4.686459843750000118e+02,-9.910207612576675729e+01
4.686462773437500005e+02,-1.036111937429760701e+02
4.686465703124999891e+02,-9.836816261546978524e+01
4.686468632812500346e+02,-1.008780668028033602e+02
4.686471562500000232e+02,-9.920015634670077986e+01
4.686474492187500118e+02,-1.004486412244443585e+02
4.686477421875000005e+02,-9.885635825538588506e+01
4.686480351562499891e+02,-9.582574932236759935e+01
4.686483281250000346e+02,-1.010622677996044558e+02
4.686486210937500232e+02,-1.035123864183993021e+02
4.686489140625000118e+02,-1.022933615156589440e+02
4.686492070312500005e+02,-1.137772003798635296e+02
4.686494999999999891e+02,-9.959742433179994237e+01
4.686497929687500346e+02,-1.036785331588061467e+02
4.686500859375000232e+02,-1.098081029642571593e+02
4.686503789062500118e+02,-1.086853852685169244e+02
4.686506718750000005e+02,-1.026879444397826546e+02
4.686509648437499891e+02,-1.109208508731263976e+02
4.686512578125000346e+02,-1.102728890994539057e+02
4.686515507812500232e+02,-1.110832103919658493e+02
4.686518437500000118e+02,-1.051401825492870756e+02
4.686521367187500005e+02,-1.020555936518269249e+02
4.686524296874999891e+02,-1.085330196229785003e+02
4.686527226562500346e+02,-1.004544143461797603e+02
4.686530156250000232e+02,-1.051581595489202527e+02
4.686533085937500118e+02,-1.199895129778880118e+02
4.686536015625000005e+02,-1.112289834772434176e+02
4.686538945312499891e+02,-1.041142202933060332e+02
4.686541875000000346e+02,-1.028388406867677816e+02
4.686544804687500232e+02,-1.048816719176091681e+02
4.686547734375000118e+02,-1.143790158582360732e+02
4.686550664062500005e+02,-1.080302973621570857e+02
4.686553593749999891e+02,-1.079023043181564248e+02
4.686556523437500346e+02,-9.867326585474343403e+01
4.686559453125000232e+02,-1.010574632027141888e+02
4.686562382812500118e+02,-1.020414276360556585e+02
4.686565312500000005e+02,-1.036624685587596275e+02
4.686568242187499891e+02,-9.904111095897152950e+01
4.686571171875000346e+02,-1.000864519219063311e+02
4.686574101562500232e+02,-1.028217279710170970e+02
4.686577031250000118e+02,-9.749878695195862122e+01
4.686579960937500005e+02,-1.021497347463794654e+02
4.686582890624999891e+02,-1.107625076199902594e+02
4.686585820312500346e+02,-1.011517902043750325e+02
4.686588750000000232e+02,-1.013939891122738572e+02
4.686591679687500118e+02,-1.012966043653871537e+02
4.686594609375000005e+02,-9.866891202486705481e+01
4.686597539062499891e+02,-9.958082504266700141e+01
4.686600468750000346e+02,-1.147763199646493746e+02
4.686603398437500232e+02,-1.087945333129229084e+02
4.686606328125000118e+02,-1.057377719625477255e+02
4.686609257812500005e+02,-1.020830444296428965e+02
4.686612187499999891e+02,-9.999868504642834921e+01
4.686615117187500346e+02,-1.085857136511118313e+02
4.686618046875000232e+02,-1.058434158703598769e+02
4.686620976562500118e+02,-1.046757323822366175e+02
4.686623906250000005e+02,-1.043593996140170788e+02
4.686626835937499891e+02,-1.065355610597156897e+02
4.686629765625000346e+02,-1.031691334790819070e+02
4.686632695312500232e+02,-9.781231157488518591e+01
4.686635625000000118e+02,-9.947271944839010871e+01
4.686638554687500005e+02,-1.063987481649276390e+02
4.686641484374999891e+02,-1.132019650992072570e+02
4.686644414062500346e+02,-1.052484898439032861e+02
4.686647343750000232e+02,-1.002199092415552002e+02
4.686650273437500118e+02,-1.014822530026593768e+02
4.686653203125000005e+02,-1.028658423292775410e+02
4.686656132812499891e+02,-1.165260222579398715e+02
4.686659062500000346e+02,-1.018649927294534052e+02
4.686661992187500232e+02,-1.009729767967068312e+02
4.686664921875000118e+02,-1.029173550683517391e+02
4.686667851562500005e+02,-9.889492435587499131e+01
4.686670781249999891e+02,-9.946932345742692405e+01
4.686673710937500346e+02,-1.043461090434235530e+02
4.686676640625000232e+02,-1.038988270878580522e+02
4.686679570312500118e+02,-1.007236780088291823e+02
4.686682500000000005e+02,-1.105195207669640922e+02
4.686685429687499891e+02,-1.052077096387878896e+02
4.686688359375000346e+02,-1.001858427879510316e+02
4.686691289062500232e+02,-1.020691017613186915e+02
4.686694218750000118e+02,-1.003523744557177508e+02
4.686697148437500005e+02,-1.056745745044451610e+02
4.686700078124999891e+02,-1.043899266062022235e+02
4.686703007812500346e+02,-1.037637844206893476e+02
4.686705937500000232e+02,-1.003301749961744065e+02
4.686708867187500118e+02,-1.001916249220210489e+02
4.686711796875000005e+02,-1.035439953210817805e+02
4.686714726562499891e+02,-1.015444330108058466e+02
4.686717656250000346e+02,-1.049750352893128706e+02
4.686720585937500232e+02,-1.115385813064186777e+02
4.686723515625000118e+02,-1.173064364430623812e+02
4.686726445312500005e+02,-1.046278831061435142e+02
4.686729374999999891e+02,-1.035020499991025531e+02
4.686732304687500346e+02,-1.212183735168993195e+02
4.686735234375000232e+02,-1.001206238682757714e+02
4.686738164062500118e+02,-9.851367478322703164e+01
4.686741093750000005e+02,-1.021056058216380933e+02
4.686744023437499891e+02,-1.127945541177360269e+02
4.686746953125000346e+02,-1.069477156358813232e+02
4.686749882812500232e+02,-1.125216442731296809e+02
4.686752812500000118e+02,-1.100776538181062989e+02
4.686755742187500005e+02,-1.151879721965287615e+02
4.686758671874999891e+02,-1.124159107972969025e+02
4.686761601562500346e+02,-1.090841816864375176e+02
4.686764531250000232e+02,-1.037076939504468669e+02
4.686767460937500118e+02,-1.027509899237808497e+02
4.686770390625000005e+02,-1.126080292821527280e+02
4.686773320312499891e+02,-1.055238643543789294e+02
4.686776250000000346e+02,-1.012717990403605484e+02
4.686779179687500232e+02,-1.123645020365695757e+02
4.686782109375000118e+02,-1.011933738295481362e+02
4.686785039062500005e+02,-9.676066713616320669e+01
4.686787968749999891e+02,-9.883494423423857711e+01
4.686790898437500346e+02,-1.005686545321890719e+02
4.686793828125000232e+02,-1.062371743792228642e+02
4.686796757812500118e+02,-1.027026328930315628e+02
4.686799687500000005e+02,-1.065754934193235783e+02
4.686802617187499891e+02,-1.017023002855753191e+02
4.686805546875000346e+02,-1.000182220825858508e+02
4.686808476562500232e+02,-9.858134998410463368e+01
4.686811406250000118e+02,-1.019822206837780527e+02
4.686814335937500005e+02,-1.091426423037333251e+02
4.686817265624999891e+02,-1.065462480553233320e+02
4.686820195312500346e+02,-1.070392755936788234e+02
4.686823125000000232e+02,-1.089294072955661221e+02
4.686826054687500118e+02,-9.929900616480321673e+01
4.686828984375000005e+02,-9.720216024232358620e+01
4.686831914062499891e+02,-9.762591846716539123e+01
4.686834843750000346e+02,-1.010194172188823103e+02
4.686837773437500232e+02,-9.982246497199570001e+01
4.686840703125000118e+02,-1.026611961252770016e+02
4.686843632812500005e+02,-1.077020784486519034e+02
4.686846562499999891e+02,-1.117225851318789012e+02
4.686849492187500346e+02,-1.135785474762803631e+02
4.686852421875000232e+02,-1.048521131061882556e+02
4.686855351562500118e+02,-1.019073245997721955e+02
4.686858281250000005e+02,-1.020058244740334885e+02
4.686861210937499891e+02,-1.021133245916721251e+02
4.686864140625000346e+02,-1.061673408011244959e+02
4.686867070312500232e+02,-1.050940309955057472e+02
4.686870000000000118e+02,-1.068561962863393262e+02
4.686872929687500005e+02,-1.100272816572266663e+02
4.686875859374999891e+02,-1.100140432120895753e+02
4.686878789062500346e+02,-1.025635800824111072e+02
4.686881718750000232e+02,-9.998491785650136876e+01
4.686884648437500118e+02,-1.036849199150584013e+02
4.686887578125000005e+02,-1.153588720896766802e+02
4.686890507812499891e+02,-1.081086867283204214e+02
4.686893437500000346e+02,-1.072893770233643664e+02
4.686896367187500232e+02,-1.044598016737342903e+02
4.686899296875000118e+02,-1.037329259909657395e+02
4.686902226562500005e+02,-1.200409361830151340e+02
4.686905156249999891e+02,-1.003044926258092175e+02
4.686908085937500346e+02,-9.650024114063799630e+01
4.686911015625000232e+02,-9.862628090155185134e+01
4.686913945312500118e+02,-1.040831050939437574e+02
4.686916875000000005e+02,-1.052970910893752716e+02
4.686919804687499891e+02,-1.001325299414435221e+02
4.686922734375000346e+02,-1.103004833396772568e+02
4.686925664062500232e+02,-1.003879392914899427e+02
4.686928593750000118e+02,-9.820374416265434547e+01
4.686931523437500005e+02,-1.084966900375587073e+02
4.686934453124999891e+02,-1.064210912448448028e+02
4.686937382812500346e+02,-1.057125004865829681e+02
4.686940312500000232e+02,-1.007410625372254458e+02
4.686943242187500118e+02,-1.015136784704708504e+02
4.686946171875000005e+02,-1.027465445195460063e+02
4.686949101562499891e+02,-1.183540322849093798e+02
4.686952031250000346e+02,-1.161831332954900518e+02
4.686954960937500232e+02,-1.047031588865443297e+02
4.686957890625000118e+02,-1.018294410163637878e+02
4.686960820312500005e+02,-1.020589668642085854e+02
4.686963749999999891e+02,-1.075037584190947655e+02
4.686966679687500346e+02,-1.064493116401594932e+02
4.686969609375000232e+02,-1.038038137999801620e+02
4.686972539062500118e+02,-9.895152618452549120e+01
4.686975468750000005e+02,-1.081652231101176369e+02
4.686978398437499891e+02,-1.014373527434644870e+02
4.686981328125000346e+02,-9.798495668184806107e+01
4.686984257812500232e+02,-1.029822998535330925e+02
4.686987187500000118e+02,-1.114111333846145442e+02
4.686990117187500005e+02,-1.188168345812272833e+02
4.686993046874999891e+02,-1.117462241368890545e+02
4.686995976562500346e+02,-1.262106548937448025e+02
4.686998906250000232e+02,-1.041090539686289986e+02
4.687001835937500118e+02,-1.097117567645353517e+02
4.687004765625000005e+02,-1.134215758649190917e+02
4.687007695312499891e+02,-1.161811114665775904e+02
4.687010625000000346e+02,-1.041018350649486592e+02
4.687013554687500232e+02,-1.001649698068509622e+02
4.687016484375000118e+02,-9.855536460730915849e+01
4.687019414062500005e+02,-1.061566643506170067e+02
4.687022343749999891e+02,-1.002159910377021248e+02
4.687025273437500346e+02,-9.801978507960278364e+01
4.687028203125000232e+02,-1.021376037447657126e+02
4.687031132812500118e+02,-1.161327975349240660e+02
4.687034062500000005e+02,-1.120880484789805678e+02
4.687036992187499891e+02,-1.081024828763365804e+02
4.687039921875000346e+02,-1.049291071463182163e+02
4.687042851562500232e+02,-1.139036185027557622e+02
4.687045781250000118e+02,-1.164639195606970787e+02
4.687048710937500005e+02,-1.018474528361745683e+02
4.687051640624999891e+02,-1.043706504783993410e+02
4.687054570312500346e+02,-1.098460104706396123e+02
4.687057500000000232e+02,-1.057517706242285129e+02
4.687060429687500118e+02,-1.029990143623767693e+02
4.687063359375000005e+02,-1.022462220924171703e+02
4.687066289062499891e+02,-1.051372023658161794e+02
4.687069218750000346e+02,-1.016828631131069329e+02
4.687072148437500232e+02,-1.016331017259765304e+02
4.687075078125000118e+02,-1.104506351992105238e+02
4.687078007812500005e+02,-9.947237376833770384e+01
4.687080937499999891e+02,-1.027139901070166559e+02
4.687083867187500346e+02,-1.025482590634551485e+02
4.687086796875000232e+02,-1.129649903963215820e+02
4.687089726562500118e+02,-1.129166715659818294e+02
4.687092656250000005e+02,-1.030208831709543347e+02
4.687095585937499891e+02,-1.008337734135122474e+02
4.687098515625000346e+02,-1.043285648180386147e+02
4.687101445312500232e+02,-1.080604992544535747e+02
4.687104375000000118e+02,-1.127713124574197110e+02
4.687107304687500005e+02,-1.048025989114655090e+02
4.687110234374999891e+02,-1.004680450826484162e+02
4.687113164062500346e+02,-1.031502574104931114e+02
4.687116093750000232e+02,-1.004437104412950248e+02
4.687119023437500118e+02,-9.898924138874926371e+01
4.687121953125000005e+02,-1.024221788209789139e+02
4.687124882812499891e+02,-1.045181275666487295e+02
4.687127812500000346e+02,-1.002058526157472045e+02
4.687130742187500232e+02,-1.084526047857752786e+02
4.687133671875000118e+02,-1.030285675417392781e+02
4.687136601562500005e+02,-1.105567217281936365e+02
4.687139531249999891e+02,-1.083209386376047405e+02
4.687142460937500346e+02,-1.030693684230142395e+02
4.687145390625000232e+02,-1.065168124745773639e+02
4.687148320312500118e+02,-1.195608989885339781e+02
4.687151250000000005e+02,-1.076210920571414249e+02
4.687154179687499891e+02,-1.009907515581932245e+02
4.687157109375000346e+02,-1.128512056785215236e+02
4.687160039062500232e+02,-1.186888627577657331e+02
4.687162968750000118e+02,-1.039754190298059768e+02
4.687165898437500005e+02,-1.006879628498513313e+02
4.687168828124999891e+02,-1.059231671951516773e+02
4.687171757812500346e+02,-1.024477850735737547e+02
4.687174687500000232e+02,-9.664369991995232567e+01
4.687177617187500118e+02,-1.114116568629066393e+02
4.687180546875000005e+02,-1.124933314147354082e+02
4.687183476562499891e+02,-1.111749787179707738e+02
4.687186406250000346e+02,-1.024737315117468768e+02
4.687189335937500232e+02,-1.057246076156348238e+02
4.687192265625000118e+02,-1.025911402520701188e+02
4.687195195312500005e+02,-9.946891948431786545e+01
4.687198124999999891e+02,-9.803130710517882562e+01
4.687201054687500346e+02,-1.031464228661324256e+02
4.687203984375000232e+02,-1.035624049925438044e+02
4.687206914062500118e+02,-1.026050634257303216e+02
4.687209843750000005e+02,-1.041098820681508244e+02
4.687212773437499891e+02,-1.000362857031946078e+02
4.687215703125000346e+02,-9.767601645332803173e+01
4.687218632812500232e+02,-1.032652492467201171e+02
4.687221562500000118e+02,-1.106384765794381906e+02
4.687224492187500005e+02,-1.014339094561439651e+02
4.687227421874999891e+02,-9.866715043953361430e+01
4.687230351562500346e+02,-1.022758586789201161e+02
4.687233281250000232e+02,-1.008876464261218757e+02
4.687236210937500118e+02,-1.016571306597710986e+02
4.687239140625000005e+02,-1.046303996300578092e+02
4.687242070312499891e+02,-1.110740244219850723e+02
4.687245000000000346e+02,-1.036212424100705078e+02
4.687247929687500232e+02,-1.086362283793813930e+02
4.687250859375000118e+02,-1.009668275312033501e+02
4.687253789062500005e+02,-1.010452878105914323e+02
4.687256718749999891e+02,-1.022548381098449823e+02
4.687259648437500346e+02,-1.076317892961463940e+02
4.687262578125000232e+02,-1.132518358327755124e+02
4.687265507812500118e+02,-1.164252008015501048e+02
4.687268437500000005e+02,-1.180536043949943092e+02
4.687271367187499891e+02,-1.088759881004832266e+02
4.687274296875000346e+02,-1.089053060446902066e+02
4.687277226562500232e+02,-1.070252890837530799e+02
4.687280156250000118e+02,-1.187932292722277055e+02
4.687283085937500005e+02,-1.141381056901782500e+02
4.687286015624999891e+02,-1.191013120982599389e+02
4.687288945312500346e+02,-1.154439904278143700e+02
4.687291875000000232e+02,-1.073399153306530707e+02
4.687294804687500118e+02,-1.070504594269188487e+02
4.687297734375000005e+02,-1.079271607898720333e+02
4.687300664062499891e+02,-1.046717330878372536e+02
4.687303593750000346e+02,-1.094279003831480850e+02
4.687306523437500232e+02,-1.216790606264658834e+02
4.687309453125000118e+02,-1.073479749591852794e+02
4.687312382812500005e+02,-1.197421391108457414e+02
4.687315312499999891e+02,-1.065195216463628185e+02
4.687318242187500346e+02,-1.133999077268476441e+02
4.687321171875000232e+02,-1.037494479495700830e+02
4.687324101562500118e+02,-1.042225458780130793e+02
4.687327031250000005e+02,-1.009819406074979753e+02
4.687329960937499891e+02,-9.953081304610860514e+01
4.687332890625000346e+02,-9.920076595176233525e+01
4.687335820312500232e+02,-1.036028321113208222e+02
4.687338750000000118e+02,-1.061636968588815222e+02
4.687341679687500005e+02,-1.020686403956059678e+02
4.687344609374999891e+02,-1.072231713329795610e+02
4.687347539062500346e+02,-1.044560554818777831e+02
4.687350468750000232e+02,-1.023677793677761514e+02
4.687353398437500118e+02,-1.093515990612632720e+02
4.687356328125000005e+02,-1.135961934142743104e+02
4.687359257812499891e+02,-1.085742224997876662e+02
4.687362187500000346e+02,-9.960824916479607793e+01
4.687365117187500232e+02,-1.004279028038806416e+02
4.687368046875000118e+02,-1.014851421305779553e+02
4.687370976562500005e+02,-9.878020296449732029e+01
4.687373906249999891e+02,-1.081311924417375963e+02
4.687376835937500346e+02,-1.126793705964975487e+02
4.687379765625000232e+02,-1.051259519422617075e+02
4.687382695312500118e+02,-1.101534341422339338e+02
4.687385625000000005e+02,-1.075923238816026384e+02
4.687388554687499891e+02,-1.039260839687412528e+02
4.687391484375000346e+02,-1.007035672150889383e+02
4.687394414062500232e+02,-1.044878834037315727e+02
4.687397343750000118e+02,-1.044121383437128969e+02
4.687400273437500005e+02,-1.174749780151842771e+02
4.687403203124999891e+02,-1.011803245066540882e+02
4.687406132812500346e+02,-1.013843345486332481e+02
4.687409062500000232e+02,-1.028089362502873598e+02
4.687411992187500118e+02,-1.093214926653335795e+02
4.687414921875000005e+02,-1.066206742415809003e+02
4.687417851562499891e+02,-1.068550502720081568e+02
4.687420781250000346e+02,-1.050022304492800487e+02
4.687423710937500232e+02,-1.060706947811366518e+02
4.687426640625000118e+02,-1.067587142741256088e+02
4.687429570312500005e+02,-1.056936371582718834e+02
4.687432499999999891e+02,-1.035343591102670899e+02
4.687435429687500346e+02,-1.073559505270831949e+02
4.687438359375000232e+02,-1.324486683554008266e+02
4.687441289062500118e+02,-1.040518081404080561e+02
4.687444218750000005e+02,-1.004978038769847473e+02
4.687447148437499891e+02,-9.622125428813383508e+01
4.687450078125000346e+02,-1.075451342359828288e+02
4.687453007812500232e+02,-1.100815557315478088e+02
4.687455937500000118e+02,-1.015035591479519042e+02
4.687458867187500005e+02,-9.972239289762217140e+01
4.687461796874999891e+02,-1.059250855789106538e+02
4.687464726562500346e+02,-1.071285623996870839e+02
4.687467656250000232e+02,-1.033901659203863090e+02
4.687470585937500118e+02,-1.017788949078713898e+02
4.687473515625000005e+02,-9.733191787539077211e+01
4.687476445312499891e+02,-9.990852595136144032e+01
4.687479375000000346e+02,-1.100326691676701216e+02
4.687482304687500232e+02,-1.034190404002020358e+02
4.687485234375000118e+02,-1.016867733993903045e+02
4.687488164062500005e+02,-1.032142994239854943e+02
4.687491093749999891e+02,-1.035252433454448351e+02
4.687494023437500346e+02,-1.068445838239089909e+02
4.687496953125000232e+02,-1.080122412840033519e+02
4.687499882812500118e+02,-1.013352566331697346e+02
4.687502812500000005e+02,-1.055528887021002618e+02
4.687505742187499891e+02,-1.047229700220912036e+02
4.687508671875000346e+02,-1.053188774429142711e+02
4.687511601562500232e+02,-1.050717035592449804e+02
4.687514531250000118e+02,-1.007805918834074816e+02
4.687517460937500005e+02,-1.036376201620621771e+02
4.687520390624999891e+02,-1.061395585934111239e+02
4.687523320312500346e+02,-1.205233791915761969e+02
4.687526250000000232e+02,-1.119066390640768560e+02
4.687529179687500118e+02,-1.024911460246881632e+02
4.687532109375000005e+02,-1.062010542924842014e+02
4.687535039062499891e+02,-1.136915123843112241e+02
4.687537968750000346e+02,-1.058484208373503748e+02
4.687540898437500232e+02,-1.038736902387248335e+02
4.687543828125000118e+02,-1.004976868014650790e+02
4.687546757812500005e+02,-1.191436971089335373e+02
4.687549687499999891e+02,-1.047100209440211671e+02
4.687552617187500346e+02,-1.111994296988226267e+02
4.687555546875000232e+02,-9.996254341684715428e+01
4.687558476562500118e+02,-1.024655827419083920e+02
4.687561406250000005e+02,-1.052536480626775983e+02
4.687564335937499891e+02,-1.200799062790103022e+02
4.687567265625000346e+02,-1.028774662397125610e+02
4.687570195312500232e+02,-9.972660993713468258e+01
4.687573125000000118e+02,-1.104320797145044821e+02
4.687576054687500005e+02,-1.154867654366823757e+02
4.687578984374999891e+02,-1.039160260439954584e+02
4.687581914062500346e+02,-1.008281709365478207e+02
4.687584843750000232e+02,-1.036866656317922093e+02
4.687587773437500118e+02,-9.685773244328692044e+01
4.687590703125000005e+02,-9.693041038299143963e+01
4.687593632812499891e+02,-1.014745851918439001e+02
4.687596562500000346e+02,-1.084684386679682859e+02
4.687599492187500232e+02,-1.033061496975297047e+02
4.687602421875000118e+02,-1.002955979513460392e+02
4.687605351562500005e+02,-1.002417072177216397e+02
4.687608281249999891e+02,-9.953638726122427727e+01
4.687611210937500346e+02,-9.689437031057482841e+01
4.687614140625000232e+02,-9.852716588608588211e+01
4.687617070312500118e+02,-1.055448704872142116e+02
